Name: bar-n5-m4-c2-OD0.6
Type: GPDPOD-IMC
Commodity type: 4
Compartment num: 2
CapacityHD: 100
VehicleHDs: 2
CapacityOD: 50
VehicleODs: 0
ID Xc Yc DEMAND StartT EndT SerT PairedID
0,41.3722496,2.1636008,[0, 0, 0, 0],0,240,0,0
1,41.3830452,2.0762528,[14, 6, 2, 34],56,176,10,3
2,41.4487614,2.2160931,[7, 2, 1, 10],117,237,10,4
3,41.4008741,2.1610253,[-14, -6, -2, -34],88,208,10,1
4,41.4029761,2.1475665,[-7, -2, -1, -10],142,231,10,2
StartID EndID StartX StartY EndX EndY StartT EndT
5,8,41.4623355,2.2014148,41.3832447,2.074934,75,522
6,9,41.3736968,2.1209403,41.4077817,2.1493673,66,486
7,10,41.4439526,2.0660729,41.4510034,2.1897076,0,447
edge
0,17,17,10,10,18,10,18,17,10,19
16,0,22,17,15,22,9,17,2,15,20
16,20,0,14,15,5,20,20,20,14,7
9,15,15,0,5,15,10,16,15,5,14
9,14,15,5,0,15,9,13,14,3,13
18,20,5,15,14,0,19,20,20,14,7
9,9,21,12,10,20,0,16,9,10,19
19,15,21,16,13,20,15,0,15,13,19
16,1,23,17,15,22,9,18,0,15,21
10,13,14,5,3,13,9,12,13,0,12
17,18,7,12,12,6,17,18,18,12,0
