Name: bar-n60-m4-c2-OD0.8
Type: GPDPOD-IMC
Commodity type: 4
Compartment num: 2
CapacityHD: 100
VehicleHDs: 14
CapacityOD: 50
VehicleODs: 0
ID Xc Yc DEMAND StartT EndT SerT PairedID
0,41.3722496,2.1636008,[0, 0, 0, 0],0,240,0,0
1,41.462595,2.2032144,[14, 6, 2, 22],0,86,10,31
2,41.3242511,2.0918881,[3, 1, 0, 7],62,182,10,32
3,41.3584274,2.1049355,[7, 2, 1, 15],111,231,10,33
4,41.4259211,2.1671663,[14, 6, 2, 19],13,133,10,34
5,41.3830452,2.0762528,[14, 6, 2, 34],56,176,10,35
6,41.3189186,2.1017005,[14, 6, 2, 7],0,240,10,36
7,41.352645,2.110783,[14, 6, 2, 24],66,186,10,37
8,41.357915,2.0903896,[3, 1, 0, 8],33,153,10,38
9,41.364272,2.0908178,[14, 6, 2, 30],49,169,10,39
10,41.3995238,2.1961495,[14, 6, 2, 30],83,203,10,40
11,41.3284942,2.086668,[7, 2, 1, 15],0,76,10,41
12,41.3544296,2.0735694,[14, 6, 2, 16],25,145,10,42
13,41.4493212,2.210935,[7, 2, 1, 5],25,145,10,43
14,41.4072565,2.1217426,[14, 6, 2, 18],0,102,10,44
15,41.4512399,2.215386,[7, 2, 1, 14],0,99,10,45
16,41.429631,2.2253478,[7, 2, 1, 6],70,190,10,46
17,41.4502702,2.2114644,[14, 6, 2, 23],0,108,10,47
18,41.4436929,2.2246727,[14, 6, 2, 23],0,240,10,48
19,41.4404673,2.2378337,[14, 6, 2, 29],0,82,10,49
20,41.3282617,2.0916566,[14, 6, 2, 22],0,94,10,50
21,41.4368981,2.2348379,[14, 6, 2, 19],127,240,10,51
22,41.401785,2.1156419,[14, 6, 2, 13],43,163,10,52
23,41.3812716,2.1648239,[14, 6, 2, 25],0,240,10,53
24,41.448413,2.2080373,[14, 6, 2, 24],94,214,10,54
25,41.4425434,2.213546,[14, 6, 2, 9],59,179,10,55
26,41.4449641,2.2128698,[14, 6, 2, 11],105,225,10,56
27,41.4573762,2.2175219,[3, 6, 1, 4],64,184,10,57
28,41.4548986,2.2100092,[14, 6, 2, 29],129,240,10,58
29,41.4520389,2.2273956,[14, 6, 2, 33],93,213,10,59
30,41.4503532,2.2250068,[3, 6, 1, 4],95,215,10,60
31,41.4351116,2.1668645,[-14, -6, -2, -22],19,139,10,1
32,41.4381083,2.20708,[-3, -1, 0, -7],95,215,10,2
33,41.4311022,2.1876125,[-7, -2, -1, -15],151,224,10,3
34,41.4691634,2.0755153,[-14, -6, -2, -19],44,164,10,4
35,41.4008741,2.1610253,[-14, -6, -2, -34],88,208,10,5
36,41.4269596,2.2253214,[-14, -6, -2, -7],0,240,10,6
37,41.3701104,2.1271576,[-14, -6, -2, -24],84,204,10,7
38,41.4207853,2.1543114,[-3, -1, 0, -8],59,179,10,8
39,41.4432,2.22515,[-14, -6, -2, -30],87,207,10,9
40,41.3857565,2.0988148,[-14, -6, -2, -30],112,226,10,10
41,41.4604654,2.2089974,[-7, -2, -1, -15],33,153,10,11
42,41.3906531,2.0730443,[-14, -6, -2, -16],48,168,10,12
43,41.389356,2.1592813,[-7, -2, -1, -5],58,178,10,13
44,41.4415796,2.2192121,[-14, -6, -2, -18],32,152,10,14
45,41.4217479,2.1417851,[-7, -2, -1, -14],22,142,10,15
46,41.3755228,2.1409372,[-7, -2, -1, -6],98,218,10,16
47,41.4373567,2.2074204,[-14, -6, -2, -23],16,136,10,17
48,41.4349816,2.1930256,[-14, -6, -2, -23],0,240,10,18
49,41.4449382,2.2241955,[-14, -6, -2, -29],17,137,10,19
50,41.445594,2.223019,[-14, -6, -2, -22],35,155,10,20
51,41.4303138,2.1855012,[-14, -6, -2, -19],149,225,10,21
52,41.3723636,2.1601655,[-14, -6, -2, -13],68,188,10,22
53,41.3746145,2.1643053,[-14, -6, -2, -25],0,240,10,23
54,41.3169437,2.0759705,[-14, -6, -2, -24],129,226,10,24
55,41.376977,2.1712554,[-14, -6, -2, -9],88,208,10,25
56,41.372823,2.0600052,[-14, -6, -2, -11],139,222,10,26
57,41.4615268,2.2010703,[-3, -6, -1, -4],80,200,10,27
58,41.4525037,2.2152076,[-14, -6, -2, -29],141,222,10,28
59,41.4168684,2.179132,[-14, -6, -2, -33],117,228,10,29
60,41.4623983,2.0504567,[-3, -6, -1, -4],130,217,10,30
StartID EndID StartX StartY EndX EndY StartT EndT
61,109,41.3783978,2.1277763,41.441527,2.2275919,42,495
62,110,41.4490414,2.2067515,41.3798821,2.0507836,92,482
63,111,41.3904608,2.1457467,41.4463448,2.1763859,51,480
64,112,41.4548604,2.234691,41.3746212,2.0992452,21,495
65,113,41.4337282,2.2172295,41.4382381,2.22407,44,443
66,114,41.3519567,2.0735431,41.4181979,2.1769714,55,502
67,115,41.3774977,2.1176535,41.375952,2.1157719,103,490
68,116,41.4397456,2.225673,41.4676564,2.0622343,0,486
69,117,41.3749395,2.1247574,41.3745945,2.1276042,0,396
70,118,41.4351401,2.2133467,41.4501494,2.219724,94,478
71,119,41.4319909,2.2300518,41.4497006,2.2229892,20,434
72,120,41.441985,2.2115016,41.4033864,2.1443981,43,475
73,121,41.4558747,2.2072483,41.4295296,2.1805525,0,720
74,122,41.4042244,2.1494187,41.4237267,2.1660094,0,720
75,123,41.3717312,2.0889754,41.3599849,2.0740359,115,475
76,124,41.4414417,2.2264754,41.4044977,2.1688326,128,464
77,125,41.4074951,2.1878004,41.3986325,2.1499611,93,510
78,126,41.4577076,2.2032435,41.4290784,2.2093427,0,411
79,127,41.426011,2.2262646,41.3789237,2.152275,0,438
80,128,41.451625,2.2341474,41.4495961,2.2180694,110,470
81,129,41.3671296,2.0692367,41.3520481,2.0742798,2,413
82,130,41.3728922,2.081481,41.4406968,2.2181021,13,475
83,131,41.3622974,2.0931396,41.3948773,2.1903514,0,720
84,132,41.3627279,2.0988052,41.3765834,2.1454686,73,499
85,133,41.4345354,2.2361466,41.4669218,2.2381001,73,493
86,134,41.4385892,2.2330345,41.4147387,2.2121477,4,415
87,135,41.4582638,2.0713341,41.4065696,2.1451119,0,441
88,136,41.437641,2.2298148,41.4692218,2.0813928,0,468
89,137,41.4439526,2.0660729,41.4510034,2.1897076,0,447
90,138,41.4130442,2.1544329,41.3769211,2.1677816,140,440
91,139,41.3872974,2.1778131,41.3557355,2.105888,14,449
92,140,41.4298515,2.1820608,41.3849029,2.0854836,56,497
93,141,41.411396,2.1370889,41.4394006,2.1672105,111,471
94,142,41.4119643,2.1535583,41.4368711,2.234578,53,488
95,143,41.3769361,2.105641,41.435607,2.1179232,49,517
96,144,41.4062484,2.1650543,41.4201793,2.2027689,122,476
97,145,41.354318,2.0671293,41.4514197,2.2251463,0,720
98,146,41.351608,2.0737941,41.3672918,2.1148142,37,454
99,147,41.388833,2.0858048,41.3914257,2.1634969,89,521
100,148,41.452299,2.2327227,41.444196,2.2231824,128,464
101,149,41.4493932,2.2198353,41.4477782,2.2093682,43,445
102,150,41.3702964,2.0978402,41.4362326,2.1868822,59,506
103,151,41.4441413,2.1803301,41.4394681,2.2171632,130,460
104,152,41.3656084,2.0582814,41.3752067,2.0871221,0,720
105,153,41.3638313,2.0926901,41.4026572,2.1572714,23,464
106,154,41.445783,2.2219608,41.4064027,2.1558441,0,447
107,155,41.4250776,2.2272202,41.4251356,2.0984945,0,720
108,156,41.4480155,2.2171536,41.3949328,2.12944,128,464
edge
0,18,15,13,15,17,15,12,14,16,9,16,16,17,12,17,14,17,19,16,16,15,12,5,17,16,16,19,17,18,18,17,16,16,21,10,13,10,14,17,14,18,19,6,18,15,6,16,17,19,18,16,3,2,16,7,19,18,18,13,23,8,17,7,17,15,15,11,16,8,16,14,18,16,14,15,17,11,18,13,17,19,16,14,14,16,15,22,15,18,13,7,14,12,12,12,11,15,15,18,18,18,15,18,17,16,19,13,17,17,19,19,13,16,13,10,20,9,17,18,11,15,15,17,10,9,15,5,18,15,18,9,6,19,13,12,24,19,3,13,15,17,15,25,14,18,12,7,19,16,17,17,14,11,12,19,10
19,0,27,21,12,20,27,23,20,20,14,27,24,6,13,5,11,4,9,11,27,10,14,20,4,7,6,5,3,8,7,9,8,10,21,15,11,21,13,9,18,3,22,18,9,12,20,8,9,9,8,10,21,19,25,21,23,2,5,12,23,19,4,18,9,9,23,20,10,20,8,11,8,3,17,18,9,13,2,11,10,22,19,19,21,12,9,23,10,20,15,17,9,12,15,19,15,24,23,21,9,7,20,7,24,20,8,11,5,9,22,7,18,9,12,19,22,21,6,7,14,10,13,21,14,15,8,20,7,23,9,15,21,7,11,15,20,7,18,23,19,8,10,23,10,7,22,17,9,5,9,9,18,17,16,21,17
14,26,0,9,23,15,3,9,10,12,18,3,12,24,16,25,21,25,26,23,3,23,14,15,24,24,23,26,24,25,25,23,23,25,25,19,20,12,20,24,14,25,17,15,25,20,12,24,25,26,25,25,14,14,5,16,14,25,25,21,26,13,24,16,24,22,10,15,23,13,23,21,25,23,19,11,25,20,25,20,24,15,14,10,11,23,22,26,22,22,20,16,23,17,20,13,20,11,10,18,25,25,12,24,13,12,26,21,24,24,16,23,12,23,21,14,24,12,25,25,16,24,23,12,19,17,22,14,26,10,25,17,13,26,20,18,28,25,14,10,15,22,23,29,21,25,12,16,26,23,25,24,13,20,19,23,15
11,22,9,0,17,9,9,3,3,5,17,9,7,22,10,21,22,20,25,24,9,23,9,11,21,22,21,22,20,24,23,17,21,22,19,15,21,7,15,25,9,21,11,11,24,14,8,21,21,25,24,21,10,11,9,13,12,21,22,17,21,7,20,11,25,22,6,7,24,7,22,22,23,19,15,6,25,16,21,21,25,9,8,4,3,24,22,20,23,17,16,14,19,12,16,6,16,8,6,12,25,23,5,18,10,5,24,21,22,25,12,17,5,24,17,5,18,7,22,23,12,19,18,7,15,13,21,10,23,6,24,17,9,24,20,14,22,19,13,2,9,16,23,23,19,23,4,13,25,21,21,23,7,15,15,17,11
15,12,23,18,0,17,23,19,17,17,11,23,21,11,9,11,13,10,14,15,24,14,11,13,10,12,11,12,10,13,12,6,10,7,19,8,13,16,6,14,14,11,19,10,13,7,14,9,8,14,14,6,15,14,22,14,20,11,12,5,21,13,10,12,15,11,20,15,13,15,11,13,13,9,11,15,14,8,11,13,16,19,16,16,17,15,13,20,13,17,7,12,5,9,7,15,7,21,20,18,14,12,16,8,21,17,14,13,11,15,19,9,15,13,5,14,19,15,11,12,9,5,5,18,7,9,10,12,12,20,13,11,14,13,11,8,22,10,15,20,15,7,14,20,8,12,18,10,14,10,7,12,15,9,9,17,11
16,22,16,10,18,0,16,12,9,9,21,16,11,23,11,22,26,21,26,27,16,26,10,16,21,22,22,23,21,24,24,18,22,23,20,17,25,11,15,26,6,22,4,15,25,15,11,22,22,26,25,22,15,15,14,17,8,22,23,19,21,10,21,13,26,23,11,9,26,10,23,25,24,20,17,6,26,19,22,25,27,7,5,8,10,27,25,21,26,17,18,18,20,13,17,7,17,11,11,7,26,24,8,19,10,8,25,25,22,26,6,18,6,25,19,8,19,10,23,24,14,20,19,9,17,15,22,14,23,11,25,21,13,24,25,15,23,20,17,11,4,17,26,24,22,24,11,16,26,22,22,24,5,17,16,18,13
14,26,3,9,23,15,0,8,10,12,18,4,12,24,16,25,22,25,26,24,4,23,14,15,24,24,23,26,24,26,25,23,24,25,25,19,20,12,20,24,15,25,17,15,25,20,13,24,26,26,25,25,14,14,4,16,15,25,26,21,26,13,24,16,24,22,10,15,23,13,23,21,25,24,19,11,25,20,25,20,24,15,14,10,11,24,22,26,22,22,20,16,23,18,20,14,20,11,10,18,25,25,12,24,13,12,26,21,24,24,16,23,13,23,21,14,24,12,25,25,16,24,24,13,19,17,22,14,26,10,25,17,13,26,20,18,28,25,14,10,15,22,23,29,21,25,12,16,26,23,25,24,13,20,19,23,15
11,23,8,2,19,11,8,0,5,7,18,8,9,23,12,23,21,22,25,23,8,22,10,12,22,23,23,24,22,25,25,19,23,22,21,16,20,8,16,24,10,23,13,12,24,16,9,23,22,25,25,21,10,11,8,13,13,22,24,18,23,9,22,12,24,21,7,8,23,9,22,21,24,21,16,7,24,17,23,20,24,11,9,5,5,23,21,22,22,18,17,15,20,14,17,7,16,8,7,14,24,25,6,20,11,6,25,20,23,24,14,19,7,23,18,7,20,8,23,24,13,20,20,8,16,14,22,10,24,7,24,17,10,25,19,15,24,21,13,3,11,18,22,25,19,25,5,13,25,23,22,23,9,16,16,19,12
14,20,11,3,15,8,11,5,0,4,19,11,4,20,8,20,22,19,23,24,11,23,7,14,19,20,19,20,18,22,21,15,19,20,17,15,21,10,13,23,7,19,10,12,22,12,10,19,19,23,23,19,13,13,9,15,9,19,20,16,19,8,18,11,23,20,3,8,23,8,21,22,21,18,15,4,24,17,19,21,25,7,7,2,3,24,23,18,23,15,15,16,17,10,15,6,15,6,4,11,23,21,4,16,7,4,23,22,20,24,11,15,5,23,16,6,17,9,20,21,12,17,17,4,15,13,20,12,21,3,22,18,11,22,21,12,20,17,15,5,8,14,23,22,20,21,6,13,23,19,20,21,6,15,13,15,10
15,21,13,5,17,8,12,7,4,0,20,12,8,21,10,21,24,20,24,25,13,25,8,15,20,21,21,22,20,23,22,17,21,21,18,16,23,10,14,24,8,21,10,14,24,14,11,21,21,24,24,20,14,14,10,16,10,20,21,18,21,9,20,12,24,22,7,9,24,9,22,24,22,19,16,3,25,18,21,23,26,8,5,3,3,26,24,19,24,16,16,17,19,11,16,7,16,9,7,11,24,22,5,18,10,2,24,23,21,25,11,16,6,24,17,7,18,10,21,22,13,19,18,6,16,14,21,13,22,6,23,20,12,23,23,14,21,19,16,6,8,15,25,23,21,23,6,15,24,20,21,23,4,16,15,17,12
10,13,19,17,10,21,19,17,18,21,0,20,20,12,14,12,10,12,14,11,20,10,15,9,12,11,11,14,12,13,13,11,11,10,24,8,9,15,11,12,18,13,22,8,13,12,11,10,10,13,13,9,11,10,20,10,23,13,13,7,26,14,12,10,12,9,19,16,11,13,11,9,13,11,14,19,12,4,13,9,12,22,20,18,19,11,9,24,10,21,10,7,8,12,9,17,8,19,19,22,13,13,20,12,21,20,13,9,12,12,22,14,18,11,7,15,23,14,13,13,11,9,10,21,7,10,10,10,13,19,13,3,11,14,6,10,26,13,9,18,19,11,10,24,7,13,17,7,13,11,10,12,19,10,11,22,13
12,24,2,7,21,13,4,7,8,10,16,0,10,22,14,23,19,23,24,21,4,21,12,13,22,22,21,24,22,23,23,21,21,23,23,17,18,10,18,22,12,23,15,13,23,18,10,22,23,24,23,23,12,12,5,14,12,23,23,19,24,11,22,14,22,20,8,13,21,11,21,19,23,21,17,9,23,18,23,18,22,13,12,8,9,21,20,24,20,20,18,14,21,15,18,11,18,9,8,16,23,23,10,22,11,10,24,19,22,22,14,21,10,21,19,12,22,10,23,23,14,22,21,10,17,15,20,12,24,8,23,15,11,24,18,16,26,23,12,8,13,20,21,27,19,23,10,14,24,21,23,22,11,18,17,21,13
16,23,13,7,18,10,13,8,4,7,20,12,0,23,11,22,24,22,26,26,13,25,10,17,22,23,22,23,21,25,24,18,22,23,20,18,22,13,16,26,10,22,12,15,25,15,13,22,22,26,26,22,16,17,11,18,9,22,23,19,22,11,21,14,26,23,2,11,25,11,23,23,24,20,18,7,27,20,22,22,26,7,7,5,6,25,24,21,24,18,18,18,20,13,18,9,18,4,2,14,26,24,7,19,6,7,26,23,23,26,11,18,8,25,19,9,19,12,23,24,15,20,19,4,18,15,23,15,24,2,25,19,14,25,22,15,23,20,16,8,11,17,25,24,23,24,10,16,26,22,22,24,7,18,16,18,13
17,6,26,23,12,21,25,23,21,21,13,27,25,0,14,3,10,3,6,8,27,8,15,19,3,4,4,5,3,5,4,10,6,9,22,15,9,22,14,6,19,5,23,17,6,13,20,6,8,6,6,9,19,17,26,20,25,6,4,12,24,20,4,18,7,7,24,21,7,21,5,8,6,4,18,19,7,12,6,9,8,23,21,20,22,9,7,24,7,21,16,15,8,13,15,20,15,25,24,23,6,4,21,7,25,21,6,9,2,7,23,8,20,6,12,20,23,22,3,4,15,10,13,23,14,16,7,19,4,24,7,14,20,9,10,16,21,8,16,24,20,9,8,24,8,4,23,16,6,4,9,6,19,17,17,22,18
12,14,16,11,10,9,16,12,9,9,15,16,13,14,0,14,17,13,18,19,16,18,3,10,13,14,14,15,13,16,15,10,14,15,11,10,17,10,7,17,7,14,11,8,17,7,9,14,14,17,17,13,12,11,14,12,13,13,15,11,13,8,13,7,17,15,12,9,18,9,15,17,15,12,9,7,18,12,14,17,19,11,9,8,10,19,17,12,17,8,9,12,12,4,9,8,9,13,12,11,17,16,9,11,13,9,17,17,14,18,11,10,8,17,10,8,10,10,14,15,6,12,11,11,10,7,14,10,15,12,17,14,10,16,17,7,14,12,13,12,8,8,18,15,15,16,11,9,18,14,14,16,7,9,8,9,5
17,5,26,22,11,21,25,23,21,21,13,27,24,3,13,0,8,2,5,7,27,6,14,19,3,4,3,4,2,4,3,9,6,8,22,14,9,22,14,5,18,4,22,17,5,12,20,6,7,5,4,8,19,17,25,20,24,5,2,11,23,19,3,18,6,7,23,20,6,21,5,7,5,3,17,18,5,12,5,9,6,22,20,19,21,8,5,23,6,20,14,15,7,13,14,19,14,24,23,22,5,3,20,6,25,20,4,9,2,5,22,7,19,6,11,20,22,21,2,3,15,9,12,22,13,16,6,18,3,23,6,14,20,7,9,15,21,7,16,23,19,8,6,24,8,3,23,16,5,3,8,5,19,16,16,21,17
15,10,24,22,12,23,23,21,23,23,11,25,25,6,15,7,0,7,7,5,25,4,17,16,7,5,6,9,8,7,7,12,6,9,24,13,3,20,16,5,20,10,25,14,5,14,18,6,8,7,7,8,17,15,25,17,26,9,8,10,26,19,7,15,7,2,23,21,4,19,4,3,6,8,18,21,6,9,10,3,7,25,22,22,23,5,3,26,3,23,14,13,9,15,14,21,13,24,23,24,7,8,22,10,26,23,7,3,7,5,25,10,21,4,11,20,24,20,7,6,16,10,13,24,12,15,4,16,8,23,5,12,17,9,6,15,23,10,14,23,21,11,4,26,6,6,23,13,7,6,10,4,21,15,16,23,18
17,5,26,22,11,20,25,23,20,20,13,26,24,2,13,1,8,0,5,7,27,6,14,18,3,4,3,4,2,4,3,9,5,8,22,14,9,22,14,5,18,4,22,16,5,12,20,6,7,5,4,8,19,17,25,19,24,4,2,11,23,19,2,18,6,7,23,20,6,20,5,7,5,3,17,18,6,12,5,9,7,22,20,19,21,8,6,23,6,20,14,15,7,13,14,19,13,24,23,22,5,3,20,6,24,20,4,9,2,6,22,7,19,6,11,20,22,21,2,3,15,8,12,22,13,15,6,18,3,23,6,13,20,7,9,15,21,7,16,23,19,8,6,23,8,3,22,15,5,3,8,5,18,15,16,21,17
17,8,26,23,14,24,25,23,24,24,12,26,26,6,16,5,6,5,0,4,26,4,18,18,6,4,5,6,6,3,3,12,7,10,25,15,6,22,17,1,21,8,26,16,3,15,20,6,9,2,2,10,19,17,26,19,27,8,5,12,27,21,6,17,5,4,25,23,3,21,5,5,5,7,20,22,2,11,8,6,4,26,23,23,24,5,3,27,3,24,16,15,10,16,16,22,15,25,25,25,5,4,23,10,27,24,3,6,5,3,26,11,22,3,13,22,25,22,4,3,18,12,15,25,14,17,6,18,5,25,4,13,19,7,9,17,24,10,16,24,22,11,4,27,8,3,24,15,3,7,11,4,22,17,18,24,20
17,11,26,24,15,25,25,23,24,25,13,26,27,8,17,7,6,7,6,0,27,4,19,18,8,7,8,8,8,6,5,14,9,12,26,16,6,23,18,5,22,10,27,16,6,16,20,9,11,6,5,12,19,17,27,19,28,10,7,13,28,22,8,18,6,6,25,23,4,21,7,4,8,9,21,23,5,11,10,6,4,27,24,24,25,4,3,28,3,25,17,15,12,17,17,23,16,26,25,26,5,6,24,12,28,25,6,6,7,4,27,12,23,5,14,23,26,22,6,5,18,13,16,26,15,18,7,18,7,25,7,13,19,8,9,18,25,12,16,24,23,13,4,28,8,5,25,15,6,9,13,7,23,18,19,25,21
13,25,3,8,22,14,5,8,9,11,17,2,11,23,15,24,20,23,25,22,0,22,13,14,23,23,22,25,23,24,24,22,22,24,24,18,19,11,19,23,13,24,16,14,24,19,11,23,24,25,24,24,13,13,6,15,13,24,24,20,25,12,23,15,23,21,9,14,22,12,22,20,24,22,18,10,24,19,24,19,23,14,13,9,10,22,21,24,21,21,19,15,22,16,19,12,19,10,9,17,24,24,11,23,12,11,25,20,23,23,15,22,11,22,20,13,23,11,24,24,15,23,22,11,18,16,21,13,25,9,24,16,12,25,19,17,26,24,13,9,14,20,22,28,20,24,11,15,25,22,24,23,12,19,18,22,14
16,11,25,23,14,24,24,22,24,24,12,26,26,9,16,8,4,8,7,3,26,0,18,17,9,8,9,9,8,6,6,13,9,12,25,15,4,22,17,5,21,11,26,15,6,15,19,8,11,6,6,11,18,16,26,19,27,10,8,12,27,21,9,17,7,5,24,23,4,21,6,3,8,9,20,22,6,10,11,4,6,26,23,23,24,2,3,27,3,24,16,14,12,16,16,22,15,25,24,25,6,7,23,11,27,24,6,4,8,5,26,11,22,5,13,22,26,21,7,6,18,13,15,25,14,17,7,17,8,24,7,13,19,8,8,17,24,11,15,24,22,12,1,27,8,6,24,14,7,9,12,7,22,17,18,24,20
12,14,15,10,10,8,15,11,8,8,15,15,12,15,3,14,18,13,18,19,16,18,0,10,13,14,14,15,13,17,16,10,14,15,11,10,17,9,7,18,6,14,10,8,17,7,8,14,14,18,17,14,11,11,13,12,12,14,15,11,13,7,13,7,18,15,11,8,18,8,15,17,16,12,9,6,19,13,14,17,19,10,8,7,9,19,17,12,18,9,10,12,12,5,9,7,10,12,11,10,18,16,8,11,12,8,17,17,15,18,10,10,7,17,11,8,11,9,15,16,6,12,11,10,11,7,14,9,16,11,17,15,9,16,17,7,14,12,13,11,7,9,18,16,15,16,10,9,18,14,14,16,6,10,8,10,5
6,19,17,14,14,17,16,13,15,17,10,17,17,17,12,17,14,17,19,16,18,16,12,0,17,16,16,19,17,18,18,16,16,15,21,9,13,11,13,17,15,18,19,5,18,14,7,16,16,19,18,15,6,5,17,3,20,18,18,12,23,9,17,7,17,15,16,12,16,9,16,14,18,16,13,16,18,10,18,13,17,19,16,15,15,16,15,22,15,19,12,7,13,11,11,13,10,16,16,19,18,18,16,17,19,17,19,14,17,17,19,18,14,16,12,11,20,10,18,18,10,14,14,18,9,8,15,6,19,16,18,9,7,19,13,11,24,19,4,14,16,16,16,24,13,18,13,6,19,16,15,17,15,10,11,19,10
16,5,25,21,11,20,24,22,20,20,12,25,24,2,12,3,8,2,6,8,26,8,14,17,0,3,3,5,3,5,4,9,5,8,21,14,8,21,13,6,17,5,22,15,6,11,19,5,6,6,6,8,18,16,25,19,23,5,4,11,23,18,3,17,7,6,23,20,7,20,4,8,4,3,17,18,7,11,5,8,8,22,19,19,20,9,7,23,7,20,15,14,7,12,14,18,14,24,23,21,6,4,19,7,24,20,6,8,2,7,22,7,18,6,11,19,22,21,3,4,14,9,12,21,13,15,5,17,4,23,6,13,19,8,8,14,20,7,15,23,18,8,8,23,7,4,22,14,6,1,8,5,18,16,15,20,17
16,7,25,22,12,20,24,22,20,20,12,26,24,3,13,4,7,4,5,8,26,7,14,17,4,0,3,7,5,5,5,10,5,8,21,13,7,21,13,5,18,7,22,15,3,12,19,5,7,4,4,8,18,16,25,19,24,6,5,11,23,19,4,17,8,4,23,20,5,20,3,6,2,5,17,18,5,11,7,6,8,22,20,19,21,8,6,23,7,20,15,14,9,12,14,19,13,24,23,21,7,5,20,7,24,20,4,7,4,7,22,7,19,4,11,19,22,21,4,5,14,10,13,22,13,15,5,17,5,23,3,13,18,9,9,15,20,7,15,23,19,8,7,23,7,5,22,14,5,3,8,3,18,15,16,21,17
16,6,25,22,12,20,24,22,20,20,12,26,24,2,13,3,8,3,5,8,26,8,14,18,3,2,0,6,3,5,4,10,5,9,21,14,8,21,13,5,18,6,22,16,5,12,19,5,7,5,4,8,18,16,25,19,24,5,4,11,23,19,3,17,7,5,23,20,6,20,4,7,3,4,17,18,6,11,6,7,8,22,20,19,21,9,7,23,7,20,15,14,8,12,15,19,14,24,23,22,6,3,20,7,24,20,4,8,3,7,22,7,19,5,12,19,22,21,3,4,14,9,13,22,13,15,5,17,4,23,4,13,19,9,9,15,20,7,15,23,19,8,8,23,7,5,22,15,5,3,8,4,18,16,16,21,17
20,6,28,23,13,22,28,25,22,22,16,28,25,6,14,4,11,5,7,9,29,9,15,21,5,7,6,0,3,6,5,11,9,11,23,16,11,23,15,7,19,4,24,19,8,13,22,9,10,7,7,10,22,20,26,23,25,6,3,14,24,20,5,19,8,9,24,21,8,22,8,9,8,4,19,19,8,15,6,11,9,23,21,20,22,10,8,25,8,21,17,18,10,14,16,20,16,25,24,23,7,6,21,9,26,21,7,11,5,8,23,9,20,8,13,21,23,22,4,5,16,11,15,23,16,17,9,21,5,24,9,17,22,8,12,16,22,9,19,24,20,10,9,25,11,5,24,18,7,6,10,8,20,18,17,22,18
18,3,26,21,11,19,26,22,19,19,13,26,23,4,12,2,10,2,6,8,27,7,13,19,3,5,4,3,0,5,4,9,7,9,21,14,10,21,13,6,17,3,21,17,6,11,20,7,8,6,5,8,20,18,24,20,23,3,2,12,22,18,3,17,7,8,22,19,7,19,6,8,6,2,16,17,7,12,3,10,8,21,19,18,20,9,7,22,7,19,14,16,8,12,14,18,14,23,22,21,6,4,19,7,23,19,6,10,3,7,21,7,18,7,11,19,21,20,3,4,14,9,12,21,14,14,7,19,4,22,7,14,20,6,10,14,20,7,17,22,18,7,7,23,9,4,22,16,6,4,8,6,17,16,15,20,16
18,7,27,24,13,23,26,24,23,23,14,28,26,5,15,4,7,4,4,6,28,5,16,20,5,6,5,5,5,0,2,11,8,11,24,16,8,24,16,4,20,6,25,18,5,14,21,8,9,4,3,10,20,18,27,21,26,7,4,13,26,21,5,19,3,6,25,23,5,23,7,6,7,5,20,21,5,12,7,8,4,24,22,22,23,7,5,26,5,22,17,16,10,15,16,21,16,27,25,24,3,4,22,9,27,23,3,8,4,5,24,10,21,5,13,22,24,23,3,2,17,11,15,24,16,18,8,19,4,25,7,15,21,6,10,17,23,9,17,25,21,10,5,26,9,1,25,17,4,6,10,7,21,18,18,23,19
17,7,26,24,13,23,25,23,23,23,13,27,26,5,15,4,7,4,3,5,27,4,16,19,5,5,5,4,4,2,0,11,8,10,24,16,7,23,16,3,20,6,25,17,5,14,20,8,9,3,3,10,19,17,27,20,26,7,3,13,25,21,5,18,4,5,25,22,4,22,7,5,6,5,20,20,4,12,7,7,5,24,22,21,23,6,4,25,4,22,17,15,9,15,16,21,16,26,25,24,3,3,22,9,27,22,3,7,4,4,24,9,21,4,13,22,24,22,3,2,17,11,14,24,15,18,7,19,4,25,6,14,20,7,10,17,23,9,16,25,21,10,4,26,9,1,25,16,3,5,10,6,21,18,18,23,19
17,10,23,18,4,16,23,19,16,16,13,23,20,9,9,9,13,8,12,14,24,13,10,15,8,10,9,10,8,11,10,0,9,8,19,10,12,18,7,12,14,9,18,12,12,7,16,9,7,12,12,7,17,16,21,16,20,9,10,7,21,15,8,13,13,10,19,16,13,16,10,12,11,7,13,14,13,9,9,12,14,18,16,15,17,14,13,20,13,16,9,14,5,9,9,15,9,20,19,18,12,10,16,6,20,16,12,13,9,13,18,5,15,13,6,16,18,17,9,10,11,5,6,18,9,11,10,14,10,19,12,13,15,12,12,10,22,8,17,19,15,3,13,19,9,11,19,12,12,8,7,11,14,11,11,17,13
15,8,24,22,9,21,23,21,21,21,11,25,25,6,14,6,7,5,9,9,25,8,15,16,6,6,5,9,7,9,8,9,0,5,22,12,7,20,13,7,18,8,23,14,6,13,18,1,4,9,9,5,17,15,25,17,24,7,7,9,24,19,5,15,10,5,23,21,7,19,5,7,7,6,17,19,8,9,8,7,10,23,20,20,22,9,8,24,8,21,13,13,6,13,12,20,12,24,23,22,10,7,21,7,25,21,9,7,6,9,23,8,19,7,9,20,23,20,7,8,15,7,11,22,11,14,3,16,8,23,6,12,17,10,7,14,21,8,14,23,19,8,8,24,6,8,23,13,9,5,6,6,19,14,14,22,17
16,9,26,22,6,21,25,22,21,21,11,26,24,8,13,8,9,7,11,11,26,10,14,14,7,8,7,10,8,10,9,6,5,0,23,9,9,18,10,9,18,9,23,12,9,10,16,5,4,11,11,2,16,15,25,15,24,8,9,6,25,16,7,13,12,7,23,18,10,17,7,9,9,7,14,18,10,8,9,9,12,22,20,19,21,11,10,24,10,20,10,14,3,12,9,19,9,24,23,22,11,9,20,7,25,20,11,9,8,11,22,8,19,9,6,17,22,18,8,9,12,4,8,22,9,11,6,14,9,23,9,12,15,11,10,11,22,7,16,23,19,6,10,23,7,9,21,11,11,7,4,8,19,11,11,21,14
21,21,25,19,19,18,24,21,18,18,23,24,22,21,12,21,24,20,24,25,25,24,12,19,20,21,20,21,20,23,22,19,20,23,0,18,23,19,16,24,15,21,20,17,23,16,18,20,21,24,24,22,20,20,22,20,21,20,21,20,6,16,20,16,24,21,21,18,24,18,21,23,22,19,18,16,25,22,21,23,26,20,17,17,18,25,24,4,24,7,19,21,20,14,18,16,19,22,21,19,24,22,17,20,22,18,24,24,21,25,20,19,16,23,20,17,3,18,21,22,15,21,20,19,19,16,20,18,22,20,23,23,18,23,23,16,3,19,21,21,16,18,24,15,22,23,20,18,24,20,22,22,16,19,17,13,14
9,16,19,15,9,15,19,14,16,16,9,18,19,15,9,15,14,14,18,15,19,14,10,7,14,15,15,16,14,17,16,11,13,11,19,0,14,11,9,15,13,15,17,5,15,9,8,13,11,17,17,10,9,8,19,8,19,15,16,6,21,9,14,6,16,12,18,11,15,10,13,13,16,13,9,14,16,7,15,14,16,17,15,15,16,15,14,20,14,16,6,6,9,7,5,12,4,19,18,17,17,16,15,12,19,15,17,14,15,16,17,13,13,14,6,10,18,10,15,16,6,9,9,17,4,5,12,6,16,18,15,9,8,18,12,7,22,14,9,16,14,11,14,19,9,17,14,4,18,14,11,14,14,4,6,17,8
14,9,23,21,12,22,22,20,21,22,10,23,24,7,15,7,2,7,8,5,24,4,16,15,7,6,6,10,8,8,7,12,6,9,23,13,0,20,15,6,20,9,24,14,6,14,17,6,8,8,7,9,16,14,24,17,26,9,8,10,25,19,8,15,8,3,22,21,5,19,4,2,6,7,18,20,6,9,9,1,7,24,22,21,23,4,4,25,4,22,14,12,9,15,14,21,13,23,22,24,8,8,22,9,25,22,8,1,7,6,24,9,21,5,11,20,24,20,8,7,16,11,13,24,12,15,4,16,8,22,6,11,17,10,5,15,22,9,13,21,21,10,4,25,6,7,22,13,8,7,10,5,20,15,16,23,18
9,22,12,7,17,12,12,7,8,10,15,11,12,22,10,21,20,21,24,22,12,21,9,9,21,22,21,22,20,24,23,17,20,19,18,12,19,0,14,22,10,21,14,8,22,14,4,20,19,24,24,18,8,8,12,10,16,21,22,14,21,4,20,7,22,19,11,6,21,4,20,20,22,19,12,10,23,13,21,19,23,14,11,9,8,22,20,19,20,16,13,12,16,11,13,7,12,13,11,14,23,23,9,18,15,9,24,19,22,22,15,17,8,21,14,5,18,3,22,23,9,17,16,12,12,10,19,8,23,11,22,15,6,24,18,11,21,19,10,8,11,16,21,23,16,23,6,10,24,21,19,21,10,12,12,17,8
13,14,21,16,5,14,21,16,14,14,11,20,18,13,7,13,16,12,17,17,21,16,8,11,12,14,13,14,12,16,15,8,12,10,17,7,15,14,0,16,12,13,16,9,15,3,12,12,11,17,16,9,13,12,19,12,18,13,14,7,19,11,12,9,17,13,17,13,16,12,14,15,15,11,8,12,17,9,13,15,18,16,14,13,15,17,15,17,16,14,6,11,7,5,6,13,6,18,17,16,17,15,14,10,18,14,16,16,14,17,16,9,13,16,7,12,16,13,14,15,6,7,5,16,7,6,12,11,15,17,15,11,12,16,14,6,19,11,14,17,13,7,16,16,11,15,16,9,17,13,10,14,12,8,7,15,9
17,8,25,23,14,24,25,23,24,24,12,26,26,6,16,5,6,5,3,4,26,4,18,18,6,4,6,6,6,3,3,12,7,10,25,15,6,22,17,0,21,8,26,16,3,15,20,7,9,3,2,10,19,17,26,19,27,8,5,12,27,21,6,17,5,4,25,23,3,21,5,5,5,6,20,22,2,11,8,6,4,25,23,23,24,5,3,27,3,24,16,14,10,16,16,22,15,25,25,25,5,4,23,10,27,24,3,6,5,3,25,11,22,3,13,22,25,22,4,3,18,12,15,25,14,17,6,18,5,24,4,13,19,7,9,17,24,10,16,24,22,11,4,27,8,3,24,15,3,7,11,4,22,17,18,24,20
14,19,16,9,15,6,16,11,9,9,18,16,13,19,8,19,22,18,23,24,16,23,6,14,18,19,19,20,18,21,21,15,19,20,17,14,22,10,12,22,0,19,8,12,22,12,10,19,19,22,22,18,13,14,14,15,10,19,20,16,19,8,18,10,23,20,12,8,23,8,20,22,20,17,14,7,23,16,19,22,24,9,6,8,10,24,22,18,22,14,15,15,17,10,14,6,14,12,12,6,23,21,7,16,11,9,22,22,19,23,9,15,5,22,16,7,16,9,19,20,11,17,16,10,14,11,19,11,20,12,22,18,11,21,22,12,20,17,15,10,4,14,23,21,19,21,10,12,23,19,19,21,5,14,13,15,10
18,3,26,20,11,19,26,22,19,19,13,26,23,5,12,3,10,3,8,10,26,9,13,19,3,6,6,4,2,6,6,9,7,9,20,14,10,20,12,7,17,0,21,17,8,11,20,7,8,7,7,9,20,18,24,20,22,3,4,11,22,18,3,17,8,8,22,19,8,19,7,10,7,3,16,17,8,12,3,10,9,21,19,18,20,11,8,22,8,19,14,16,8,11,14,18,14,23,22,20,8,6,19,6,23,19,7,10,4,8,21,6,18,8,11,18,21,20,4,6,13,9,12,21,13,14,7,19,5,22,8,14,20,6,10,14,19,6,17,22,18,7,9,22,9,6,21,16,8,4,9,8,17,16,15,20,16
18,24,18,12,20,3,18,14,11,11,23,18,13,24,13,24,27,23,27,28,18,28,11,18,23,24,24,24,23,26,25,20,24,24,21,19,27,13,17,27,8,24,0,16,26,17,13,24,24,27,27,23,17,17,16,19,8,23,24,21,23,12,23,15,27,25,12,11,27,12,25,27,25,22,19,8,28,21,24,27,29,9,7,10,12,29,27,22,27,19,19,20,22,14,19,9,19,12,12,8,27,25,10,20,11,10,27,27,24,28,6,19,8,27,20,10,21,13,24,25,16,21,21,10,19,16,24,16,25,13,26,23,15,26,26,17,24,22,19,13,5,18,28,26,23,26,13,17,27,23,24,26,7,19,18,20,14
6,16,16,12,9,14,16,11,14,15,7,16,18,14,9,15,13,14,16,14,16,13,9,4,14,14,14,16,15,16,16,11,12,11,18,4,13,9,9,14,12,15,16,0,14,9,5,12,11,16,16,10,6,5,16,5,18,15,16,7,20,8,14,4,15,11,17,10,13,7,12,12,14,14,9,12,15,6,15,13,15,16,14,13,14,14,12,19,12,15,7,5,9,7,7,11,5,17,17,15,15,16,14,12,18,14,16,13,15,14,16,13,12,13,7,9,17,8,15,15,5,9,9,16,4,4,11,4,16,17,14,7,5,16,11,7,21,14,6,13,13,11,13,19,8,16,12,2,16,14,11,13,13,5,6,16,7
17,9,26,24,13,23,25,23,23,23,13,26,27,5,15,5,6,5,5,6,27,5,17,18,5,3,5,8,6,5,5,12,6,10,24,14,6,22,16,3,20,8,25,16,0,14,19,6,8,4,4,9,19,17,27,19,26,8,6,12,26,21,6,17,7,4,25,23,3,21,4,5,4,7,20,21,3,11,8,6,6,25,22,22,23,6,4,26,5,23,16,15,10,15,15,21,14,26,25,24,7,5,22,10,27,23,4,6,5,5,25,10,21,2,12,22,25,21,6,5,17,11,14,24,14,17,6,17,6,25,3,14,19,9,9,16,23,10,16,24,21,11,5,26,7,5,25,15,5,6,10,3,21,16,17,23,20
13,12,18,13,6,12,18,15,12,12,12,18,15,12,4,11,15,10,15,16,19,15,5,11,10,12,11,12,10,14,13,7,11,11,14,9,14,13,5,15,9,11,14,9,14,0,12,11,11,15,14,9,13,12,16,12,15,11,12,9,16,10,10,9,15,12,14,11,15,11,12,14,13,9,8,10,16,10,11,14,16,13,11,10,12,16,15,15,15,11,8,11,8,4,8,10,8,15,14,13,15,13,11,8,16,11,14,14,12,16,13,7,10,14,8,11,13,12,12,13,6,8,7,13,9,6,11,11,13,14,14,12,12,13,14,5,17,9,14,14,10,6,15,13,11,13,14,8,15,11,10,13,10,8,7,12,8
5,20,12,8,14,11,12,8,9,11,11,12,13,19,9,19,17,18,21,18,13,17,8,5,19,18,18,21,19,20,20,16,16,15,17,9,16,4,13,19,9,20,13,5,18,13,0,16,16,21,20,14,4,4,12,6,16,20,20,11,20,3,18,5,19,15,12,6,18,3,16,16,19,18,11,10,19,10,20,16,19,14,10,10,9,19,17,18,17,15,11,8,13,10,11,7,10,14,12,13,20,20,10,17,16,11,21,17,19,19,14,16,8,17,12,5,17,4,20,20,8,14,14,13,9,8,15,4,21,12,18,11,2,21,15,9,20,18,6,9,11,15,18,22,13,20,7,6,21,18,15,17,9,10,11,16,7
15,8,24,22,9,21,23,21,21,21,11,25,25,6,14,7,7,6,10,9,25,8,15,16,6,6,5,9,7,9,8,9,1,5,23,12,7,20,13,7,19,8,23,14,6,13,18,0,4,9,9,5,17,15,25,17,25,8,7,9,24,19,5,15,10,5,23,21,7,19,5,7,7,6,17,19,8,9,8,7,10,23,21,20,22,9,7,24,8,21,13,13,6,14,12,20,12,24,23,23,10,7,21,8,25,21,9,7,7,9,23,8,20,7,9,20,23,20,7,8,15,7,11,23,11,14,3,16,8,23,6,12,17,10,7,14,21,8,14,23,20,8,8,24,6,8,23,13,10,5,6,5,19,14,14,22,17
16,7,25,21,8,19,24,22,20,20,11,26,23,7,12,7,8,6,10,10,26,9,13,15,6,7,6,8,6,9,8,7,4,4,22,10,8,19,11,9,17,7,21,13,8,11,16,4,0,10,10,3,17,16,24,16,23,7,8,7,23,17,6,14,11,6,22,19,9,18,6,8,8,5,15,17,9,8,7,8,11,21,19,18,20,11,9,23,9,19,11,14,4,12,11,18,10,23,22,21,10,8,19,5,23,19,10,8,7,10,21,6,18,8,8,18,21,18,7,8,13,5,9,21,9,13,5,14,8,22,8,12,16,9,9,12,20,6,15,22,18,6,9,23,7,8,22,12,10,6,4,7,17,12,13,20,15
18,8,27,25,14,24,26,24,24,24,13,27,27,5,16,5,7,5,2,6,28,5,17,19,6,5,5,6,6,3,3,12,8,12,25,17,8,24,17,3,21,8,25,17,5,15,21,8,10,0,2,11,20,18,27,20,27,8,5,14,26,22,6,19,6,6,26,23,4,22,7,6,6,6,20,21,4,12,8,7,6,25,23,22,24,6,4,26,4,23,18,16,11,16,17,22,16,26,26,25,5,3,23,10,28,23,3,8,4,4,25,11,22,4,14,23,25,23,4,3,18,12,16,25,15,19,8,19,4,26,6,14,20,8,10,18,24,10,17,25,22,11,5,27,9,3,26,16,2,6,11,6,21,18,19,24,20
17,9,26,24,14,24,25,23,24,24,13,26,27,6,16,5,6,5,1,5,27,4,18,18,6,5,5,6,6,4,3,13,7,11,25,15,7,23,17,2,21,8,26,16,3,15,20,7,9,1,0,10,19,17,27,20,27,8,5,13,27,21,6,18,6,5,25,23,3,21,5,5,5,7,21,22,2,11,9,7,5,25,23,23,24,6,4,27,4,24,17,15,11,16,16,22,15,26,25,25,5,4,23,10,28,24,3,7,5,4,25,11,22,3,13,23,25,22,4,3,18,12,15,25,14,18,6,18,5,25,4,14,19,8,9,17,24,11,16,25,22,11,4,27,8,3,25,15,1,7,11,5,22,17,18,24,20
15,8,24,20,5,19,24,20,19,19,9,24,23,8,11,7,10,7,11,12,25,11,13,13,7,8,8,9,7,10,9,5,6,3,21,8,10,17,8,10,16,8,21,10,9,9,14,6,5,11,10,0,15,14,23,14,22,8,8,5,23,14,6,12,12,8,22,16,10,15,8,10,9,6,12,17,11,6,8,10,13,21,18,18,19,12,11,22,11,19,8,12,1,11,8,17,7,23,22,20,11,9,18,5,23,19,11,10,8,12,21,7,17,10,5,15,21,16,8,9,10,2,6,20,7,10,6,12,9,21,9,10,13,10,9,9,21,6,15,21,17,5,11,22,5,9,19,9,11,7,3,9,17,9,10,19,12
2,19,16,12,15,16,15,11,13,15,10,15,16,17,11,18,15,18,20,17,16,16,11,5,18,17,17,20,18,19,19,17,17,16,20,10,14,9,14,18,13,19,18,6,19,15,5,17,16,19,19,15,0,2,15,6,19,19,19,12,22,8,18,6,18,16,15,10,17,7,17,15,18,17,13,14,18,11,19,14,18,18,15,14,13,17,16,21,16,17,12,8,14,11,12,11,10,15,15,17,19,19,14,17,18,15,19,14,18,18,18,18,12,17,12,9,19,8,18,19,10,14,14,17,10,9,16,4,19,15,18,10,5,20,13,11,23,19,4,12,14,17,16,24,13,19,11,7,20,17,16,18,13,10,11,18,9
2,19,16,13,16,17,15,12,14,16,10,16,17,17,12,18,15,18,19,17,17,16,11,6,17,17,16,19,17,19,18,17,17,17,21,10,13,10,15,17,14,18,19,7,18,15,6,17,17,19,19,16,3,0,16,7,19,18,19,13,23,8,17,7,17,15,15,11,16,8,16,14,18,17,14,15,18,11,18,13,18,18,15,15,14,17,15,22,15,18,13,8,15,12,13,12,11,16,15,18,18,18,15,18,18,16,19,14,17,17,18,19,13,16,13,10,20,9,18,18,11,15,15,17,10,10,15,5,19,15,18,9,6,19,13,12,24,19,3,13,15,17,16,25,14,18,12,7,19,16,17,17,14,11,12,19,10
14,26,4,9,22,14,4,9,8,11,19,5,12,24,15,25,22,25,26,24,6,23,13,16,25,24,24,26,25,26,26,21,24,26,23,19,21,12,19,25,13,26,16,16,25,19,13,24,26,26,26,25,14,15,0,17,15,25,26,22,26,13,25,16,25,22,11,14,24,14,23,22,25,24,20,10,25,20,26,21,25,14,13,9,10,24,22,24,23,21,21,17,24,16,20,12,20,11,11,17,25,26,11,22,13,11,26,21,25,25,16,21,11,24,22,13,23,13,25,25,17,23,23,12,19,17,23,14,26,11,25,18,13,27,20,18,26,24,15,11,14,20,23,28,22,26,12,17,26,24,26,24,12,20,19,22,15
5,17,15,13,15,17,14,12,14,16,8,16,16,15,12,16,13,16,17,15,16,14,12,5,16,15,15,18,16,17,17,16,15,16,21,9,12,10,14,16,15,17,19,6,16,14,7,15,16,17,17,15,6,4,16,0,18,16,17,12,23,9,16,6,16,13,14,12,15,9,14,13,16,15,13,15,16,10,17,12,16,19,16,14,15,15,13,22,14,19,12,6,14,12,12,13,10,15,14,18,16,17,16,17,17,16,17,12,16,16,19,17,14,15,12,11,20,10,16,16,10,14,14,17,9,8,14,6,17,14,16,8,7,18,11,11,24,17,2,14,16,16,14,24,13,17,13,6,17,15,16,15,15,10,11,19,10
18,24,15,12,19,6,15,13,9,10,22,14,9,24,12,23,26,22,27,28,17,27,11,18,23,24,23,24,22,26,25,19,23,24,21,18,25,14,17,27,10,23,7,16,26,16,14,23,23,27,26,23,17,18,15,19,0,23,24,20,21,13,22,14,27,24,8,12,27,13,24,26,25,21,18,9,28,21,23,25,28,4,7,9,10,28,26,22,27,18,19,20,21,14,19,10,19,8,8,11,27,25,10,20,4,10,26,25,24,28,4,19,9,26,20,11,20,13,24,25,16,21,20,7,18,16,23,16,25,9,26,22,15,26,24,16,24,21,19,13,8,18,27,25,23,25,13,17,27,23,23,25,8,18,17,19,14
18,1,26,21,11,20,26,23,20,20,14,26,23,5,12,5,11,4,8,10,27,10,13,19,4,6,6,5,3,7,6,9,7,9,21,14,10,21,13,8,17,3,22,17,8,11,20,7,8,8,8,9,20,18,24,21,23,0,5,12,22,18,4,17,9,8,22,19,9,20,7,10,7,3,16,17,9,13,2,10,10,21,19,18,20,11,9,22,9,19,15,16,8,12,14,18,14,23,22,21,8,6,19,7,24,19,8,10,5,9,21,7,18,9,11,19,21,20,5,6,14,9,12,21,14,15,7,19,6,22,9,15,20,7,10,14,20,7,17,22,18,8,10,23,9,6,22,16,8,4,9,8,18,16,15,20,16
18,5,27,22,12,21,26,24,21,21,13,27,24,3,13,2,9,2,6,8,28,7,14,19,3,5,4,4,2,4,4,9,6,9,22,14,10,22,14,6,18,4,23,17,6,12,21,6,8,5,5,8,20,18,25,20,24,5,0,12,23,19,3,18,6,7,23,20,7,21,6,8,6,3,18,19,6,12,5,9,7,22,20,19,21,9,6,24,7,20,15,16,8,13,15,19,14,24,23,22,6,4,20,7,25,20,5,10,2,6,22,8,19,6,12,20,22,21,3,4,15,9,13,22,14,16,7,19,3,23,7,14,20,7,10,15,21,7,17,23,19,8,7,24,9,4,23,16,6,4,8,6,19,16,16,21,17
12,11,22,17,5,17,21,17,17,17,8,21,21,10,10,10,11,9,14,12,22,11,11,10,9,10,10,12,10,13,12,6,8,7,20,5,10,14,7,12,15,11,19,7,11,8,11,8,7,14,13,5,12,11,22,11,21,10,11,0,22,12,9,9,12,8,20,14,11,12,9,10,11,9,10,15,12,5,11,10,13,19,17,16,18,12,10,21,10,17,6,9,4,8,6,15,4,21,20,19,13,12,17,7,21,17,13,10,11,12,19,9,16,10,2,13,19,13,11,12,8,4,5,19,4,7,8,9,12,20,11,8,10,13,8,7,23,9,12,18,16,6,11,20,5,12,17,7,14,10,6,10,15,6,7,18,10
23,23,27,21,21,20,26,23,20,20,25,26,23,23,14,23,26,22,27,27,27,27,14,21,22,23,23,24,22,25,25,21,23,25,6,20,26,21,18,27,17,23,22,19,25,18,20,23,23,26,26,25,22,22,24,22,22,23,24,22,0,18,22,18,27,24,22,20,26,20,24,26,24,21,20,18,27,24,23,26,28,21,19,19,20,28,26,6,26,8,21,23,23,16,20,18,21,21,22,21,27,25,19,22,21,20,26,26,23,27,21,21,18,26,22,19,4,20,24,25,17,23,22,21,21,17,23,20,24,22,25,25,20,25,26,18,8,22,23,22,18,20,27,19,25,25,22,20,27,23,25,25,18,20,19,14,16
7,20,13,8,16,10,13,8,9,11,14,13,13,21,9,20,20,19,23,20,13,19,7,8,19,20,20,21,19,22,22,16,18,17,17,10,19,4,13,21,8,20,12,7,20,13,3,18,17,22,22,16,6,7,13,9,14,20,21,13,19,0,19,6,21,17,12,4,20,2,18,18,21,18,11,9,21,12,20,19,21,13,9,10,9,20,19,18,19,15,12,11,15,9,11,5,11,14,12,12,22,22,9,17,15,11,22,19,21,21,13,16,6,19,13,3,17,3,21,22,8,15,15,13,10,8,17,6,22,12,20,13,4,22,17,9,20,18,9,9,9,15,19,22,14,22,6,8,23,20,17,19,8,11,10,15,6
16,6,25,21,10,20,24,22,20,20,12,25,24,2,13,3,8,3,7,9,26,8,14,17,1,3,3,6,4,5,4,8,5,8,21,13,8,21,13,6,17,5,22,15,6,11,19,5,6,6,6,7,18,16,25,19,23,5,4,10,23,19,0,17,7,6,23,20,7,20,4,8,4,3,17,18,7,11,5,8,8,22,19,19,20,9,7,23,7,20,14,14,7,12,14,18,13,24,23,21,6,4,20,6,24,20,6,8,3,7,22,7,18,6,10,19,22,21,3,4,14,8,12,21,13,15,5,17,4,23,6,13,19,8,8,15,20,6,15,23,18,7,8,23,7,5,22,14,6,1,7,5,18,15,16,21,17
7,18,15,11,11,12,15,11,12,12,10,15,16,17,7,17,16,16,19,17,16,16,6,5,16,17,16,18,16,19,19,13,15,13,15,6,16,7,9,17,9,17,14,4,17,10,5,15,14,19,19,12,7,6,15,6,15,17,18,9,17,5,16,0,17,14,15,7,16,6,15,15,17,16,8,10,18,8,17,16,18,13,11,11,12,17,15,16,15,13,8,7,11,6,8,8,6,16,15,13,18,18,11,14,16,12,19,16,17,17,13,13,9,16,8,6,15,7,17,18,5,11,11,13,6,4,14,4,18,14,17,10,5,19,14,7,18,16,8,12,10,12,16,19,11,18,10,5,19,16,13,16,10,6,7,14,4
18,9,27,25,15,24,26,24,24,24,13,27,27,7,16,6,9,6,7,8,28,7,18,19,7,8,8,7,7,4,4,13,10,13,25,17,9,24,17,6,21,7,26,17,8,15,21,10,12,6,6,12,20,18,27,20,27,9,6,14,27,22,7,19,0,7,26,24,6,22,8,7,9,8,21,22,7,12,9,9,3,26,23,23,24,8,6,27,6,24,18,16,12,16,18,22,17,26,26,25,2,7,23,11,28,24,6,9,6,6,25,11,22,6,15,23,25,23,5,5,18,13,17,25,15,19,9,19,6,26,9,14,20,6,10,18,24,11,17,25,22,12,7,27,9,4,26,16,7,8,12,9,22,19,19,24,20
14,8,22,20,11,21,22,20,21,21,9,23,23,5,14,5,3,5,7,5,23,5,15,15,5,4,4,8,6,6,6,10,4,7,22,11,3,19,14,4,18,8,23,12,4,12,16,4,6,6,6,7,16,14,23,16,24,7,6,9,24,17,6,14,7,0,22,19,3,17,2,4,4,6,16,19,5,8,8,3,6,23,20,20,21,6,4,24,4,21,13,11,7,13,12,19,11,22,22,22,6,6,21,8,24,21,6,3,5,4,23,8,19,3,9,18,23,18,5,6,14,8,11,22,10,14,2,14,6,22,4,10,15,9,6,13,21,8,13,21,19,9,5,24,4,6,21,11,7,5,8,3,19,13,14,22,17
15,22,12,6,18,11,12,8,3,7,20,11,3,23,11,22,23,21,26,25,13,24,10,17,21,22,22,23,21,24,24,18,22,23,20,17,22,12,15,26,10,22,12,15,25,15,13,22,22,25,25,21,16,16,10,18,9,22,23,19,22,11,21,13,26,23,0,10,25,11,23,23,24,20,17,7,26,20,22,22,26,7,8,5,6,25,24,21,24,17,18,18,20,13,17,9,18,4,1,13,26,24,7,19,7,6,25,22,22,26,11,18,8,25,19,9,19,12,23,24,14,20,19,4,17,15,22,15,23,2,25,19,14,24,21,15,23,20,16,8,10,17,24,24,22,24,9,16,26,22,22,24,8,17,16,18,13
9,20,15,8,16,9,15,9,9,10,15,14,13,21,9,20,21,19,24,22,15,21,8,10,19,20,20,21,19,23,22,16,20,19,18,12,21,5,13,23,7,20,11,9,22,13,5,20,19,24,23,18,8,9,15,11,13,20,21,14,20,4,19,8,23,19,12,0,22,4,20,20,22,18,12,7,23,14,20,21,23,11,8,9,8,22,20,19,21,15,13,13,17,11,12,4,12,13,12,11,24,22,7,17,14,9,23,21,21,23,12,16,5,21,14,2,17,4,21,22,9,17,16,11,12,10,19,8,22,11,22,15,6,22,19,10,21,18,11,8,8,15,21,22,16,22,6,10,24,20,19,21,6,12,12,16,7
16,11,25,23,13,24,24,22,23,24,11,25,25,7,16,7,5,7,5,5,26,4,17,17,7,5,7,8,8,6,5,13,7,10,25,14,5,21,16,3,21,10,26,15,4,15,19,7,9,5,4,9,18,16,25,18,27,10,7,11,26,20,8,16,6,3,24,22,0,20,5,4,6,9,19,21,3,10,10,5,5,25,23,22,24,5,3,26,3,23,15,14,10,16,15,22,14,24,24,25,6,6,23,11,27,23,5,5,7,4,25,11,22,3,12,21,25,21,6,5,17,11,14,25,13,16,5,17,7,24,5,12,18,8,8,16,24,11,15,23,22,12,4,27,7,5,24,14,5,7,11,5,22,16,17,24,19
8,21,13,6,16,10,13,8,8,9,14,12,11,21,9,21,20,20,23,21,13,20,8,8,20,21,20,21,20,23,22,16,19,18,18,11,19,3,13,21,8,20,12,7,21,13,3,19,18,23,23,17,7,7,13,9,14,20,21,14,20,2,20,6,22,18,11,4,20,0,19,19,21,19,11,9,22,12,20,19,22,13,9,8,7,21,19,19,19,15,12,11,15,10,12,5,11,13,11,12,22,22,8,17,14,9,23,20,21,21,13,16,6,20,13,3,17,2,21,22,8,16,15,11,11,9,18,7,22,10,21,14,5,23,18,10,21,19,9,7,9,15,20,22,15,22,5,9,23,20,18,20,8,11,11,16,7
15,9,24,22,12,22,23,21,22,22,11,24,25,5,15,6,5,6,8,8,25,7,16,16,5,4,5,9,7,8,8,11,5,8,23,13,5,20,15,6,19,9,24,14,5,14,17,4,7,7,7,8,17,15,25,17,25,8,7,10,25,19,6,15,9,3,23,21,6,19,0,6,5,7,18,20,6,9,9,5,8,24,21,21,22,8,6,25,6,22,14,13,8,14,14,20,13,24,23,23,9,7,22,9,26,22,7,5,6,7,24,9,20,5,11,20,24,19,6,7,16,10,13,23,12,15,4,15,7,23,5,12,17,11,7,15,22,9,14,22,20,10,7,25,5,8,23,13,8,5,9,4,20,15,15,23,18
15,10,24,22,13,23,23,21,22,23,10,24,24,7,16,8,2,8,8,5,25,4,17,16,7,6,6,9,9,7,7,12,7,10,24,14,2,21,16,6,20,10,25,15,6,15,18,6,9,7,7,9,17,15,25,17,26,10,9,11,26,20,8,16,8,3,23,22,5,20,4,0,7,8,19,21,6,10,10,2,7,25,22,22,24,4,4,26,4,23,15,13,10,15,15,21,14,23,23,24,7,8,23,10,26,23,7,2,8,6,25,10,21,5,12,21,25,20,8,7,17,11,14,24,13,16,5,17,9,23,6,11,18,9,6,16,23,10,14,22,21,11,4,26,6,7,23,14,8,7,11,5,21,16,17,24,19
16,6,24,21,11,20,24,22,20,20,11,25,23,3,12,3,7,3,6,8,25,8,13,17,3,2,2,6,4,6,5,9,4,8,21,13,7,21,13,5,17,6,21,14,4,11,18,4,6,5,5,7,18,16,24,18,23,6,4,10,22,18,4,16,8,4,22,19,6,19,3,7,0,4,16,17,6,10,6,6,8,21,19,18,20,9,7,22,7,19,14,13,8,12,14,18,12,23,22,21,7,4,19,7,24,19,5,7,3,7,21,7,18,5,10,19,21,20,4,5,14,9,12,21,12,15,4,16,4,22,4,12,18,9,8,14,20,7,15,22,18,8,8,23,6,5,22,13,6,3,7,3,17,14,15,20,16
18,3,26,20,11,19,26,22,19,19,13,26,23,5,12,3,10,3,7,9,26,8,13,19,3,6,5,3,1,6,5,8,6,9,20,14,10,20,12,7,16,2,21,17,7,10,19,7,8,7,6,8,20,18,24,20,22,3,3,11,22,18,3,17,7,8,22,19,8,19,7,9,7,0,16,17,8,12,3,10,8,21,18,18,19,10,8,22,8,19,14,15,7,11,14,17,14,23,22,20,7,5,19,6,23,19,6,10,4,8,21,6,17,7,11,18,21,20,4,5,13,9,12,20,13,14,7,18,5,22,8,14,20,5,10,14,19,6,17,22,17,7,8,22,9,5,21,16,7,4,8,7,17,16,15,20,16
10,16,18,14,11,15,18,14,15,15,10,18,18,16,7,16,16,15,19,17,19,16,8,7,15,16,16,17,15,18,18,12,15,13,16,5,16,11,7,17,11,16,17,5,17,8,8,15,14,19,19,12,9,8,18,9,18,16,17,8,18,8,15,5,18,14,17,10,16,10,15,15,17,14,0,13,18,8,16,16,18,16,14,14,15,17,15,17,15,14,7,7,10,5,6,11,6,19,17,16,18,18,14,13,19,15,19,16,16,17,16,12,12,16,8,9,15,10,16,17,3,10,10,16,6,2,14,7,17,17,17,10,8,18,14,4,19,14,10,15,13,11,16,17,11,18,13,5,19,16,13,16,13,5,5,14,6
13,19,12,6,14,7,11,8,5,5,18,11,8,19,7,18,22,17,22,23,12,22,6,13,17,19,18,19,17,21,20,14,18,19,16,13,21,9,11,22,6,18,9,11,21,11,9,18,18,22,21,18,12,13,9,14,9,18,19,15,18,7,17,10,22,19,8,7,22,7,19,21,20,16,14,0,23,16,18,21,23,7,4,4,5,23,22,17,22,13,14,15,16,9,14,5,14,9,7,10,22,20,3,15,10,4,21,22,19,23,10,14,4,21,15,5,15,8,19,20,11,16,15,6,14,11,18,11,20,7,21,17,10,20,21,11,19,16,15,7,7,13,22,20,18,20,8,12,22,18,18,20,3,14,12,14,9
16,10,25,23,14,24,24,22,24,24,12,26,26,7,17,7,5,7,5,5,26,4,18,18,7,5,6,8,8,5,5,13,7,10,25,14,6,22,17,3,21,10,26,15,4,15,19,7,9,5,4,10,18,16,26,19,27,10,7,12,27,21,8,17,6,4,24,22,2,20,5,4,6,9,20,22,0,10,10,6,6,26,23,23,24,5,4,27,4,24,16,14,10,16,15,22,14,25,24,25,6,5,24,11,27,24,5,6,6,4,26,11,22,3,12,22,26,21,6,5,17,12,14,25,13,17,5,17,7,24,5,13,18,8,8,16,24,11,15,24,22,12,4,27,7,5,24,14,5,8,11,5,22,16,17,25,20
11,12,21,17,7,19,21,17,18,19,7,21,22,10,11,11,9,10,13,10,22,9,13,9,10,10,9,12,11,12,12,8,8,7,21,6,9,13,9,10,16,12,21,7,10,9,11,8,7,12,12,6,11,10,21,10,22,11,12,4,23,12,10,8,11,7,21,14,9,12,8,8,10,10,11,17,11,0,12,9,11,20,18,18,18,10,9,22,9,19,7,8,5,10,7,15,6,21,21,20,12,11,18,9,23,19,12,9,11,11,20,11,16,9,5,13,20,13,11,12,9,6,7,20,5,8,7,9,12,21,10,7,10,13,7,8,24,10,11,18,17,8,9,21,4,12,16,6,13,9,7,9,17,8,9,19,11
17,2,26,20,10,19,25,22,19,19,13,25,22,4,11,4,10,3,8,10,26,9,12,19,3,5,5,5,3,6,5,8,6,8,20,14,9,20,12,7,16,2,21,16,8,10,19,6,7,7,7,8,19,17,23,20,22,2,5,11,22,17,3,16,8,7,21,19,8,19,6,9,7,2,16,17,8,12,0,9,9,20,18,18,19,10,8,22,8,18,14,15,7,11,13,17,13,23,21,20,7,5,18,6,23,19,7,10,4,8,20,6,17,8,10,18,20,19,4,5,13,8,12,20,13,14,6,18,5,21,8,14,19,7,9,13,19,6,16,21,17,7,9,22,8,6,21,16,7,3,8,7,17,15,14,19,15
14,9,23,21,12,22,22,20,22,22,10,23,24,7,15,8,3,8,8,5,24,5,16,15,7,6,6,10,8,8,8,12,6,9,24,13,1,20,16,6,20,9,24,14,6,14,17,6,8,8,8,9,16,14,24,17,26,9,9,10,25,19,8,15,8,3,22,21,5,19,4,2,7,7,18,20,7,9,9,0,8,24,22,21,23,5,4,25,4,22,14,12,10,15,14,21,13,23,22,24,8,8,22,10,25,22,8,2,7,6,24,10,21,5,11,20,24,20,8,7,16,11,13,24,12,15,5,16,9,22,6,11,17,10,5,15,22,9,13,22,21,10,5,25,6,7,22,13,8,7,10,5,20,15,16,23,18
18,9,27,25,16,24,26,24,24,24,13,27,27,8,17,6,9,7,7,8,28,7,18,19,8,9,8,7,7,4,5,14,10,13,25,17,9,24,17,7,22,7,26,17,8,16,21,10,12,7,6,13,20,18,28,20,28,9,6,14,27,22,8,19,2,7,26,24,6,22,8,7,10,8,21,22,7,12,9,9,0,26,24,23,25,8,6,27,6,24,18,16,12,17,18,23,17,26,26,26,3,7,24,11,28,24,7,9,7,6,26,11,23,6,15,23,26,23,5,5,18,14,17,26,16,19,9,19,6,26,9,14,20,6,10,19,24,11,17,25,23,12,7,27,9,4,26,16,7,8,13,9,22,19,19,25,21
17,23,14,9,18,7,15,11,7,7,22,13,7,23,12,23,26,22,26,27,15,27,10,17,22,23,23,23,22,25,24,18,22,23,20,18,25,13,16,26,9,23,9,15,25,16,13,23,23,26,26,22,16,17,13,18,4,22,23,20,23,11,22,14,26,24,7,11,26,11,24,26,24,21,18,6,27,20,23,25,28,0,5,6,7,28,26,21,26,18,18,19,20,13,18,9,18,6,7,12,26,24,8,19,5,7,26,25,23,27,7,18,8,26,19,9,20,12,23,24,15,20,20,5,18,15,23,15,24,7,25,21,14,25,25,16,23,21,19,11,8,17,27,25,22,25,11,16,26,22,23,25,5,18,17,19,13
14,22,14,8,17,4,14,10,7,5,20,13,8,22,10,21,25,20,25,26,14,25,9,15,20,22,21,22,20,24,23,17,21,22,19,16,24,10,14,25,7,21,6,14,24,14,10,21,21,25,24,21,13,14,12,16,7,21,22,18,21,9,20,12,25,22,7,8,25,9,22,24,23,19,16,4,26,19,21,24,26,5,0,6,6,26,25,20,25,16,17,18,19,12,17,6,17,7,7,9,25,23,6,18,7,5,24,24,22,26,7,17,5,24,18,7,18,9,22,23,14,19,18,5,16,14,21,13,23,8,24,20,11,23,24,14,22,19,16,10,6,16,25,23,21,23,9,15,25,21,21,23,3,16,15,17,12
14,19,12,4,15,8,12,6,2,3,19,11,6,20,8,19,23,18,23,24,12,23,7,14,18,19,19,20,18,22,21,15,19,20,17,14,22,9,12,23,7,19,10,12,22,12,10,19,19,23,22,19,13,14,10,15,10,19,20,16,19,8,18,11,23,20,5,8,23,8,20,22,21,17,14,4,23,17,19,22,24,7,6,0,2,24,22,18,23,14,15,16,17,10,14,6,15,7,5,11,23,21,4,16,8,3,22,22,20,23,10,15,5,22,16,6,16,9,20,21,12,17,16,5,15,12,19,12,21,5,22,18,11,21,22,12,20,17,15,5,7,14,23,21,19,21,6,13,23,19,19,21,5,15,13,15,10
14,22,13,5,18,10,13,7,5,5,21,13,9,22,11,22,25,21,26,27,13,26,9,15,21,22,22,23,21,24,24,18,22,23,20,17,24,10,15,25,10,22,12,14,25,15,10,22,22,25,25,21,13,14,13,16,13,21,23,19,22,9,21,13,26,23,8,8,26,9,23,25,23,20,17,6,26,19,22,24,27,10,9,5,0,27,25,21,25,17,18,18,20,13,17,7,17,10,8,13,26,24,6,19,12,5,25,24,22,26,13,18,7,25,19,7,19,10,22,23,14,20,19,9,17,15,22,13,23,8,25,20,12,24,24,15,23,20,16,6,10,17,26,24,22,24,6,15,26,22,22,24,8,17,16,18,13
16,11,25,23,14,24,24,22,23,24,11,25,25,9,16,7,4,8,6,3,26,2,18,17,9,7,8,8,8,6,6,13,9,12,25,15,4,22,17,5,21,10,26,15,6,15,19,8,10,6,6,11,18,16,26,18,27,10,7,12,27,20,9,17,6,5,24,22,4,20,6,2,8,9,20,22,5,10,11,4,6,25,23,23,24,0,2,27,2,24,16,14,12,16,16,22,15,24,24,25,6,7,23,11,27,24,6,4,8,5,25,11,22,5,13,22,25,21,6,5,17,13,15,25,14,17,7,17,7,24,7,12,18,8,8,17,24,11,15,23,22,12,2,27,7,6,24,14,6,8,12,7,22,17,17,24,20
15,10,24,22,13,23,23,21,23,23,11,24,25,8,15,7,4,7,6,2,25,1,17,16,8,6,7,7,7,5,5,12,8,11,24,14,5,21,16,4,20,9,25,14,5,14,18,8,10,5,5,10,17,15,25,18,26,9,6,11,26,20,8,16,6,4,23,22,3,19,6,3,7,8,19,21,4,9,10,4,5,25,22,22,23,3,0,26,2,23,15,13,11,15,15,21,14,24,23,24,5,6,22,10,26,23,5,5,7,4,25,10,21,4,12,21,25,20,6,5,17,12,14,24,13,16,6,16,7,23,6,12,18,7,7,16,23,10,14,23,21,11,1,26,6,5,23,13,6,8,11,6,21,16,17,23,19
22,22,26,20,20,19,25,22,19,19,24,25,23,22,13,21,25,21,25,26,26,25,13,20,21,21,21,22,20,24,23,20,21,23,4,19,24,20,17,25,16,21,21,18,24,17,19,21,22,25,25,23,21,21,23,21,22,21,22,21,6,17,20,17,25,22,22,19,25,19,22,24,23,20,19,17,26,23,21,24,26,21,18,18,19,26,24,0,24,6,20,22,21,15,19,17,20,23,22,20,25,23,18,20,23,19,25,24,22,26,21,20,17,24,21,18,4,19,22,23,16,22,21,20,20,16,21,19,23,21,24,24,19,24,24,17,4,20,22,21,17,19,25,15,23,23,21,19,25,21,23,23,17,20,18,13,15
16,10,25,23,14,24,24,22,23,24,11,25,25,8,16,7,5,7,6,4,26,3,18,17,8,6,7,8,8,5,5,13,7,10,25,15,6,22,17,4,21,10,26,15,5,15,19,7,9,5,5,10,18,16,26,18,27,10,7,12,27,20,8,17,6,4,24,22,3,20,5,4,7,8,20,22,4,10,10,5,5,25,23,23,24,5,3,27,0,24,16,14,11,16,16,22,14,24,24,25,5,6,23,11,27,24,6,6,7,3,25,11,22,3,13,22,25,21,6,5,17,12,15,25,14,17,6,17,7,24,6,12,18,8,8,17,24,11,15,23,22,12,3,27,7,5,24,14,6,8,11,6,22,17,17,24,20
19,21,22,17,16,15,22,18,15,15,21,22,19,21,9,21,24,20,24,25,22,25,9,17,20,21,20,21,20,23,22,16,20,21,7,16,24,17,14,24,13,21,17,14,23,13,16,21,21,24,24,20,18,18,20,18,19,20,21,18,8,14,20,13,24,22,18,15,24,15,22,24,22,19,15,13,25,19,21,24,26,17,15,14,16,26,24,6,24,0,16,18,18,11,16,14,16,19,18,17,24,22,15,17,19,15,24,24,21,25,17,16,14,24,17,15,6,16,21,22,12,18,18,17,17,13,21,16,22,18,23,21,16,23,24,14,8,19,19,18,14,15,25,17,22,23,17,15,24,20,21,22,13,16,15,10,11
12,15,19,15,9,15,19,15,15,15,10,19,18,15,7,14,15,14,18,16,20,15,8,10,14,15,15,16,14,17,16,11,14,11,17,6,15,12,7,17,12,15,17,7,16,7,11,13,12,18,17,10,12,11,19,11,18,15,15,6,19,9,13,8,17,13,17,11,16,11,14,14,16,13,7,13,17,8,15,15,17,16,14,13,15,16,15,18,15,14,0,10,9,5,1,12,5,18,17,16,18,16,14,11,19,14,18,15,15,17,16,11,13,15,6,10,16,11,15,16,5,8,8,16,6,5,13,9,16,17,16,10,10,17,13,4,20,13,12,16,13,10,15,17,10,16,14,7,18,14,11,15,13,6,5,15,7
7,16,16,14,11,17,16,14,15,17,6,17,17,14,11,15,12,15,16,14,17,13,12,6,14,14,13,17,15,16,16,13,14,12,20,6,11,11,11,15,14,16,19,5,15,12,7,13,13,16,16,12,8,7,17,7,20,15,16,8,23,10,15,7,15,12,16,12,14,10,13,12,15,14,11,15,15,7,16,11,15,19,17,15,16,14,12,21,12,18,9,0,10,9,8,13,7,16,16,18,15,16,17,14,18,17,16,11,15,15,19,15,15,14,9,12,20,11,15,15,8,11,11,18,6,7,13,6,16,16,15,6,7,16,10,9,23,16,6,15,15,13,13,21,10,16,14,4,16,14,12,14,15,8,8,19,10
15,9,24,20,4,18,24,19,18,18,10,23,22,8,11,8,11,7,12,13,24,12,12,13,7,9,9,9,8,10,10,4,7,5,21,8,11,17,8,11,16,9,20,11,10,8,14,7,6,11,11,4,15,14,23,14,22,8,9,5,23,14,7,12,12,8,21,16,11,15,9,11,10,7,12,16,12,6,9,10,13,20,18,17,19,13,11,22,11,18,8,12,0,10,7,17,7,22,21,20,12,10,18,5,22,18,11,11,8,12,20,6,17,10,4,15,20,16,8,9,10,2,6,20,7,9,7,12,9,21,10,10,14,11,9,9,21,7,15,21,17,4,12,21,6,10,19,10,12,7,5,9,16,10,9,19,12
11,13,18,13,8,11,17,13,11,11,12,17,15,13,3,13,16,12,17,18,18,17,5,9,12,13,13,14,12,15,15,9,13,13,14,7,16,10,5,16,9,13,13,7,16,5,9,13,13,16,16,12,11,10,16,10,15,12,14,9,16,7,12,7,17,14,14,9,17,9,14,16,14,11,6,9,17,10,13,16,18,13,11,10,12,18,16,15,16,11,7,10,10,0,7,10,7,15,14,13,17,15,11,10,15,11,16,16,13,17,13,9,10,16,8,9,13,10,13,14,3,10,10,13,8,4,13,8,14,14,16,12,9,15,15,4,17,11,11,14,10,8,17,14,13,15,12,7,17,13,13,15,9,7,6,12,5
12,15,19,15,8,14,19,14,14,14,10,18,18,14,7,14,15,13,18,16,19,15,8,9,13,15,15,16,14,16,16,10,13,11,17,6,15,12,6,16,12,15,16,7,16,7,10,13,12,17,17,10,11,10,19,11,18,14,15,6,19,9,13,7,17,13,17,11,15,10,14,14,16,13,7,12,17,7,15,15,17,16,14,13,15,16,14,18,14,14,1,9,8,5,0,12,4,18,17,16,17,16,14,11,18,14,17,15,14,16,16,11,13,15,5,10,16,11,15,16,5,8,8,16,5,4,13,9,15,17,15,9,10,17,13,4,20,13,12,16,13,10,15,17,10,16,14,7,18,13,11,15,12,6,4,15,7
10,19,14,6,14,7,14,8,7,8,16,14,11,19,8,19,22,18,22,23,14,22,6,11,18,19,18,19,18,21,20,14,18,19,16,13,22,6,12,22,6,18,9,10,21,11,6,19,19,22,22,18,9,10,13,12,11,18,19,16,18,5,18,9,22,20,10,4,22,5,20,21,20,17,14,5,23,15,19,22,24,9,6,7,7,23,22,17,22,14,14,14,16,9,14,0,13,11,10,9,22,20,5,15,12,8,22,22,19,23,10,14,3,22,15,3,16,5,19,20,11,16,16,9,13,11,19,9,20,10,21,16,7,21,20,11,19,17,12,7,6,13,22,21,17,20,6,11,22,18,19,20,4,13,13,14,9
10,14,20,15,7,16,20,15,16,16,7,19,20,13,9,13,13,12,16,13,20,13,10,8,12,13,13,15,13,15,15,9,11,9,19,3,12,12,7,14,14,14,18,6,13,8,9,11,10,16,15,8,10,9,20,9,20,13,14,5,21,10,12,7,14,10,19,12,13,11,12,12,14,12,9,14,14,5,14,12,14,18,16,15,17,14,12,20,12,16,5,7,7,7,4,13,0,20,19,18,15,15,16,10,20,16,16,13,13,14,18,11,14,12,4,11,18,11,14,15,7,7,7,18,3,6,10,7,14,19,13,7,9,16,10,6,22,12,10,17,15,9,13,19,8,15,15,5,16,12,9,12,14,4,5,17,9
15,24,10,8,19,9,12,9,5,8,19,9,3,24,12,24,23,23,27,25,12,24,11,18,23,24,23,24,22,26,25,19,23,24,21,19,21,14,17,25,11,23,11,16,26,16,14,24,23,27,27,23,17,16,11,19,7,23,24,21,20,12,22,15,25,23,3,12,24,12,24,22,25,22,19,8,26,21,23,21,26,6,7,6,7,25,23,22,23,19,19,17,21,14,19,10,19,0,3,14,26,25,8,20,4,8,27,22,24,25,8,19,9,24,20,10,20,13,24,25,16,21,21,4,19,17,23,16,25,3,26,18,15,26,21,16,24,22,15,9,10,18,24,26,22,25,11,17,27,23,24,25,7,19,17,19,14
16,22,12,6,18,11,12,8,4,7,20,11,3,23,11,22,23,21,26,25,13,24,10,17,21,23,22,23,21,25,24,18,22,23,20,17,22,13,15,26,10,22,13,15,25,15,13,22,22,26,25,22,16,16,10,18,9,22,23,19,22,11,21,14,26,23,1,11,25,11,23,23,24,20,17,7,26,20,22,22,26,7,8,5,6,25,24,21,24,17,18,18,20,13,18,9,18,3,0,14,26,24,7,19,6,7,25,22,23,26,11,18,8,25,19,9,19,12,23,24,15,20,19,5,18,15,22,15,24,2,25,19,14,24,22,15,23,20,16,8,10,17,24,24,22,24,9,16,26,22,22,24,8,18,16,18,13
16,22,17,11,18,4,17,13,10,10,21,17,13,22,11,22,25,21,26,27,17,26,9,17,21,22,22,23,21,24,24,18,22,23,20,17,25,12,15,25,6,22,5,14,25,15,12,22,22,25,25,21,15,16,15,18,9,21,23,19,22,11,21,13,26,23,12,10,26,11,23,25,23,20,17,7,26,19,22,25,27,10,6,9,10,27,25,21,25,17,18,18,20,13,17,8,17,12,12,0,26,24,8,19,12,9,25,25,22,26,7,18,7,25,19,9,19,11,22,23,14,20,19,10,17,15,22,14,23,13,25,21,13,24,25,15,23,20,18,12,2,17,26,24,22,24,11,15,26,22,22,24,6,17,16,18,13
16,8,25,23,15,24,24,22,24,24,12,26,26,7,16,6,7,6,7,6,26,5,17,18,7,8,7,7,7,3,4,13,9,12,25,15,8,22,17,5,21,7,26,16,6,15,19,9,11,6,6,12,18,16,26,19,27,9,6,13,27,21,7,17,2,5,25,23,4,21,7,6,8,8,20,22,5,11,9,7,3,25,23,23,24,7,5,27,5,23,16,14,12,16,16,22,15,25,24,25,0,6,23,11,27,24,6,8,6,5,25,11,22,5,13,22,25,21,5,5,18,13,15,25,14,17,7,18,6,24,8,13,19,6,9,17,24,11,15,24,22,12,6,27,8,4,24,15,7,8,12,7,22,17,18,24,20
18,7,27,23,13,22,26,24,22,22,13,27,26,4,14,3,10,4,6,8,28,8,16,19,4,5,4,6,4,5,4,11,6,10,23,16,10,23,15,6,19,6,24,17,6,13,21,7,8,6,6,10,20,18,26,20,25,6,4,13,25,20,5,19,7,8,25,22,7,22,6,8,6,5,19,20,7,12,7,10,8,24,21,21,22,9,7,25,7,22,16,16,9,14,16,20,15,26,25,23,6,0,21,8,26,22,6,10,2,7,24,9,20,6,13,21,23,22,3,4,16,10,14,23,15,17,7,19,2,24,7,14,20,9,10,16,22,9,17,24,20,10,8,25,9,4,24,16,6,4,10,6,20,17,17,22,18
12,19,13,4,15,7,12,7,5,6,18,12,9,20,8,19,23,18,23,24,13,23,7,13,18,19,19,20,18,21,21,15,19,20,17,14,22,8,12,23,7,19,9,12,22,12,8,19,19,23,22,19,12,12,11,14,11,19,20,16,19,7,18,11,23,20,8,6,23,7,20,22,21,17,14,3,23,17,19,22,24,9,6,5,5,24,22,18,23,14,15,16,17,10,14,5,15,10,8,10,23,21,0,16,12,5,22,22,20,23,10,15,3,22,16,5,16,7,20,21,11,17,16,8,14,12,19,11,21,8,22,18,10,21,22,12,20,17,14,5,6,14,23,21,19,21,6,13,23,19,19,21,4,15,13,15,10
18,7,23,18,7,16,23,19,16,16,13,23,20,7,9,7,10,6,10,11,23,11,10,16,6,7,6,7,6,9,8,5,6,8,19,11,10,17,9,10,14,7,18,14,9,8,17,7,6,10,10,7,18,17,21,17,20,6,7,8,21,15,6,14,10,8,19,16,10,16,8,10,8,5,13,14,11,10,7,10,12,18,16,15,17,12,10,20,10,16,11,15,5,8,10,15,10,20,19,18,10,8,16,0,20,16,10,10,7,11,18,3,15,10,7,15,18,17,7,8,10,7,9,18,10,11,7,16,8,19,9,14,17,9,10,11,20,4,17,19,15,4,11,19,9,9,18,13,10,6,7,8,14,13,12,17,13
17,25,13,11,20,8,13,13,8,12,21,12,7,25,14,25,24,24,28,26,15,26,12,19,24,25,24,25,24,27,26,20,24,25,22,19,23,15,18,27,11,24,9,17,27,17,15,25,25,28,28,24,19,18,13,20,4,24,25,22,20,14,24,16,27,25,6,14,26,14,26,24,26,23,20,10,28,22,25,23,27,5,9,10,11,26,25,23,25,20,20,19,22,15,20,11,20,6,6,13,28,26,12,21,0,11,28,24,25,27,5,20,11,26,21,13,20,14,25,26,17,22,22,7,20,17,25,17,26,7,27,20,17,27,23,17,25,23,17,13,10,19,26,27,24,26,14,18,28,24,25,26,10,20,19,21,15
15,21,13,5,17,8,13,7,4,1,21,13,8,22,10,21,25,20,25,26,13,25,9,15,20,21,21,22,20,24,23,17,21,22,19,16,23,11,14,25,9,21,10,14,24,14,11,21,21,25,24,21,14,15,11,17,11,21,22,18,21,10,20,13,25,22,7,9,25,10,22,24,23,19,16,4,26,19,21,23,26,8,5,4,3,26,24,20,25,16,17,18,19,12,16,8,17,9,7,11,25,23,6,18,11,0,24,24,22,25,11,17,7,24,18,8,18,10,22,23,14,19,18,7,17,14,21,14,23,7,24,20,13,23,23,14,22,19,17,6,8,16,25,23,21,23,7,15,25,21,21,23,5,17,15,17,12
19,9,28,24,15,23,27,25,23,23,14,28,27,5,16,6,8,6,4,7,29,6,17,20,6,4,5,7,6,4,4,12,7,11,24,16,8,24,16,4,20,8,25,17,3,14,21,7,10,3,3,11,21,19,28,21,26,8,6,13,26,22,6,19,7,6,26,23,5,22,6,7,5,7,20,21,5,13,9,8,7,25,22,22,23,8,6,26,6,23,17,17,11,15,17,21,16,27,26,24,6,4,23,10,27,23,0,8,5,6,25,10,21,4,14,22,25,23,5,4,17,12,16,24,15,18,7,19,5,26,5,15,20,9,11,18,23,10,18,26,21,11,6,26,9,4,25,16,4,6,11,5,21,18,19,24,20
14,10,23,21,13,23,22,20,22,23,10,24,24,7,15,8,3,8,9,5,24,5,16,16,7,6,6,10,8,8,8,12,7,10,24,13,2,21,16,6,20,9,25,14,6,14,17,6,8,8,8,9,16,14,24,17,26,9,9,11,25,19,8,16,8,3,22,21,5,19,4,3,7,7,18,20,7,9,9,2,8,24,22,21,23,5,4,25,5,22,15,12,10,15,14,21,13,23,22,24,8,9,22,10,25,22,8,0,8,7,24,10,21,5,11,20,24,20,8,8,16,11,13,24,12,16,5,16,9,22,6,11,17,10,5,15,23,10,13,22,21,11,5,26,6,8,22,13,9,7,10,5,21,15,16,23,19
17,6,26,22,12,21,25,23,21,21,12,26,25,3,13,2,9,3,5,8,27,7,15,18,3,4,3,5,3,5,4,10,5,9,22,15,9,22,14,6,18,5,23,16,5,12,20,6,7,5,5,9,19,17,25,19,24,6,3,12,24,19,4,18,7,7,24,21,6,21,5,8,5,4,18,19,6,12,6,9,8,23,20,20,21,9,7,24,7,21,15,15,8,13,15,19,15,25,24,22,6,3,20,7,25,21,5,9,0,7,23,8,19,5,12,20,23,21,2,4,15,10,13,22,14,16,6,18,3,23,6,13,20,8,9,15,21,8,16,23,19,9,7,24,8,4,23,15,5,3,9,5,19,17,16,21,17
17,9,25,23,14,24,25,23,24,25,12,26,26,7,17,5,6,6,4,4,26,4,18,18,7,5,6,6,6,4,4,13,8,10,26,15,6,22,17,2,22,8,26,16,4,16,19,7,9,3,3,10,19,17,26,19,28,9,5,12,27,21,7,17,5,4,25,23,3,21,5,5,6,7,20,22,2,11,9,6,4,26,24,23,25,5,3,27,3,24,16,14,11,17,16,23,15,25,25,26,5,5,24,10,27,24,4,6,6,0,26,11,23,3,13,22,26,21,4,3,18,12,15,26,14,17,6,17,5,25,5,13,19,7,9,17,25,11,16,24,23,12,4,28,7,4,24,15,4,7,11,5,22,17,17,25,20
18,23,17,12,19,5,17,15,11,11,22,15,11,24,12,23,27,22,27,28,18,27,11,18,22,23,23,24,22,25,25,19,23,24,21,18,26,14,16,27,9,23,6,16,26,16,14,23,23,26,26,22,17,18,16,19,4,23,24,20,20,12,22,14,27,24,10,12,27,12,24,26,24,21,18,8,27,20,23,26,28,7,7,10,12,28,26,22,26,18,19,19,21,14,18,10,18,10,10,10,27,25,10,20,6,11,26,26,23,27,0,19,9,26,20,10,20,13,23,25,15,21,20,10,18,16,23,15,24,11,26,22,15,25,26,16,24,21,19,13,8,18,27,25,23,25,13,17,27,23,23,25,7,18,17,19,14
17,7,22,16,7,15,22,18,15,15,13,22,19,7,8,7,10,6,10,11,22,10,9,15,6,7,6,7,5,9,8,5,6,8,17,11,10,16,8,10,12,6,17,13,9,6,15,6,6,10,10,7,17,16,20,16,18,6,7,8,20,14,5,13,10,7,18,15,10,15,8,9,8,5,12,13,11,10,6,9,12,17,14,14,15,12,10,18,10,15,10,15,5,7,10,13,10,19,18,16,10,8,15,3,19,15,10,10,7,11,17,0,13,10,7,14,17,16,7,8,9,6,8,16,10,10,7,15,8,18,9,14,16,9,10,10,20,4,16,18,13,3,10,18,8,8,17,13,10,6,7,8,13,12,11,16,12
11,18,14,5,14,6,13,8,6,7,17,13,10,19,7,18,22,17,22,23,14,22,6,12,17,18,18,19,17,21,20,14,18,19,16,13,21,7,11,22,6,18,8,11,21,11,7,18,18,22,21,18,10,11,12,13,11,18,19,15,18,6,17,10,22,19,9,5,22,6,19,21,20,16,13,4,23,16,18,21,23,9,5,7,6,23,21,17,22,13,14,15,16,9,13,3,14,11,9,9,22,20,3,15,12,7,21,21,19,22,9,14,0,21,15,4,15,6,19,20,11,16,15,9,14,11,18,10,20,9,21,17,8,20,21,11,19,16,13,6,6,13,22,20,18,20,6,12,22,18,18,20,4,14,12,14,9
15,10,24,22,13,23,23,21,23,23,11,25,25,7,16,7,4,7,5,4,25,3,17,17,7,5,6,7,7,5,5,13,6,9,24,14,5,21,16,2,21,9,25,14,4,15,18,6,8,4,4,9,17,15,25,18,26,10,7,11,26,20,8,16,6,3,23,22,1,20,4,3,6,8,19,21,3,10,10,5,5,25,23,22,24,4,3,26,3,23,15,13,9,15,15,22,13,24,23,24,5,5,23,10,26,23,4,5,6,3,25,10,22,0,11,21,25,20,6,5,17,11,14,25,13,16,5,16,6,23,5,12,18,7,8,16,23,10,14,23,22,11,3,26,6,5,23,13,5,7,10,5,21,15,16,24,19
13,11,22,17,4,17,22,17,17,17,9,21,21,10,10,10,11,9,14,12,22,11,11,11,9,11,11,12,10,12,12,6,9,7,20,6,11,14,6,12,15,11,19,8,11,8,12,9,7,13,13,6,13,11,22,12,21,10,11,1,22,12,9,9,13,9,20,14,11,13,9,10,12,9,10,15,13,5,11,11,13,19,17,16,18,12,11,20,11,17,6,10,4,8,5,15,5,21,20,18,14,12,17,7,21,17,13,11,10,13,19,9,16,11,0,13,19,14,11,12,8,4,4,19,5,7,8,10,11,20,11,8,11,13,9,6,22,9,13,18,16,6,11,20,6,12,17,8,14,9,7,10,15,7,7,18,10
8,19,14,6,15,7,13,8,7,8,14,13,11,20,8,19,20,18,23,21,14,20,7,9,18,19,19,20,18,21,21,15,19,18,17,11,20,4,12,21,6,19,9,8,21,12,4,19,18,23,22,17,7,8,13,10,12,19,20,14,19,3,18,7,22,18,10,2,21,3,19,19,21,17,12,6,22,13,19,20,22,10,6,8,7,21,19,18,20,14,13,12,16,10,12,3,11,12,10,10,22,21,6,16,12,8,22,20,20,22,10,15,3,20,14,0,16,3,20,21,9,16,16,10,11,9,18,7,21,10,21,14,5,21,18,10,20,17,10,7,7,14,20,21,15,21,5,9,23,19,18,20,5,11,11,15,7
20,22,24,18,18,17,24,20,17,17,22,23,21,23,11,22,26,21,26,27,24,26,11,18,21,22,22,23,21,25,24,18,22,23,3,18,25,18,15,26,14,22,19,16,25,15,17,22,22,26,25,22,19,19,21,19,20,22,23,19,4,15,21,15,26,23,20,17,26,17,23,25,24,20,17,15,27,21,22,25,27,19,16,16,17,27,25,4,26,6,18,20,20,13,18,15,18,21,20,18,26,24,16,19,21,17,25,25,23,26,19,18,15,25,19,16,0,18,23,24,14,20,19,18,18,15,22,17,24,19,25,22,17,24,25,15,6,20,21,20,15,17,26,17,23,24,19,17,26,22,22,24,15,18,16,12,13
7,20,13,7,15,10,13,8,8,10,13,13,12,20,8,20,19,19,23,20,13,19,7,7,19,20,20,21,19,22,22,16,18,17,17,10,19,4,12,20,8,20,12,7,20,12,3,18,17,22,22,16,6,7,13,9,14,19,21,13,19,2,19,6,21,17,11,4,20,2,18,18,21,18,10,9,21,12,20,19,21,12,9,9,8,20,18,18,19,14,11,10,15,9,11,5,11,14,11,12,22,22,8,17,15,10,22,19,20,21,12,16,6,19,12,3,16,0,20,21,7,15,15,12,10,8,17,6,21,11,20,13,4,22,17,9,20,18,9,8,9,14,19,22,14,22,6,8,22,20,17,19,7,11,10,15,6
18,7,27,23,13,22,26,24,22,22,13,27,25,3,14,3,9,3,6,8,27,7,15,19,4,4,4,6,4,5,4,10,6,10,23,15,10,23,15,6,19,6,24,17,6,13,21,6,8,6,5,9,20,18,26,20,25,6,4,13,24,20,4,18,6,7,24,21,7,22,5,8,5,5,18,19,7,12,7,9,7,23,21,20,22,9,7,24,7,21,16,15,9,14,16,20,15,25,24,23,6,2,21,8,26,21,5,9,2,6,23,9,20,6,13,21,23,22,0,3,16,10,14,23,15,17,7,19,1,24,6,14,20,8,10,16,22,9,17,24,20,9,7,25,9,4,24,16,6,4,9,6,20,17,17,22,18
20,8,28,25,15,24,28,26,24,24,15,29,28,6,16,5,9,5,5,7,29,7,18,21,6,7,7,6,6,4,3,12,9,12,25,17,9,25,17,5,21,8,26,19,7,15,23,9,11,5,5,11,22,20,29,22,27,8,5,15,27,22,6,20,6,7,27,24,6,24,9,8,8,7,21,22,6,14,8,9,7,26,23,23,24,8,6,27,6,24,18,17,11,16,18,22,17,28,27,25,5,5,23,10,28,24,5,9,5,6,26,11,22,7,15,23,26,25,4,0,18,12,16,25,17,19,9,21,5,27,8,16,22,9,12,18,24,10,19,27,22,11,7,27,11,4,26,18,5,7,11,8,22,19,20,24,21
9,15,17,13,10,13,17,12,13,13,10,17,17,15,5,14,16,14,18,17,17,16,7,7,14,15,14,15,13,17,16,10,14,12,15,5,16,10,6,17,10,14,15,5,17,6,8,14,13,18,17,11,9,8,17,8,17,14,15,7,17,7,13,5,18,14,16,9,17,9,15,15,16,12,5,11,18,9,14,16,18,15,13,12,14,17,15,16,16,13,6,8,10,3,5,10,5,17,16,15,18,16,13,11,17,13,18,16,15,18,15,10,11,16,7,8,15,9,15,16,0,9,9,15,6,2,14,7,16,16,17,10,8,17,14,3,18,12,10,14,12,9,16,16,11,16,12,5,18,14,12,16,11,5,4,13,5
15,9,25,20,5,19,24,20,19,19,9,24,23,9,12,8,11,8,12,12,25,11,13,13,8,9,8,10,8,11,10,5,7,5,22,8,10,17,9,11,17,9,21,10,10,9,14,6,5,12,11,3,15,14,24,14,23,9,9,5,24,15,7,12,13,8,22,17,11,15,8,10,10,7,13,17,11,6,9,10,13,21,19,18,20,12,11,23,11,19,9,12,2,11,8,18,7,23,22,21,12,10,19,6,23,19,12,10,9,12,21,8,18,10,5,16,21,16,9,10,11,0,7,21,7,10,7,12,10,22,10,10,14,11,9,10,22,7,15,21,18,5,11,22,6,10,20,10,12,8,4,9,17,9,10,20,13
15,12,23,18,3,17,23,19,17,17,11,23,20,11,9,11,14,10,15,15,24,14,10,13,10,12,11,12,11,13,13,6,10,8,19,8,13,16,3,14,14,11,18,11,13,6,15,10,8,14,14,7,15,14,21,14,20,11,12,6,21,13,10,12,15,11,19,15,14,15,11,13,13,10,11,14,15,9,11,13,16,18,16,15,17,15,14,20,14,16,8,13,5,7,7,15,7,20,19,18,15,13,16,8,21,16,14,13,11,15,18,9,15,13,5,15,18,16,11,12,9,5,0,18,8,9,10,13,12,19,13,11,14,14,11,8,22,10,16,19,15,6,14,19,8,13,18,10,15,10,8,12,14,10,9,17,11
17,23,12,7,19,7,13,9,4,7,21,11,4,23,12,23,24,22,27,26,14,25,11,17,22,23,23,24,22,25,25,19,23,24,21,18,23,13,16,26,10,23,9,16,26,16,13,23,23,26,26,22,16,17,12,18,6,23,24,20,21,11,22,14,27,24,4,10,26,11,24,24,24,21,18,6,27,21,23,23,27,4,5,6,7,26,25,22,25,18,19,19,21,14,18,9,19,4,4,12,27,25,8,20,5,7,26,23,23,27,9,19,8,26,20,9,20,12,23,24,15,21,20,0,18,16,23,15,24,4,26,20,14,25,23,16,24,21,17,9,9,18,26,25,23,25,10,17,27,23,23,25,5,18,17,19,14
10,13,20,16,7,17,20,16,17,17,7,20,20,13,9,12,12,12,15,13,20,12,11,8,12,13,12,14,12,15,14,9,11,9,19,3,12,12,7,13,14,13,19,6,13,8,9,10,9,15,15,8,10,9,20,9,20,13,13,4,21,10,11,7,14,10,19,12,12,11,11,11,13,11,9,15,14,5,13,12,14,18,16,16,17,13,11,20,12,17,5,8,6,7,5,13,3,21,19,18,14,14,16,10,21,17,15,12,13,14,18,11,14,12,4,11,18,11,13,14,7,7,6,18,0,7,10,8,14,19,13,7,9,15,10,6,22,11,11,17,15,9,12,19,7,14,15,5,15,12,9,12,15,5,6,17,9
8,16,17,13,10,13,17,13,14,14,10,17,17,16,7,16,16,15,19,16,17,15,7,6,15,16,16,17,15,18,17,12,14,12,16,4,15,10,8,17,11,16,15,4,16,8,7,14,13,18,18,11,8,7,17,7,17,16,17,7,18,7,15,4,17,13,16,9,16,8,14,14,17,14,7,12,17,8,16,15,17,15,13,13,14,16,15,16,15,13,6,7,10,5,6,10,5,17,16,15,18,17,13,13,17,14,18,15,16,17,15,12,11,15,7,8,15,9,16,17,3,10,9,15,6,0,13,6,17,16,16,9,7,18,13,5,18,14,9,14,12,11,15,17,10,17,12,4,19,15,12,15,12,5,5,14,6
13,8,22,20,10,21,21,19,20,21,9,22,23,6,13,7,5,7,8,7,23,6,14,14,6,5,5,8,6,8,8,10,3,6,22,11,5,18,13,6,18,7,23,12,5,12,15,3,5,8,8,6,15,13,23,15,24,7,8,8,23,17,6,13,8,2,21,19,5,17,4,5,6,6,16,18,7,7,7,4,8,22,20,19,21,7,5,23,5,20,12,11,6,13,12,19,11,22,21,22,8,7,20,8,24,20,8,5,6,6,22,8,19,5,9,18,22,17,7,8,14,7,11,22,10,13,0,13,8,21,5,9,15,9,5,13,21,8,12,20,19,9,6,24,3,8,21,11,8,5,7,4,19,13,13,21,16
4,18,14,10,12,13,13,9,11,13,10,13,15,17,9,17,16,17,19,16,14,16,8,4,17,16,16,19,17,18,18,14,15,13,17,7,15,7,11,17,10,18,15,3,17,12,3,14,14,19,18,13,3,4,13,5,17,18,18,9,19,6,16,4,17,13,14,8,16,5,15,15,17,16,10,11,18,8,18,15,17,15,13,12,11,17,15,18,15,15,10,7,11,9,9,9,8,15,14,14,18,18,12,15,17,13,19,16,17,17,15,16,10,16,10,7,16,6,18,18,7,12,12,15,7,6,14,0,19,14,16,10,3,19,14,9,20,17,6,10,11,14,16,21,11,18,9,4,19,16,13,16,11,8,9,15,6
18,6,27,23,12,21,26,24,21,21,14,27,25,4,14,2,8,3,5,7,28,6,15,19,4,5,4,5,3,4,3,10,7,9,23,15,9,23,15,5,19,5,23,17,6,13,21,7,8,5,4,9,20,18,26,21,25,5,3,12,24,20,4,19,6,7,24,21,6,21,6,7,6,4,18,19,6,13,6,9,7,23,21,20,22,8,6,24,6,21,15,16,8,14,15,20,14,25,24,23,5,3,21,7,25,21,5,9,3,6,23,8,20,6,12,21,23,22,1,3,16,9,13,23,14,16,7,19,0,24,7,15,21,8,10,16,22,8,17,24,20,9,6,25,9,3,23,16,5,4,9,6,19,16,17,22,18
15,22,12,6,18,11,12,8,3,7,19,11,3,23,11,22,23,21,26,25,12,24,10,17,21,22,22,23,21,25,24,18,22,23,20,17,21,12,15,25,10,22,13,15,25,15,13,22,22,26,25,22,16,16,10,18,9,22,23,19,21,11,21,14,25,23,1,11,24,11,23,22,24,20,17,7,26,20,22,21,25,7,8,5,6,24,23,21,23,17,18,17,20,13,17,9,18,3,1,14,26,24,7,19,6,6,25,22,23,25,11,18,8,24,19,9,19,12,23,24,15,20,19,5,18,15,22,15,24,0,25,18,14,24,21,15,23,20,15,8,10,17,24,24,22,24,9,16,26,22,22,24,8,18,16,18,13
17,10,26,23,13,23,25,23,23,23,12,26,26,6,15,6,6,6,5,7,26,6,17,18,6,3,5,8,7,6,6,12,5,9,24,14,6,22,16,3,20,9,25,15,2,14,19,5,8,5,5,9,19,17,26,19,26,9,7,11,26,20,7,17,8,4,25,22,4,20,4,6,4,7,19,21,4,11,9,6,7,25,22,22,23,7,5,26,5,23,15,14,9,15,15,21,14,25,25,24,8,5,22,10,27,23,5,6,6,6,25,10,21,3,12,21,24,21,6,6,17,10,14,24,13,17,5,17,7,25,0,13,18,10,9,16,23,10,16,24,21,11,6,26,7,6,24,14,5,6,10,2,21,16,17,23,19
9,15,18,16,9,19,18,16,17,19,4,19,19,13,12,14,12,14,15,12,19,11,13,8,13,13,12,15,13,14,14,11,11,10,22,7,11,13,10,13,16,14,21,7,13,10,9,11,11,14,14,10,10,9,19,9,22,14,15,7,24,12,13,9,13,10,18,15,12,12,11,10,14,13,12,17,13,4,14,11,13,21,19,17,18,12,11,23,11,19,8,6,8,10,8,15,7,18,17,20,14,14,19,12,20,19,14,11,13,13,21,13,17,12,7,14,21,13,14,14,10,9,9,20,6,9,10,8,15,17,13,0,9,15,9,9,25,14,8,17,17,11,11,22,7,14,16,6,15,12,10,12,17,9,10,20,12
5,20,13,9,13,13,13,8,11,13,11,12,15,18,10,19,17,18,20,18,13,17,9,5,18,18,17,20,18,20,20,15,16,15,18,8,16,6,13,18,11,19,15,4,18,13,2,16,15,20,20,14,4,4,13,6,17,19,20,11,20,5,18,5,19,15,14,7,17,4,16,16,18,18,11,11,19,9,19,16,19,15,12,12,11,18,16,19,16,16,11,8,12,10,11,8,9,14,14,15,19,20,11,16,17,12,20,17,19,18,15,17,9,17,11,6,18,5,19,19,8,13,13,14,8,8,15,4,20,14,18,11,0,20,15,10,21,18,6,10,12,15,17,22,12,19,8,6,20,17,15,17,10,9,10,16,7
20,7,29,24,14,22,29,25,22,22,16,29,26,9,15,7,11,7,9,11,29,10,16,22,7,10,9,8,6,7,7,12,10,12,24,17,12,24,16,9,20,5,24,20,10,14,23,10,11,9,9,12,23,21,27,23,26,7,7,14,25,21,7,20,6,10,25,22,8,22,11,10,11,6,19,20,10,15,7,11,7,24,22,21,23,11,10,25,10,22,17,18,11,15,17,21,17,26,25,24,7,9,22,10,26,22,9,12,8,10,24,10,21,9,14,22,24,23,7,7,17,12,15,24,17,17,10,22,8,25,12,17,23,0,13,17,23,9,20,25,21,10,10,25,12,8,24,19,9,8,12,11,20,19,18,23,19
13,10,21,19,10,23,21,19,20,22,8,22,22,8,16,9,5,9,10,8,22,7,17,14,9,8,8,11,9,10,10,11,7,8,24,11,4,18,13,8,21,10,25,12,9,14,15,6,8,10,10,8,15,13,22,15,25,10,10,8,26,17,9,13,9,5,21,19,7,17,7,5,9,8,16,21,9,7,10,4,9,25,22,20,22,7,6,26,6,23,12,10,7,14,12,20,11,21,21,24,9,10,22,10,23,22,10,5,9,8,25,10,21,8,9,18,25,17,9,9,14,9,11,23,10,13,6,14,10,20,8,9,15,10,0,13,23,10,12,20,22,11,7,26,4,9,20,11,10,8,10,8,21,13,14,24,16
11,15,18,13,8,14,17,13,14,14,11,17,17,15,6,15,16,14,18,17,18,16,7,9,14,15,14,15,13,17,16,10,14,12,16,6,16,10,5,17,11,14,16,6,17,6,10,14,13,18,18,11,11,9,17,10,17,14,15,7,18,7,13,6,18,14,16,10,16,9,15,15,16,13,5,11,18,9,14,16,18,15,13,12,14,17,15,17,15,13,6,9,9,4,5,11,6,17,16,15,18,16,13,11,18,13,18,16,15,17,15,10,12,16,7,9,15,10,15,16,4,9,9,15,7,4,14,8,16,16,17,11,9,17,14,0,19,13,11,14,12,9,16,16,11,16,13,6,18,14,12,16,12,5,4,14,6
25,19,28,23,23,21,28,24,21,21,25,28,25,19,15,19,22,18,23,24,29,23,15,23,18,19,19,20,18,22,21,21,19,21,4,22,22,23,20,23,19,19,23,20,22,20,22,19,19,23,22,21,24,24,26,24,25,19,20,23,9,20,18,19,23,20,24,21,23,21,20,22,20,17,21,19,23,24,19,22,24,23,21,20,22,24,22,5,22,10,22,24,19,17,22,20,22,25,24,23,23,21,21,18,25,21,22,22,20,23,23,18,20,22,23,21,7,22,20,21,19,20,24,23,23,19,19,22,21,24,22,26,22,21,22,20,0,18,25,24,20,19,23,14,21,21,23,21,23,19,21,21,19,22,21,14,18
17,7,25,19,9,18,24,21,18,18,13,24,21,7,10,7,10,6,10,11,25,10,12,17,6,7,6,7,5,9,8,7,6,7,20,12,10,19,11,10,15,6,20,15,9,9,18,7,6,10,10,7,19,17,22,18,21,6,7,9,22,16,5,15,10,7,20,18,10,18,8,9,8,5,15,16,11,11,6,9,12,19,17,17,18,12,10,21,10,18,12,15,6,10,12,16,12,22,20,19,10,8,17,4,22,18,10,10,7,11,19,4,16,10,9,17,19,18,7,8,12,7,10,19,12,13,7,17,8,20,9,14,18,9,10,12,19,0,16,20,16,6,10,21,8,8,20,14,10,6,7,8,16,14,13,18,14
3,19,16,12,13,16,15,11,14,15,9,15,17,17,11,18,15,17,19,17,16,16,10,3,18,17,17,20,18,19,19,15,15,14,20,8,14,9,12,18,13,19,18,4,17,13,5,15,15,19,19,13,4,2,16,4,19,18,19,10,22,8,17,5,18,14,16,10,17,8,15,15,18,17,12,14,18,9,19,14,18,17,15,14,13,17,15,20,16,17,10,6,12,10,10,11,9,16,16,17,18,19,14,16,18,15,19,14,18,18,17,17,12,16,10,9,19,8,18,18,8,13,13,17,8,7,14,4,19,16,17,9,5,20,13,10,22,17,0,13,14,15,16,23,11,19,11,5,19,17,14,16,14,9,9,18,9
12,23,10,2,18,11,9,3,4,6,19,9,8,23,11,23,22,22,26,24,10,23,10,13,22,23,22,23,21,25,24,18,22,23,20,16,21,8,16,25,10,22,13,13,25,15,10,23,22,26,26,22,11,12,9,14,13,22,23,19,22,9,21,13,25,23,7,8,24,9,24,22,24,21,16,7,26,18,22,21,25,10,9,5,4,24,23,21,23,18,17,16,20,13,17,7,17,8,7,14,26,24,6,19,11,6,26,21,23,25,14,18,7,24,18,7,20,8,23,24,14,20,20,8,17,14,23,11,24,7,25,18,11,25,21,15,23,21,14,0,10,17,23,25,20,24,5,14,26,22,23,24,8,17,16,18,12
15,21,15,9,16,4,15,11,9,8,19,15,11,21,9,20,24,20,24,25,16,24,8,15,20,21,20,21,19,23,22,16,20,21,18,15,23,11,14,24,4,20,6,13,23,13,11,20,20,24,23,20,14,15,13,16,9,20,21,17,20,9,19,11,24,21,11,8,24,9,21,23,22,18,16,5,25,18,20,23,25,8,4,7,9,25,24,19,24,16,16,17,18,11,16,7,16,11,11,4,24,22,7,17,10,8,24,24,21,25,8,16,6,23,17,7,17,10,21,22,13,18,17,9,15,13,20,13,22,11,23,19,12,23,23,13,21,18,16,10,0,15,24,22,20,22,10,14,24,20,20,22,4,15,14,16,11
17,8,22,16,4,15,21,18,15,15,13,21,18,8,7,8,12,7,12,13,22,12,9,15,7,8,8,9,7,10,10,2,8,8,17,10,11,16,7,11,12,8,17,12,11,6,15,8,7,11,11,7,17,16,19,16,18,8,9,7,19,13,7,13,12,9,18,15,12,15,9,11,9,6,12,13,12,9,8,11,13,17,14,14,15,13,11,18,11,15,9,14,5,7,9,13,9,19,17,16,12,10,14,5,19,15,11,11,8,12,17,4,13,11,6,14,16,15,8,10,9,5,5,16,9,10,8,14,9,17,11,13,15,10,11,9,20,6,17,17,13,0,12,18,9,10,17,12,12,7,7,10,13,11,10,15,11
16,11,25,23,14,24,24,22,24,24,12,26,26,9,17,8,4,8,7,3,26,1,18,18,9,8,9,9,8,6,6,13,9,12,25,15,4,22,17,5,21,11,26,15,6,15,19,9,11,6,6,11,18,16,26,19,27,10,8,12,27,21,9,17,7,5,24,23,4,21,6,3,8,9,20,22,6,10,11,4,6,26,23,23,24,2,3,27,3,24,16,14,12,16,16,22,15,25,24,25,6,7,24,11,27,24,6,4,8,5,26,11,22,5,13,22,26,21,7,6,18,13,15,25,14,17,7,17,8,24,7,13,19,9,8,17,24,11,15,24,22,12,0,27,8,6,24,14,7,9,12,7,22,17,18,25,20
24,24,29,24,18,23,29,25,23,23,25,29,26,24,15,24,27,23,28,29,30,28,16,22,23,24,24,25,23,26,26,20,24,23,15,20,27,23,16,27,20,24,24,20,27,15,23,24,24,27,27,22,24,23,27,23,26,23,25,21,20,21,23,20,28,25,25,22,28,22,25,27,25,22,19,20,28,22,24,27,29,24,22,21,23,29,27,16,27,17,19,22,20,14,19,21,19,26,25,24,28,26,22,21,27,22,27,27,24,28,24,20,21,27,20,22,18,23,24,25,16,20,19,24,20,17,24,22,25,25,27,24,23,26,27,17,13,22,25,25,21,19,28,0,24,26,25,20,28,24,23,26,20,19,18,9,19
14,10,23,20,8,22,22,20,21,22,9,23,24,8,14,9,7,9,11,8,24,7,16,12,8,8,7,10,9,10,10,9,6,6,24,9,6,16,12,8,19,9,24,10,8,12,14,5,7,10,10,6,14,13,24,14,25,9,10,6,26,15,9,11,9,5,22,17,7,15,6,6,8,8,14,20,9,5,10,6,9,23,21,21,21,8,7,25,7,22,10,11,6,13,10,18,9,23,22,23,10,9,21,9,25,22,10,7,9,8,23,10,19,7,7,16,24,16,9,10,12,7,9,23,8,11,5,12,10,22,8,9,13,11,4,11,23,10,13,21,20,9,7,24,0,10,19,9,11,7,8,7,20,11,12,22,14
18,7,27,24,13,22,26,24,22,22,14,28,26,5,15,3,7,4,4,6,28,5,16,20,5,6,5,4,4,2,2,11,8,10,24,16,8,24,16,4,20,6,24,17,5,14,21,8,9,4,3,10,20,18,27,21,26,6,3,13,25,21,4,19,4,6,25,22,5,22,7,6,7,5,19,20,5,12,7,8,5,24,22,21,23,7,5,25,5,22,16,16,9,15,16,21,15,26,25,24,3,4,22,8,26,22,3,8,3,4,24,9,21,5,13,22,24,23,2,2,17,10,14,24,15,17,8,19,3,25,6,15,21,7,10,17,22,9,17,25,21,9,5,25,9,0,24,16,4,5,10,7,20,17,18,23,19
11,22,12,4,18,10,12,6,5,7,17,12,9,22,11,22,22,21,25,24,12,23,9,12,21,22,22,22,21,24,23,18,22,21,19,14,21,6,15,25,9,22,12,11,24,15,7,22,21,25,25,20,10,11,12,13,14,21,22,17,22,6,21,10,25,21,8,5,24,6,22,22,23,20,15,8,25,16,22,21,25,11,9,6,5,24,22,20,23,17,16,15,19,12,15,5,14,10,8,13,25,23,7,18,12,7,25,21,22,25,13,17,6,23,17,4,19,5,22,23,12,19,19,9,14,12,21,10,23,8,24,17,8,24,20,13,22,20,13,5,9,16,23,24,18,24,0,12,25,21,21,23,7,14,14,18,10
7,16,17,12,9,14,16,12,14,15,7,16,18,14,9,15,13,14,16,14,17,13,9,5,14,13,13,16,14,16,15,11,12,10,18,4,13,9,8,14,12,15,16,2,14,9,6,11,11,16,15,10,7,6,16,6,18,15,15,7,20,7,14,4,14,10,17,10,13,7,12,12,14,13,9,13,15,5,15,12,14,16,14,13,13,14,12,19,12,15,7,4,8,7,6,11,5,18,17,16,15,15,14,12,18,14,16,13,14,14,16,13,12,13,7,9,17,8,15,15,5,9,9,16,4,4,11,4,16,16,14,7,5,16,11,6,21,14,7,13,13,11,13,19,8,15,11,0,16,13,10,13,13,5,6,16,7
17,9,26,24,14,24,25,23,24,24,13,26,27,6,17,6,6,6,4,5,27,5,18,18,7,4,6,7,7,4,4,13,7,10,25,15,7,23,17,1,21,9,26,16,3,15,20,7,9,4,3,10,19,17,27,19,27,9,6,12,27,21,7,18,6,4,25,23,3,21,5,5,5,7,20,22,2,11,9,6,5,26,23,23,24,6,4,27,4,24,17,15,11,16,16,22,15,26,25,25,6,5,24,11,28,24,4,7,6,4,26,11,22,3,13,22,26,22,5,4,18,12,15,25,14,18,6,18,6,25,4,13,19,8,9,17,24,11,16,24,22,12,5,27,8,4,25,15,0,7,11,4,22,17,18,25,20
16,5,25,21,11,20,25,22,20,20,12,26,24,1,13,2,9,2,6,8,26,7,14,18,1,3,3,5,3,4,4,8,5,8,21,13,8,21,13,6,17,5,22,16,5,11,20,5,7,5,5,7,18,17,25,19,23,4,3,11,23,19,2,17,6,6,23,20,7,20,4,8,5,3,17,18,6,11,5,8,7,22,19,19,20,9,6,23,7,20,14,14,7,12,14,18,13,24,23,21,6,3,20,6,24,20,5,8,2,6,22,7,18,6,11,19,22,21,2,4,14,8,12,21,13,15,6,18,3,23,6,13,19,8,9,15,20,7,16,23,18,7,7,23,7,4,22,15,6,0,7,5,18,15,16,21,17
17,8,26,20,7,19,25,22,19,19,12,26,23,7,12,7,9,6,11,11,26,10,13,15,6,7,7,9,7,10,9,6,5,4,22,10,9,19,10,9,17,8,21,12,8,11,16,5,3,11,10,3,17,16,24,16,23,7,8,7,23,16,6,14,11,7,22,18,9,17,7,9,8,6,14,17,10,8,8,9,12,21,19,18,20,11,10,22,10,19,10,14,3,11,10,18,9,23,22,20,11,9,19,5,23,19,10,9,8,11,21,7,18,9,7,18,21,18,8,9,13,4,8,21,9,12,5,14,9,22,8,12,16,10,9,11,21,6,16,22,18,5,10,22,7,9,21,12,11,7,0,7,17,11,12,20,14
16,9,25,23,13,23,24,22,23,23,12,26,26,6,15,6,6,6,5,6,26,6,16,17,6,3,5,8,7,6,6,12,5,9,24,14,6,21,16,3,20,9,25,15,1,14,19,5,8,5,4,8,18,16,26,19,26,9,7,11,25,20,7,16,8,3,24,22,4,20,4,5,4,7,19,20,4,10,9,6,7,24,22,21,23,7,5,25,5,22,15,14,9,15,15,21,13,25,24,24,7,5,22,10,27,22,4,6,6,5,24,10,21,3,12,21,24,21,6,5,17,10,14,24,13,16,5,17,6,24,1,13,18,9,9,16,23,10,15,24,21,11,6,26,7,5,24,14,5,6,10,0,21,15,16,23,19
12,20,13,7,15,4,13,9,6,5,19,12,9,20,8,20,23,19,23,24,13,23,7,13,19,20,19,20,18,22,21,15,19,20,17,14,22,8,13,23,5,19,6,12,22,12,8,19,19,23,23,19,12,12,10,14,8,19,20,16,19,7,18,11,23,20,8,6,23,7,20,22,21,18,15,2,24,17,19,22,24,6,2,5,6,24,23,18,23,15,15,16,17,10,15,4,15,8,8,7,23,21,4,16,9,5,23,23,20,24,7,15,3,23,16,5,17,7,20,21,12,17,17,6,15,12,20,11,21,8,22,18,10,22,22,12,20,17,14,8,4,14,23,22,19,21,8,13,23,19,19,21,0,15,13,15,10
10,15,19,15,9,15,19,15,15,15,9,19,19,14,7,14,14,13,18,15,19,14,9,7,14,15,15,16,14,17,16,10,13,11,17,3,14,11,7,16,12,15,17,5,15,8,9,13,11,17,17,10,9,8,19,9,18,15,15,6,19,9,13,6,16,12,18,11,15,10,13,13,16,13,7,13,16,7,15,14,16,17,14,14,15,15,14,18,14,14,5,7,8,6,5,12,3,19,18,16,17,16,14,11,19,15,17,14,15,16,17,12,13,14,6,10,16,11,15,16,4,8,8,16,4,3,12,7,16,18,15,9,8,17,12,5,20,13,10,16,13,10,14,17,9,16,14,4,18,14,11,14,13,0,4,15,7
11,16,20,16,10,16,20,16,16,16,10,20,19,16,8,16,16,15,19,16,21,16,9,9,15,16,16,17,15,18,17,12,14,12,18,4,15,13,7,17,13,16,18,6,16,8,10,14,13,19,18,11,11,10,20,10,19,16,16,7,20,10,15,7,17,13,18,12,16,11,14,15,17,14,8,13,17,8,16,15,17,17,15,14,16,17,15,19,15,15,6,8,10,6,6,13,5,19,18,17,18,17,15,13,20,15,19,15,16,17,17,12,14,15,7,11,17,12,16,17,5,10,9,17,6,4,13,8,17,18,16,10,9,18,13,5,21,14,11,17,14,11,16,18,10,17,15,6,19,15,12,15,14,3,0,16,8
19,21,22,17,17,16,22,19,16,16,21,22,19,21,9,21,24,20,25,26,23,25,9,17,20,21,21,22,20,23,23,17,21,22,12,16,24,17,14,24,13,21,18,15,24,14,16,21,21,24,24,20,18,18,20,18,19,20,22,18,14,14,20,14,25,22,18,15,25,16,22,24,22,19,16,13,25,19,21,24,26,17,15,14,16,26,24,13,24,10,17,18,19,11,16,14,16,19,18,17,24,23,15,18,20,15,24,24,21,25,17,17,14,24,18,15,11,16,21,22,13,19,18,17,17,13,21,16,22,18,24,21,16,23,24,14,14,19,19,18,14,16,25,9,22,23,18,16,25,21,21,23,14,16,15,0,12
9,16,14,10,12,11,14,9,11,11,13,14,15,17,5,16,19,15,20,19,14,18,5,8,15,16,16,17,15,19,18,12,16,16,13,9,18,7,9,20,8,16,13,6,19,9,6,16,16,20,19,14,8,8,14,9,14,16,17,10,15,4,15,5,20,16,14,6,19,6,17,17,18,14,8,9,20,11,16,18,20,12,10,10,11,20,18,14,18,11,9,10,13,6,9,7,9,15,14,12,20,18,10,13,15,11,19,18,17,20,12,12,8,18,10,5,13,6,17,18,5,13,12,12,9,6,16,6,18,14,19,13,6,18,16,7,16,14,10,11,9,11,18,18,13,18,9,7,20,16,15,18,9,9,8,11,0
