Name: bar-n45-m4-c2-OD0.6
Type: GPDPOD-IMC
Commodity type: 4
Compartment num: 2
CapacityHD: 100
VehicleHDs: 10
CapacityOD: 50
VehicleODs: 0
ID Xc Yc DEMAND StartT EndT SerT PairedID
0,41.3722496,2.1636008,[0, 0, 0, 0],0,240,0,0
1,41.3671296,2.0692367,[3, 1, 0, 8],2,122,10,23
2,41.3812716,2.1648239,[14, 6, 2, 25],0,240,10,24
3,41.354318,2.0671293,[14, 6, 2, 22],0,240,10,25
4,41.4427396,2.2253295,[14, 6, 2, 28],0,79,10,26
5,41.3297511,2.0991478,[14, 6, 2, 28],127,240,10,27
6,41.3328466,2.0921043,[14, 6, 2, 21],104,224,10,28
7,41.4479353,2.2194344,[3, 6, 1, 4],19,139,10,29
8,41.352645,2.110783,[14, 6, 2, 24],66,186,10,30
9,41.3830452,2.0762528,[14, 6, 2, 34],56,176,10,31
10,41.4160758,2.1764666,[14, 6, 2, 13],0,110,10,32
11,41.4119643,2.1535583,[7, 2, 1, 12],53,173,10,33
12,41.4442047,2.218796,[14, 6, 2, 20],0,84,10,34
13,41.4548986,2.2100092,[14, 6, 2, 29],129,240,10,35
14,41.4407077,2.2267254,[3, 6, 1, 4],97,217,10,36
15,41.3941327,2.1224947,[14, 6, 2, 23],52,172,10,37
16,41.4490414,2.2067515,[14, 6, 2, 23],92,212,10,38
17,41.3544296,2.0735694,[14, 6, 2, 16],25,145,10,39
18,41.4558747,2.2072483,[14, 6, 2, 12],0,240,10,40
19,41.4436929,2.2246727,[14, 6, 2, 23],0,240,10,41
20,41.3597275,2.0909717,[7, 2, 1, 8],114,234,10,42
21,41.4042244,2.1494187,[14, 6, 2, 22],0,240,10,43
22,41.3375512,2.1083287,[14, 6, 2, 11],0,98,10,44
23,41.3520481,2.0742798,[-3, -1, 0, -8],19,139,10,1
24,41.3746145,2.1643053,[-14, -6, -2, -25],0,240,10,2
25,41.4514197,2.2251463,[-14, -6, -2, -22],0,240,10,3
26,41.450472,2.2086465,[-14, -6, -2, -28],18,138,10,4
27,41.4146917,2.162891,[-14, -6, -2, -28],155,228,10,5
28,41.3745313,2.1450922,[-14, -6, -2, -21],125,235,10,6
29,41.3835998,2.1734228,[-3, -6, -1, -4],48,168,10,7
30,41.3701104,2.1271576,[-14, -6, -2, -24],84,204,10,8
31,41.4008741,2.1610253,[-14, -6, -2, -34],88,208,10,9
32,41.4112566,2.1908185,[-14, -6, -2, -13],15,135,10,10
33,41.4368711,2.234578,[-7, -2, -1, -12],78,198,10,11
34,41.3825888,2.1646439,[-14, -6, -2, -20],30,150,10,12
35,41.4525037,2.2152076,[-14, -6, -2, -29],141,222,10,13
36,41.3937005,2.1506405,[-3, -6, -1, -4],128,233,10,14
37,41.4459384,2.0660805,[-14, -6, -2, -23],78,198,10,15
38,41.3798821,2.0507836,[-14, -6, -2, -23],132,222,10,16
39,41.3906531,2.0730443,[-14, -6, -2, -16],48,168,10,17
40,41.4295296,2.1805525,[-14, -6, -2, -12],0,240,10,18
41,41.4349816,2.1930256,[-14, -6, -2, -23],0,240,10,19
42,41.4530228,2.2052872,[-7, -2, -1, -8],144,223,10,20
43,41.4237267,2.1660094,[-14, -6, -2, -22],0,240,10,21
44,41.4080448,2.2096487,[-14, -6, -2, -11],34,154,10,22
StartID EndID StartX StartY EndX EndY StartT EndT
45,72,41.4493212,2.210935,41.389356,2.1592813,25,484
46,73,41.4441413,2.1803301,41.4394681,2.2171632,130,460
47,74,41.4577076,2.2032435,41.4290784,2.2093427,0,411
48,75,41.3736968,2.1209403,41.4077817,2.1493673,66,486
49,76,41.4381564,2.219303,41.4048157,2.139768,66,501
50,77,41.4659771,2.051335,41.3844065,2.1627032,64,508
51,78,41.4531346,2.2269082,41.4114417,2.1724649,0,720
52,79,41.4551417,2.2083596,41.4500306,2.2226654,68,476
53,80,41.3819329,2.0795768,41.3238794,2.0912046,0,438
54,81,41.4278079,2.169431,41.4369304,2.2198839,78,501
55,82,41.3857728,2.091363,41.3613405,2.0847183,70,493
56,83,41.4582638,2.0713341,41.4065696,2.1451119,0,441
57,84,41.4474967,2.2216705,41.3908214,2.1745486,104,491
58,85,41.3317926,2.0992391,41.3847151,2.066434,79,508
59,86,41.4382502,2.2077829,41.4113198,2.1872084,38,461
60,87,41.3230732,2.0833273,41.4110871,2.1337089,0,720
61,88,41.3550009,2.1001943,41.4292184,2.219643,107,467
62,89,41.4625923,2.2045488,41.4082703,2.1708935,101,488
63,90,41.4062484,2.1650543,41.4201793,2.2027689,122,476
64,91,41.322348,2.0923512,41.4401413,2.1478097,89,491
65,92,41.4406203,2.2241249,41.4354096,2.171624,0,720
66,93,41.4298515,2.1820608,41.3849029,2.0854836,56,497
67,94,41.364272,2.0908178,41.4432,2.22515,49,523
68,95,41.3872974,2.1778131,41.3557355,2.105888,14,449
69,96,41.4404673,2.2378337,41.4449382,2.2241955,0,411
70,97,41.4446179,2.2398851,41.3182357,2.0824932,33,501
71,98,41.351608,2.0737941,41.3672918,2.1148142,37,454
edge
0,19,5,15,17,15,16,17,12,17,13,12,18,17,17,10,17,16,16,19,15,14,12,15,2,18,17,12,6,8,10,10,12,15,6,18,8,19,19,19,15,17,17,15,12,17,18,18,10,16,21,18,17,16,14,14,22,18,14,16,16,13,19,11,15,16,14,16,7,16,17,15,6,17,15,10,11,6,12,19,16,16,17,12,8,19,11,12,15,11,14,19,16,15,17,13,19,16,12
17,0,17,6,27,13,14,24,11,7,19,18,24,22,27,12,22,7,21,26,7,18,11,7,17,25,23,18,14,20,13,18,21,27,18,23,15,19,7,9,20,23,21,20,23,23,19,23,11,25,21,25,22,7,19,9,21,25,12,22,14,9,23,18,14,26,20,7,19,27,28,7,15,25,23,15,14,16,20,26,15,25,7,16,19,9,19,14,24,18,22,19,19,8,26,11,26,13,11
6,19,0,16,18,16,17,17,13,17,12,11,18,17,18,11,17,17,16,19,16,13,13,16,5,18,17,11,7,8,11,9,11,16,4,18,7,19,19,19,14,16,17,14,12,17,17,18,11,16,22,19,17,17,13,15,22,18,15,16,18,14,19,10,16,16,13,17,7,16,17,16,5,17,15,9,9,5,11,19,17,16,18,11,8,19,10,11,15,10,13,18,15,16,17,14,19,17,13
15,6,18,0,26,11,10,25,9,9,20,19,25,22,26,13,22,3,22,27,6,19,9,3,16,25,24,18,15,18,14,19,22,24,18,24,16,19,8,11,21,23,22,21,21,24,20,23,12,25,20,26,23,9,19,11,22,26,10,23,10,8,24,19,11,24,21,8,17,25,26,3,16,25,23,16,15,17,20,26,11,24,9,16,18,11,20,15,23,19,22,19,20,10,25,9,27,11,11
17,26,19,26,0,25,27,5,23,25,13,17,4,6,3,20,7,27,7,3,25,21,23,25,17,4,7,15,21,19,23,16,11,4,18,5,17,25,26,27,12,10,7,16,10,7,10,9,23,3,27,4,7,24,14,22,27,4,25,7,27,25,9,16,26,3,11,25,15,5,5,25,17,5,7,16,18,17,14,4,27,5,24,18,16,26,11,17,7,14,8,16,12,23,2,25,3,26,25
12,14,14,9,23,0,4,23,7,14,20,18,23,23,23,13,23,10,22,25,9,18,4,9,13,24,22,18,11,16,10,17,19,21,15,24,15,21,14,16,22,24,23,22,18,22,22,24,12,22,24,24,23,13,21,14,24,24,2,22,4,8,24,18,3,22,22,11,15,22,23,9,14,22,21,16,15,14,19,25,4,22,11,16,16,16,18,16,20,18,20,21,22,14,23,9,24,5,10
12,13,13,9,22,3,0,22,6,13,19,18,23,22,22,12,22,10,21,24,8,17,4,8,12,23,22,17,11,15,10,17,18,20,14,23,14,20,13,15,22,23,22,21,17,22,21,23,11,21,23,23,22,13,20,13,23,23,3,21,5,8,23,17,5,21,21,10,14,21,22,8,13,22,20,15,14,13,18,24,6,21,10,16,15,15,17,15,20,17,19,21,21,13,22,8,23,6,9
17,23,19,25,6,25,27,0,23,21,13,15,3,4,6,17,4,25,4,5,22,18,23,24,17,3,3,13,21,19,22,15,11,7,18,4,17,22,23,23,10,8,4,14,10,3,8,6,21,5,24,4,4,21,12,19,24,3,25,6,27,23,6,15,26,6,9,21,15,7,7,24,17,4,7,15,14,17,13,4,27,6,21,16,16,23,11,14,7,13,8,12,9,20,5,24,5,26,23
11,11,12,8,24,6,8,24,0,11,18,17,24,22,24,11,22,9,21,25,5,16,6,7,11,25,23,16,10,15,8,16,17,22,13,24,13,19,14,13,20,22,21,20,19,23,20,23,8,23,21,25,22,11,19,11,22,25,6,23,9,3,23,16,8,23,20,7,15,23,24,7,12,23,22,14,13,12,17,26,9,23,8,15,15,13,16,14,21,16,19,19,19,11,24,3,25,8,5
16,7,16,11,27,14,16,23,12,0,19,17,24,21,26,11,21,11,20,26,10,17,12,11,15,24,23,17,12,19,11,17,20,26,17,23,14,18,6,4,20,22,21,19,23,23,19,22,9,24,20,24,21,2,18,5,21,25,14,22,15,11,22,17,16,26,20,9,18,27,28,11,15,24,22,15,14,15,19,25,16,24,9,15,18,4,19,13,24,18,22,18,18,4,26,11,26,14,11
12,19,10,21,13,20,21,12,17,17,0,6,12,11,13,11,10,21,10,15,18,10,19,20,11,13,11,4,12,11,14,5,5,12,10,12,8,18,19,19,5,8,10,4,7,11,8,11,13,11,20,13,11,17,4,15,21,14,19,9,23,18,12,4,22,12,5,17,9,12,13,20,7,11,9,5,7,8,2,14,23,10,17,7,7,19,4,9,10,2,6,10,6,16,12,18,14,22,17
12,16,9,18,17,17,18,15,14,14,5,0,16,14,17,8,13,18,13,18,15,7,17,17,10,16,14,4,11,11,12,6,8,15,9,15,7,15,16,16,8,12,13,8,11,14,11,15,10,15,17,16,14,14,8,12,18,17,16,13,20,16,15,4,19,15,8,14,9,16,17,17,7,15,13,2,4,7,6,17,20,14,14,4,8,16,7,6,13,4,10,11,9,13,16,16,17,19,14
18,23,19,25,6,26,27,3,24,22,12,16,0,5,4,17,5,25,5,3,22,18,23,24,18,4,4,14,21,19,23,15,11,6,18,5,17,22,23,23,11,8,5,14,11,4,8,7,21,3,24,4,5,21,12,19,24,2,25,6,27,23,7,14,26,4,9,22,15,7,7,24,16,4,6,15,15,17,13,4,27,5,21,16,16,23,11,14,7,12,8,13,10,20,4,24,3,26,24
18,21,19,23,7,25,26,3,22,19,11,14,5,0,7,15,3,23,2,6,20,16,23,22,18,4,4,12,21,20,21,14,12,7,19,2,17,20,21,21,9,8,3,12,11,4,7,3,19,7,22,4,1,19,10,17,22,5,24,6,25,21,3,14,26,7,8,19,16,8,8,22,17,6,7,14,13,18,12,5,26,7,19,14,17,21,11,12,8,12,9,11,8,18,6,22,6,24,22
16,26,17,24,4,24,25,6,22,24,12,15,4,8,0,19,8,25,9,5,24,19,21,24,16,5,7,14,19,18,21,14,10,4,17,7,16,24,25,26,11,9,9,14,9,7,11,11,22,4,26,6,9,23,13,21,27,4,23,7,26,23,11,14,24,2,10,24,14,5,5,24,15,5,5,15,16,16,12,6,25,3,24,16,14,26,10,17,5,12,7,15,12,22,3,23,5,25,24
10,12,9,14,21,13,15,17,11,11,11,10,18,15,21,0,15,14,14,20,11,9,13,13,9,18,17,10,8,12,7,10,13,20,10,17,7,12,12,12,14,16,15,13,15,17,13,16,6,19,15,18,15,10,12,8,15,19,13,16,16,12,17,10,15,20,14,11,11,20,21,13,7,18,16,7,6,8,12,19,16,18,10,8,11,12,12,7,18,10,15,12,12,9,20,12,20,15,10
16,22,17,24,8,24,25,3,22,20,11,14,5,4,7,16,0,24,3,7,20,17,22,23,16,5,2,12,20,18,21,13,10,8,17,4,16,20,22,22,8,6,3,12,9,2,6,5,20,5,23,5,4,19,10,17,23,5,23,4,26,22,6,13,25,7,7,20,14,9,8,23,15,5,5,13,13,16,11,6,26,6,20,15,15,22,10,13,6,11,7,11,7,18,6,23,6,25,22
16,7,17,4,27,11,12,23,8,10,19,18,24,21,27,12,21,0,20,26,5,18,8,2,17,24,23,17,14,19,13,18,21,25,18,23,15,18,11,12,20,22,21,19,21,23,19,22,11,25,21,24,22,10,18,11,21,25,10,22,12,7,23,18,12,25,20,7,18,26,27,2,15,24,23,15,14,16,19,25,13,25,8,15,19,12,19,14,24,18,23,18,19,11,26,8,26,11,10
18,21,19,23,8,24,25,4,22,19,11,14,6,1,8,15,3,23,0,7,19,16,22,22,18,5,5,12,20,19,20,14,12,8,19,3,16,19,21,21,9,8,3,12,11,5,6,3,19,8,22,5,2,18,10,16,22,6,23,6,25,21,3,14,26,8,7,19,15,9,9,22,17,7,7,13,12,17,12,6,26,8,19,14,16,21,11,12,8,12,9,10,7,17,7,22,7,24,21
17,26,18,25,3,25,26,4,23,24,13,16,3,6,2,19,6,26,7,0,24,20,22,25,17,3,6,15,20,18,22,15,11,4,18,5,17,24,26,26,12,9,6,15,9,6,10,8,23,3,26,3,7,23,13,21,27,3,24,7,26,24,8,15,25,3,10,24,15,4,4,25,16,4,6,16,17,16,13,4,26,4,24,17,15,26,11,17,6,13,8,15,11,22,1,24,2,26,24
15,9,16,7,26,11,12,22,7,10,17,16,23,20,25,10,20,6,19,25,0,16,9,5,15,23,21,16,13,18,11,16,19,25,16,22,14,17,12,11,19,21,20,18,22,21,18,21,9,23,19,23,20,9,17,9,20,24,10,21,11,5,21,17,12,25,19,6,18,26,27,5,14,23,21,14,12,14,18,24,12,23,6,14,17,12,18,12,23,16,21,17,17,9,24,7,24,10,8
10,16,7,19,18,17,18,17,14,15,7,6,18,15,18,8,15,18,14,19,15,0,16,17,8,18,16,6,9,9,11,5,9,16,7,17,5,14,16,17,10,14,15,10,12,16,13,16,10,16,17,18,15,14,10,12,17,19,16,15,19,15,16,6,19,16,10,15,7,17,18,17,5,16,14,3,3,6,8,19,20,15,15,4,7,17,8,5,14,6,11,12,11,13,17,15,19,18,13
11,14,12,11,25,8,9,25,5,14,18,16,25,24,25,11,24,12,23,26,8,16,0,10,11,25,24,16,9,15,9,15,17,23,13,25,13,20,16,16,20,22,24,20,19,24,22,25,10,24,23,26,24,14,20,14,23,25,7,23,10,6,26,16,10,23,20,10,15,23,24,10,12,24,22,14,13,12,17,26,11,23,11,14,15,16,16,14,22,16,19,21,21,14,24,6,26,9,8
15,7,17,3,26,10,11,23,8,11,19,17,24,21,26,11,21,3,20,26,4,17,7,0,16,24,23,17,14,18,12,17,20,24,17,23,15,18,11,13,20,22,21,19,20,23,19,22,10,24,21,24,21,10,18,11,21,25,9,22,11,7,23,18,11,24,20,7,17,25,26,1,15,24,22,15,14,16,19,25,12,24,8,15,18,13,19,13,23,18,22,18,18,10,25,8,26,10,9
2,18,6,16,18,15,16,18,12,17,13,13,18,17,18,10,17,17,17,19,15,14,12,15,0,18,17,12,6,9,10,10,12,16,7,19,8,19,18,19,15,17,17,15,13,17,18,18,10,17,21,19,18,16,15,14,22,19,14,16,17,13,19,11,16,16,15,16,8,17,18,15,7,17,15,11,11,6,12,19,17,16,17,12,9,19,11,12,15,11,14,19,16,15,17,13,19,16,12
18,24,20,26,5,26,28,4,24,22,13,16,4,4,5,18,4,26,5,4,23,19,24,25,18,0,5,14,22,20,24,16,13,5,19,3,18,23,24,24,10,9,5,14,11,5,8,7,22,5,25,1,5,22,12,20,25,4,26,7,28,24,7,15,27,5,9,22,16,6,6,25,17,7,8,16,15,18,14,4,28,6,22,17,17,24,12,15,8,13,9,14,10,21,4,25,4,27,24
17,21,18,23,7,24,26,3,22,19,10,13,4,3,6,15,1,23,2,6,20,16,22,22,17,4,0,11,20,19,21,13,11,7,18,3,16,20,21,21,7,6,2,11,10,3,5,4,19,6,22,4,3,19,9,17,22,5,24,5,25,21,4,12,25,7,6,19,15,8,8,22,15,6,6,13,12,16,11,5,26,6,19,14,15,21,10,12,7,10,8,11,7,18,6,22,5,24,21
12,17,10,19,16,18,20,14,16,16,4,3,15,12,15,10,12,19,11,16,16,8,18,18,11,14,13,0,12,12,13,5,7,14,10,13,8,16,17,18,7,10,12,6,9,13,10,13,12,13,18,14,12,15,6,13,19,15,18,12,21,17,14,3,20,14,7,16,10,15,16,18,8,13,11,3,5,8,5,15,21,13,15,5,8,17,6,7,12,3,9,10,7,14,15,17,16,20,15
5,15,5,14,19,10,12,19,8,12,11,11,19,19,19,7,18,14,18,21,10,12,10,13,4,20,19,11,0,8,5,9,11,17,6,20,6,17,15,14,14,16,19,14,13,19,17,20,5,17,19,20,19,12,13,11,19,20,10,16,13,9,20,10,12,18,13,12,8,18,19,13,5,17,15,9,9,5,11,21,13,16,13,10,8,15,9,10,16,9,12,17,15,11,19,9,20,12,8
9,20,6,19,17,17,18,17,14,18,10,10,18,17,17,12,17,20,16,18,17,12,16,18,7,18,17,9,9,0,12,7,9,15,6,18,7,20,20,20,12,14,17,12,11,16,15,18,12,16,22,18,17,18,12,16,23,18,16,15,20,16,18,8,19,16,12,18,5,16,17,18,5,16,14,8,9,5,9,18,20,15,19,10,5,20,8,11,15,8,11,16,13,17,17,16,18,19,15
9,14,9,13,23,10,11,22,7,12,14,13,23,20,23,7,20,12,19,24,8,12,10,11,8,23,22,12,6,12,0,12,14,21,10,22,9,17,15,14,17,19,20,16,17,22,18,21,4,21,19,23,20,12,16,10,19,24,9,20,13,8,22,12,12,21,16,10,12,22,23,11,8,21,19,10,9,9,14,24,13,20,11,11,12,14,13,10,19,13,16,17,18,11,22,8,24,12,6
9,17,7,19,16,17,18,16,14,15,6,5,16,14,16,9,14,19,13,18,16,9,17,18,8,17,15,5,9,8,11,0,7,14,7,16,5,17,17,17,9,11,14,9,10,15,12,15,10,14,19,17,14,15,8,13,20,17,16,13,20,16,16,4,19,15,9,16,6,15,16,18,5,14,12,5,6,5,5,18,20,13,16,7,6,17,6,7,13,4,9,12,10,14,15,16,17,19,14
12,21,10,21,10,20,21,10,18,20,5,8,10,10,10,13,10,22,9,12,20,12,17,20,11,11,9,7,12,12,14,7,0,8,10,11,9,20,21,22,6,7,9,8,4,9,9,11,15,8,23,11,10,19,6,17,23,11,19,7,22,19,11,7,21,8,5,20,9,9,10,20,8,8,6,8,9,9,6,12,22,7,20,9,7,22,3,11,6,5,3,13,7,18,9,19,11,21,17
16,26,18,25,5,24,26,7,22,24,13,16,6,8,6,20,9,26,9,7,24,20,22,24,16,6,9,14,20,18,22,15,11,0,17,8,16,24,26,26,13,11,9,15,8,9,11,11,22,6,27,6,9,23,13,21,27,6,24,9,26,24,11,15,25,4,12,24,14,3,4,24,15,7,7,16,17,16,13,7,26,5,24,17,15,26,11,17,6,13,8,15,12,22,5,24,6,25,24
5,17,3,17,17,14,15,17,11,15,9,9,17,16,17,9,16,17,16,18,14,10,14,16,4,17,16,8,6,5,9,6,8,15,0,18,4,17,17,17,11,13,16,11,11,16,14,17,9,15,19,18,17,15,11,13,20,17,13,14,16,12,18,7,16,15,10,15,5,15,16,16,2,15,13,7,7,2,8,18,17,14,16,8,5,17,7,9,13,7,10,15,12,14,16,12,18,15,11
18,22,19,24,7,26,27,3,24,21,12,15,4,2,6,16,3,24,3,6,21,18,23,23,18,4,4,13,21,20,22,14,12,7,19,0,18,21,22,23,9,8,3,13,11,3,7,5,20,6,23,4,3,20,11,18,24,5,25,6,27,22,5,14,26,7,8,21,16,8,8,23,17,6,7,15,14,18,12,5,27,7,21,15,16,23,12,14,8,12,9,12,8,19,6,23,5,25,23
7,14,5,17,17,15,16,17,12,13,8,7,16,16,17,6,15,17,15,18,13,8,14,15,5,17,16,6,7,7,9,5,8,15,5,17,0,14,14,15,10,13,15,10,10,16,13,17,8,15,17,18,16,12,10,10,17,17,14,14,17,13,17,5,17,15,10,13,6,16,17,16,2,15,13,5,5,3,7,18,18,14,13,6,6,14,7,6,13,6,10,13,11,11,16,13,18,16,11
19,18,17,20,26,21,23,23,19,16,18,17,23,20,26,12,20,20,20,25,17,16,19,19,18,23,22,16,18,20,17,17,21,25,18,22,15,0,18,18,19,21,20,19,23,22,18,21,16,24,8,23,21,16,17,14,7,24,21,21,22,18,22,17,23,25,19,16,19,26,27,19,15,23,22,14,13,16,18,24,23,24,16,14,19,18,19,12,23,17,22,17,18,15,25,19,25,21,18
18,7,18,10,28,17,16,24,15,5,20,18,25,22,27,12,22,11,21,27,12,18,14,11,18,25,23,18,15,20,14,18,21,27,18,24,15,19,0,6,21,23,22,20,23,24,20,23,11,25,20,25,22,6,19,8,22,26,16,23,17,13,23,18,17,27,21,11,19,28,29,10,16,25,23,16,15,16,20,26,17,25,11,16,19,6,20,14,25,19,23,19,19,8,27,13,26,16,13
18,9,18,12,28,16,18,25,14,3,20,19,25,23,28,13,23,13,22,27,12,19,14,13,17,26,24,19,14,21,13,19,22,28,19,24,16,20,6,0,21,24,22,21,24,24,20,24,11,26,22,26,23,4,20,7,22,26,16,23,17,13,24,19,18,27,22,11,20,28,29,12,16,26,24,16,15,17,21,27,18,26,11,17,20,3,20,15,25,19,23,20,20,5,27,13,27,16,13
15,21,13,23,12,23,24,9,20,19,5,8,10,8,11,14,7,23,7,12,20,13,21,22,14,10,8,6,15,14,17,8,6,11,13,9,11,20,21,21,0,5,8,7,7,9,6,9,16,9,22,10,8,19,5,17,23,11,22,7,25,21,9,7,24,11,2,19,12,12,13,22,10,9,7,8,10,11,6,11,25,9,19,10,10,21,5,12,9,5,6,10,4,18,11,21,12,24,20
16,21,15,23,10,25,26,8,22,19,8,11,8,6,9,15,6,23,5,10,20,15,22,22,16,8,7,9,17,16,19,10,8,9,15,8,13,20,21,21,5,0,6,9,9,7,5,7,19,7,22,9,6,19,7,17,23,9,24,5,25,21,8,10,25,9,4,20,14,10,11,22,13,7,5,11,12,13,8,10,26,7,19,12,12,21,7,12,7,8,7,11,6,18,9,22,10,24,22
17,20,18,22,7,24,25,4,22,19,11,13,5,2,7,14,2,22,1,7,19,16,22,21,17,5,3,11,20,19,20,13,11,8,18,4,16,19,20,21,8,6,0,12,10,3,6,3,18,7,21,5,2,18,10,16,22,6,23,6,25,20,4,13,25,7,7,19,15,9,8,21,16,6,6,13,12,16,11,6,26,7,19,13,15,21,10,12,8,11,8,10,7,17,6,21,6,23,21
15,18,13,20,15,22,23,12,19,17,5,7,13,11,15,12,10,20,10,15,17,11,20,19,14,13,11,6,15,15,16,8,8,14,13,12,11,17,18,18,5,8,10,0,10,11,8,11,15,12,19,13,11,16,3,14,20,14,21,10,22,18,12,7,23,14,5,17,13,15,16,19,11,12,10,7,8,11,7,14,23,12,16,8,11,18,8,8,12,6,8,8,6,15,14,19,14,21,18
10,23,11,19,10,18,19,10,16,23,9,12,11,10,10,17,10,20,9,12,18,16,16,18,10,11,10,11,14,12,16,11,7,8,11,11,12,24,24,25,10,9,10,11,0,9,11,11,17,9,27,11,10,23,10,21,27,11,17,8,20,17,11,11,19,9,8,20,8,9,10,18,11,9,7,12,13,11,9,12,20,8,20,13,9,25,7,15,7,9,5,15,11,22,10,18,11,19,18
17,23,19,25,7,25,27,3,23,21,12,15,4,3,7,17,4,25,4,6,22,18,23,24,17,4,3,13,21,19,22,15,12,8,18,4,17,22,23,23,10,8,4,13,10,0,7,6,21,6,24,5,4,21,11,19,24,5,25,6,27,23,6,15,26,7,8,21,15,8,8,24,17,6,7,15,14,17,13,5,27,7,21,16,16,23,11,14,8,13,8,12,9,20,6,24,6,26,23
18,18,16,20,11,21,23,8,19,16,8,10,8,6,11,12,6,20,5,10,17,13,19,19,17,9,7,8,18,17,17,11,10,11,16,7,14,17,18,18,7,6,5,9,11,7,0,7,16,9,19,9,6,16,7,14,20,9,21,6,22,18,7,10,23,10,5,16,15,11,12,19,14,8,7,10,9,14,9,10,23,9,16,11,14,18,9,9,8,9,9,7,4,15,10,19,10,21,18
17,20,19,23,8,24,25,5,22,19,11,13,6,3,8,14,3,22,2,8,19,16,22,21,17,6,4,11,20,19,20,14,11,9,18,5,16,19,20,21,8,7,2,12,10,4,6,0,18,8,21,6,3,18,10,16,22,7,23,6,25,20,2,13,25,8,7,19,15,10,9,21,16,7,6,13,12,17,12,7,26,8,19,13,16,21,11,12,8,11,8,10,7,17,7,21,7,23,21
9,11,9,13,23,13,14,22,9,9,14,13,22,20,23,7,20,12,19,24,8,12,12,11,9,23,21,12,6,13,5,12,14,21,10,21,8,17,12,11,17,19,19,16,16,21,17,21,0,20,19,23,20,8,16,8,19,23,12,20,15,8,21,12,15,21,16,9,12,21,23,11,8,21,19,10,9,9,14,24,16,20,10,11,12,11,13,10,19,13,16,17,17,9,22,7,24,14,5
16,24,17,24,6,24,25,6,22,22,10,14,4,6,4,17,6,25,6,6,22,18,21,23,16,6,5,12,18,17,21,13,9,6,16,7,15,22,24,24,9,7,6,13,9,5,9,8,21,0,24,6,7,21,11,19,25,5,23,4,25,23,9,13,24,4,8,22,13,7,7,24,14,2,4,14,15,15,11,7,25,2,22,15,14,24,9,15,4,11,6,13,10,20,4,23,6,25,23
22,20,19,21,28,23,25,24,21,18,20,19,24,22,27,14,22,22,21,27,19,18,21,21,20,25,23,18,20,22,19,19,23,27,20,24,17,8,20,20,21,23,22,21,25,23,20,23,18,25,0,25,22,18,19,16,5,25,23,22,24,20,23,19,25,26,21,18,21,27,28,21,17,25,23,16,15,18,20,26,25,25,18,16,21,20,21,14,24,19,25,20,20,17,26,21,26,23,20
18,24,19,26,5,26,27,4,24,22,14,16,5,5,5,18,5,26,5,4,23,19,23,25,18,2,5,14,22,20,24,16,12,6,19,4,18,23,24,24,11,9,5,15,11,5,9,7,22,6,25,0,5,22,13,20,25,4,25,8,28,24,7,16,27,5,10,23,16,7,5,25,17,7,8,16,16,18,14,4,27,6,22,17,16,24,12,15,8,14,9,14,10,21,4,25,4,27,25
19,23,20,25,8,26,27,4,24,21,12,15,6,2,8,16,4,24,3,7,21,18,24,23,19,5,5,13,22,21,22,15,13,8,20,3,18,21,22,23,10,8,4,13,12,5,7,5,20,8,23,5,0,20,11,18,24,6,25,7,27,22,5,15,27,8,8,21,17,9,9,23,18,7,8,15,14,18,13,6,28,8,21,15,17,23,12,14,9,13,10,12,9,19,7,23,7,25,23
15,8,16,11,26,14,16,23,12,3,18,17,23,21,26,11,21,12,20,26,10,17,12,12,15,24,22,17,12,19,11,17,20,26,17,23,14,18,6,4,20,22,20,19,22,22,19,22,9,24,20,24,21,0,18,4,20,24,14,21,15,11,22,17,16,26,20,9,18,27,27,11,14,24,22,14,13,15,19,25,16,24,9,15,18,5,18,13,23,17,22,18,18,4,25,11,25,14,11
15,18,13,20,14,21,22,11,19,16,4,7,12,9,13,11,9,20,8,13,16,11,19,18,14,12,10,5,15,14,16,8,7,13,13,11,11,16,18,18,4,7,9,4,9,10,7,10,15,11,19,12,9,15,0,13,19,12,20,9,22,17,11,7,22,13,4,16,12,14,15,19,10,11,9,7,8,11,6,13,23,11,16,8,10,18,7,8,11,5,7,8,5,14,13,19,13,21,18
14,8,14,11,24,14,15,20,11,5,16,15,21,18,24,9,18,12,17,23,10,14,12,12,14,21,20,14,11,16,10,14,17,23,14,20,11,15,8,7,17,19,18,16,20,20,16,19,8,22,18,21,18,3,15,0,18,22,13,19,15,10,20,14,16,23,17,9,16,24,25,12,12,21,19,12,11,12,16,22,16,21,9,12,15,7,16,10,21,15,19,15,15,3,23,10,23,14,9
22,21,20,23,26,24,25,22,22,19,21,19,23,20,26,14,20,23,20,25,19,19,22,21,21,23,22,19,20,23,20,19,23,25,20,22,18,6,21,21,22,22,20,21,25,22,20,21,18,23,5,23,21,18,20,16,0,24,23,21,25,20,22,20,25,25,21,19,22,26,27,22,18,23,21,17,16,18,21,24,26,23,19,17,21,21,22,15,23,20,23,20,20,17,25,21,25,23,21
18,24,19,26,4,26,27,2,24,22,13,17,3,5,3,18,5,26,6,2,23,19,23,25,18,2,4,15,21,19,23,16,12,5,19,4,18,23,24,24,11,9,5,15,10,4,9,7,22,4,25,3,6,22,13,20,25,0,25,7,27,24,7,16,26,4,10,22,15,5,5,25,17,5,7,16,15,17,14,3,27,5,22,17,16,24,12,15,7,14,9,13,10,21,2,25,2,27,24
12,14,13,9,23,1,4,23,7,14,19,18,23,23,23,13,23,10,22,24,9,18,4,8,13,23,22,18,11,15,10,17,19,21,14,24,15,21,14,16,22,24,22,22,18,22,22,24,12,22,24,24,23,13,21,14,24,24,0,22,4,8,24,18,4,22,21,11,15,22,23,9,13,22,21,16,15,14,19,24,5,21,11,16,15,16,18,16,20,18,20,21,21,13,22,8,24,5,10
15,23,16,24,9,23,25,7,21,21,10,13,7,7,8,17,5,25,6,9,21,17,21,23,15,8,6,11,18,17,21,12,9,8,16,7,15,21,23,23,7,5,6,11,8,6,7,8,21,6,24,8,7,20,9,18,24,8,23,0,25,23,8,12,24,8,6,21,13,9,10,23,14,6,3,13,14,15,10,9,25,6,21,14,14,23,9,14,5,10,6,12,8,19,8,23,9,24,23
13,14,14,10,24,4,4,24,8,15,20,19,24,24,24,14,24,11,23,25,10,19,5,9,14,24,23,19,12,16,11,18,20,22,15,25,16,22,15,16,23,25,23,23,19,23,23,25,13,23,24,25,24,14,22,14,25,25,5,23,0,9,25,19,3,23,22,11,16,23,24,9,14,23,22,17,16,15,20,25,3,22,11,17,16,17,19,17,21,19,21,22,22,14,23,9,25,2,11
13,9,13,7,26,8,10,22,4,10,18,17,23,20,26,11,20,7,19,25,3,17,7,6,13,23,22,16,10,17,9,17,19,24,14,22,14,17,12,12,19,21,20,18,21,22,18,21,8,24,20,23,20,10,17,10,20,24,8,21,10,0,22,17,10,24,19,5,16,25,26,6,13,23,21,14,13,13,18,24,11,24,6,14,17,12,18,13,23,17,21,17,18,10,25,4,25,9,6
19,22,20,24,10,25,27,6,23,20,12,15,7,3,9,16,4,24,4,9,21,17,23,23,19,7,6,13,22,21,21,15,13,10,20,5,18,21,22,22,10,9,4,13,12,6,7,2,20,9,23,7,3,20,11,18,23,8,25,8,26,22,0,15,27,10,9,20,17,11,11,23,18,9,8,14,13,18,13,8,27,9,20,15,18,22,12,13,10,13,10,11,8,19,9,23,9,25,22
10,18,8,20,15,18,19,14,15,16,4,4,14,13,14,10,12,20,12,16,17,9,18,19,9,15,13,3,10,9,12,3,6,13,8,14,6,17,18,18,7,10,12,7,8,13,10,14,11,12,19,15,13,16,7,14,20,15,17,11,21,17,14,0,20,13,7,16,7,13,15,19,6,12,10,4,6,6,4,16,21,11,16,6,5,18,5,8,11,2,8,10,8,15,14,17,16,20,15
14,15,15,11,25,3,5,25,9,15,21,20,25,24,25,15,24,12,24,26,10,19,6,10,14,25,24,20,13,17,12,19,20,23,16,26,17,22,16,17,24,26,24,24,20,24,23,25,14,24,25,26,25,15,22,15,25,26,4,23,3,10,26,20,0,23,23,12,16,24,25,10,15,24,22,18,17,15,21,26,2,23,12,18,17,17,20,18,22,20,21,22,23,15,24,10,26,2,12
17,25,18,25,4,25,26,4,23,24,12,16,3,6,2,19,7,26,7,4,24,20,22,25,17,4,6,14,20,18,22,15,10,4,18,6,16,24,25,26,11,9,7,15,9,6,11,9,22,2,26,4,7,23,13,21,26,3,24,6,26,24,9,15,25,0,10,24,14,5,5,25,16,4,6,15,17,16,13,5,26,4,23,17,15,25,10,16,6,13,7,15,12,22,1,24,3,26,24
15,20,13,22,13,22,23,9,19,18,5,7,10,8,12,13,7,22,7,12,19,12,22,21,14,10,8,5,15,14,17,8,6,12,13,9,11,19,20,20,2,6,7,6,8,8,5,9,15,10,21,10,8,18,4,16,22,11,21,7,24,20,9,7,24,11,0,18,12,13,14,21,11,9,7,7,9,11,6,11,25,10,18,9,10,20,5,10,9,6,6,9,3,17,11,21,11,23,19
15,8,15,9,25,11,12,22,7,8,17,16,22,20,25,10,20,8,19,24,4,16,9,6,14,23,21,16,12,18,10,16,19,25,16,21,13,17,11,10,19,21,19,18,22,21,18,21,9,23,19,23,20,8,17,8,19,23,10,20,12,6,21,16,12,25,19,0,17,25,26,7,14,23,21,13,12,14,18,24,13,23,5,14,17,10,18,12,22,16,21,17,17,8,24,6,24,10,6
7,19,6,16,15,16,17,15,14,17,8,8,15,15,15,10,15,17,14,16,16,11,13,16,7,16,14,8,8,7,11,6,7,13,5,16,6,19,19,19,11,13,14,11,10,14,14,16,11,14,21,16,15,16,10,14,21,16,15,14,17,15,16,7,16,14,10,17,0,14,15,16,5,14,13,7,7,5,8,16,17,13,17,9,3,19,7,9,12,7,10,15,12,15,15,15,16,17,14
17,27,18,26,5,25,26,7,23,25,14,17,6,8,5,20,8,27,9,6,25,21,22,25,17,5,9,15,21,19,23,16,12,4,18,7,17,25,27,27,13,11,8,16,10,8,12,10,23,6,27,6,9,24,14,22,28,6,24,9,27,24,11,16,26,4,12,25,15,0,2,25,16,7,7,16,18,17,14,6,27,5,25,18,15,27,11,18,7,14,8,16,13,23,5,24,6,26,25
17,26,18,25,5,25,26,7,23,24,13,16,6,8,5,20,8,26,9,6,25,20,22,24,17,5,8,15,20,18,22,15,11,4,18,7,17,25,26,26,13,11,8,15,9,8,12,10,22,6,27,6,9,24,14,22,27,6,24,9,26,24,10,15,25,4,12,25,14,5,0,25,16,7,7,16,17,16,13,6,26,5,24,17,15,26,11,17,7,13,8,16,13,23,4,24,6,26,24
16,7,17,3,26,11,12,23,8,11,19,18,24,21,26,12,21,3,20,26,4,17,8,2,16,24,23,17,14,19,13,17,20,24,17,23,15,18,11,13,20,22,21,19,21,23,19,22,10,25,21,24,21,10,18,11,21,25,10,22,12,7,23,18,12,25,20,7,18,25,26,0,15,24,22,15,14,16,19,25,13,24,8,15,19,13,19,13,24,18,22,18,18,10,26,8,26,10,9
6,16,4,17,15,14,16,15,11,14,7,7,15,15,15,8,14,18,14,16,14,9,14,17,5,16,14,6,6,5,9,4,6,13,4,16,3,16,16,16,9,11,14,9,9,14,12,15,9,13,18,16,15,14,9,12,19,16,14,12,17,13,16,5,16,14,9,15,5,14,15,17,0,13,11,5,5,2,6,16,17,12,15,7,4,16,5,7,11,5,8,13,10,13,14,13,16,16,12
16,24,17,25,6,24,26,5,22,23,11,15,2,7,4,18,7,26,7,5,23,19,22,24,16,5,6,13,19,18,21,14,10,6,17,7,16,23,24,25,10,8,7,14,9,6,10,9,22,3,25,6,7,22,12,20,25,4,24,5,26,24,9,13,25,4,9,23,14,6,7,24,15,0,5,14,16,15,12,6,26,3,23,16,14,25,10,15,5,11,7,14,11,21,3,24,5,26,24
13,22,14,22,7,21,22,7,19,21,8,12,6,6,7,16,6,23,6,8,21,16,18,21,13,8,6,10,16,15,18,11,6,6,14,8,12,21,22,23,7,5,6,11,6,6,8,7,18,5,23,8,7,20,9,18,23,7,20,3,23,20,8,11,22,5,6,21,11,7,8,21,12,4,0,11,13,12,9,9,23,4,21,13,11,23,6,14,3,9,3,12,9,19,6,20,8,22,21
10,14,8,16,17,16,17,15,13,13,5,4,15,12,17,7,12,16,12,17,13,5,16,15,9,15,14,4,10,9,11,5,8,15,8,14,6,13,14,15,8,12,12,7,10,14,10,13,9,15,16,16,13,12,7,10,16,16,15,13,18,14,14,4,18,15,8,13,8,16,17,15,6,14,12,0,3,6,6,16,19,14,12,3,8,14,7,4,13,4,10,9,9,11,16,15,17,17,13
10,14,8,16,18,14,16,14,11,12,6,5,15,12,18,6,12,16,11,17,13,5,14,15,8,15,14,5,9,9,9,5,9,16,7,14,5,12,14,14,9,13,12,9,12,14,10,13,7,16,15,15,13,12,9,10,15,16,14,13,17,13,14,6,16,17,9,12,8,17,18,15,5,15,14,3,0,6,7,16,17,15,12,2,8,14,8,2,14,5,11,9,10,11,17,13,17,16,11
5,17,2,16,16,13,14,17,10,15,9,8,16,16,16,8,16,17,15,18,13,10,13,15,3,17,16,8,5,5,8,6,8,14,2,17,4,17,17,17,11,13,16,11,10,16,14,17,8,15,19,17,16,14,10,12,19,17,12,14,16,12,18,7,15,15,10,14,5,15,16,15,2,15,13,6,7,0,8,18,16,14,15,8,5,17,7,8,13,7,10,15,12,13,16,12,17,15,11
11,18,9,20,14,19,20,13,16,16,3,4,13,11,13,10,11,20,10,15,16,8,18,19,10,13,12,3,11,10,13,4,5,12,9,13,7,16,18,18,6,9,11,5,7,12,9,12,12,11,19,14,11,15,5,13,19,14,18,10,21,17,13,4,21,12,6,16,8,13,14,19,7,11,9,4,5,7,0,15,22,10,16,5,6,18,4,7,10,2,7,9,7,14,13,17,15,20,15
18,24,19,26,5,26,27,4,24,23,13,16,4,4,4,18,5,26,5,4,23,20,24,25,18,2,5,14,22,20,24,16,12,5,19,3,18,23,24,25,11,9,5,14,11,5,9,7,22,5,25,2,5,22,12,20,25,4,25,8,28,24,7,16,27,5,9,23,16,6,6,25,17,6,8,16,16,18,14,0,28,6,23,17,17,25,12,15,8,14,9,14,10,21,4,25,4,27,25
13,15,15,10,24,3,4,24,8,15,21,19,24,24,24,14,24,11,23,25,10,19,5,10,14,25,23,19,12,16,11,18,20,22,16,25,16,22,15,17,23,25,23,23,19,23,23,25,13,23,25,25,24,14,22,15,25,25,4,23,2,9,25,19,2,23,23,12,16,23,24,10,15,23,22,17,16,15,20,26,0,23,12,17,16,17,19,17,21,19,21,22,22,15,24,10,25,3,11
15,24,16,24,5,23,25,6,21,23,11,14,4,7,4,18,7,25,7,6,23,18,21,23,15,6,6,12,18,17,20,13,9,5,16,7,14,23,24,25,10,7,7,13,8,6,10,9,20,1,25,6,8,22,11,20,25,4,23,5,25,23,10,13,24,3,9,23,13,5,6,23,14,3,4,14,15,14,11,6,25,0,23,15,13,25,8,16,4,11,5,14,11,21,3,23,5,24,23
16,8,16,9,26,11,12,22,9,9,17,16,23,20,25,10,20,9,19,25,5,16,9,8,15,23,21,16,12,18,12,16,19,25,16,22,14,17,11,11,19,21,20,18,22,21,18,21,9,23,19,23,20,9,17,9,20,24,10,21,11,7,21,17,12,25,19,5,18,26,27,8,14,23,21,14,12,14,18,24,12,23,0,14,17,11,18,12,23,16,21,17,17,9,24,8,24,10,9
11,15,9,17,18,16,17,16,13,14,6,5,16,13,18,7,13,17,13,18,14,5,16,16,9,16,15,5,10,10,10,6,9,16,8,15,6,14,15,16,9,13,13,9,12,15,11,14,9,16,17,17,14,13,9,11,17,17,15,14,18,14,15,6,18,17,9,14,9,17,18,16,6,16,14,2,2,7,7,17,19,15,14,0,8,16,8,4,14,5,11,10,10,12,17,14,18,18,13
7,18,5,17,14,15,17,15,13,16,8,7,15,15,15,9,15,18,14,16,15,10,14,16,6,15,14,7,7,6,10,5,7,12,4,16,5,18,18,18,10,12,14,10,9,14,13,16,10,13,20,15,15,15,9,13,20,15,15,13,18,14,16,6,17,13,9,17,3,13,14,16,4,14,12,6,7,4,7,16,18,13,16,8,0,18,6,8,12,6,9,14,11,14,14,14,16,17,13
18,8,18,12,28,17,18,24,15,4,20,19,25,22,28,13,22,13,21,27,12,19,15,13,18,25,24,18,15,21,14,18,21,27,18,24,16,19,4,6,21,23,22,20,24,24,20,23,12,26,22,25,22,5,19,8,22,26,16,23,18,14,24,19,18,27,21,11,20,28,29,12,16,25,23,16,15,16,20,26,19,26,12,16,19,0,20,15,25,19,23,19,20,7,27,14,27,17,13
12,21,10,21,11,20,21,11,17,19,4,7,11,10,11,12,9,22,9,13,19,11,18,21,10,12,10,6,12,11,14,6,3,9,9,11,8,19,21,21,5,7,10,6,5,10,8,11,14,9,22,12,10,18,5,16,22,12,19,8,22,18,11,6,21,10,4,19,9,10,11,21,7,9,7,7,8,8,4,13,22,8,19,8,7,21,0,10,7,4,4,12,6,17,10,18,12,21,16
12,13,9,15,18,16,17,14,14,11,9,8,15,12,18,6,12,14,11,17,11,7,14,13,10,15,14,7,11,11,11,8,12,17,10,14,7,11,13,13,11,13,12,10,14,14,10,13,10,16,14,15,12,10,9,8,14,16,15,13,17,12,14,8,17,17,11,11,10,18,19,13,7,15,14,5,3,8,9,16,18,16,11,5,10,13,10,0,15,8,14,9,10,9,17,13,17,15,13
14,24,15,23,6,22,23,7,20,22,10,14,6,8,6,18,7,24,7,8,22,18,20,22,14,7,6,12,18,16,20,13,8,4,15,8,14,23,24,24,10,7,7,13,6,6,9,9,20,4,25,7,8,22,11,20,25,7,22,6,24,21,9,13,23,4,9,22,12,5,6,22,14,4,4,14,15,14,11,8,24,3,22,15,13,24,8,15,0,11,5,13,10,21,5,22,7,23,22
10,18,8,20,14,18,19,13,15,16,4,4,14,12,14,10,11,20,11,15,17,9,18,19,9,14,12,3,10,9,12,3,5,12,8,13,6,17,18,18,6,9,12,6,8,13,9,13,11,12,19,14,12,16,6,14,20,15,17,11,21,17,13,3,20,13,6,16,7,13,14,19,6,12,10,4,6,6,3,15,21,11,16,6,5,18,4,8,10,0,7,10,7,15,13,17,15,20,15
14,23,12,23,9,22,23,9,20,22,7,10,8,9,9,15,9,24,8,11,22,14,20,22,13,10,8,9,14,14,16,9,5,7,12,10,11,22,23,24,7,7,8,9,4,8,9,10,17,7,25,10,9,21,7,19,25,10,21,6,24,21,10,9,23,7,6,22,11,8,9,22,10,7,5,10,11,11,7,11,24,6,22,11,9,24,5,13,5,7,0,14,8,20,8,21,10,23,19
17,16,14,18,17,19,21,13,17,14,10,11,14,11,16,10,11,18,10,16,15,11,17,17,15,14,12,9,16,16,15,11,13,16,14,13,12,15,16,16,10,11,10,9,15,12,9,12,14,14,17,14,11,14,8,12,18,15,19,12,20,16,12,10,21,16,10,14,15,17,17,17,12,14,12,8,7,12,10,15,21,14,14,9,14,16,11,7,14,9,13,0,7,13,15,17,15,19,16
16,19,13,21,12,22,23,9,20,17,5,8,10,7,12,12,7,21,6,11,17,12,20,19,14,9,8,6,15,15,17,8,8,12,13,9,12,17,19,19,4,6,7,6,10,8,4,8,16,11,20,10,7,16,4,14,20,10,21,8,23,18,9,8,23,12,4,17,13,13,13,20,11,10,8,8,9,12,6,11,24,10,17,9,11,19,7,10,10,6,8,8,0,15,11,19,11,21,19
15,8,15,11,25,14,15,21,11,4,17,16,22,19,25,10,19,11,18,24,9,16,12,11,15,22,21,15,12,18,11,15,18,24,15,21,13,16,8,6,18,20,19,17,21,21,17,20,8,23,19,22,19,3,16,3,19,23,13,20,14,10,21,16,15,24,18,8,17,25,26,11,13,22,20,13,12,13,17,23,15,23,8,13,16,6,17,12,22,16,20,16,17,0,24,10,24,13,10
17,25,18,25,3,25,26,4,23,24,13,16,3,6,2,19,6,26,6,3,24,20,22,24,17,3,6,15,20,18,22,15,11,4,18,5,17,24,25,26,12,9,6,15,9,6,10,8,22,3,26,3,6,23,14,21,27,3,24,7,26,24,8,15,25,3,10,24,14,4,4,25,16,4,6,16,17,16,13,4,26,4,24,17,15,26,11,17,6,13,8,15,11,22,0,24,3,26,24
12,10,13,8,25,8,9,24,3,11,18,17,24,21,26,12,21,8,21,26,5,16,7,7,12,24,23,17,10,16,8,16,18,23,14,23,14,18,14,13,20,22,21,20,20,23,19,22,8,24,21,25,22,10,18,11,21,25,7,22,10,2,23,17,10,24,20,6,16,24,25,7,13,24,23,15,14,13,18,26,11,24,7,15,16,13,17,14,23,17,20,18,19,10,25,0,26,9,5
18,25,19,26,5,26,27,4,24,24,14,17,4,6,4,19,6,27,6,2,24,20,23,26,18,3,6,16,22,20,24,17,12,5,19,5,18,24,25,25,12,10,6,16,11,5,10,8,23,4,26,3,6,23,14,21,26,3,25,8,28,25,8,16,26,4,11,24,16,6,5,26,17,6,8,17,17,18,14,3,27,6,23,18,16,25,12,16,7,14,9,15,11,22,3,25,0,27,26
14,13,15,11,24,4,5,24,8,13,21,20,25,24,24,14,24,11,23,26,8,19,6,10,14,25,24,19,13,17,12,19,20,22,16,25,16,21,15,15,23,25,23,22,19,24,22,25,13,23,23,25,24,13,21,13,23,25,6,23,2,9,25,19,2,23,23,10,16,23,24,10,15,24,22,17,16,15,20,26,3,23,10,18,17,16,19,16,22,19,21,21,21,13,24,10,25,0,11
11,11,12,10,25,10,11,23,6,10,16,15,23,21,25,9,21,9,20,25,6,15,10,8,11,24,22,15,8,15,6,14,16,23,13,22,11,18,13,12,19,21,20,19,19,22,18,22,5,23,20,24,21,9,18,9,20,24,9,21,13,5,22,14,12,24,19,7,15,24,25,8,11,23,21,13,12,11,16,25,13,22,8,13,14,12,15,13,22,15,18,18,18,9,25,5,25,12,0
