Name: bar-n30-m4-c2-OD1.2
Type: GPDPOD-IMC
Commodity type: 4
Compartment num: 2
CapacityHD: 100
VehicleHDs: 8
CapacityOD: 50
VehicleODs: 1
ID Xc Yc DEMAND StartT EndT SerT PairedID
0,41.3722496,2.1636008,[0, 0, 0, 0],0,240,0,0
1,41.4520396,2.2128935,[14, 6, 2, 35],0,117,10,16
2,41.4250776,2.2272202,[14, 6, 2, 34],0,240,10,17
3,41.364272,2.0908178,[14, 6, 2, 30],49,169,10,18
4,41.3216326,2.0964703,[7, 2, 1, 18],0,240,10,19
5,41.3783978,2.1277763,[14, 6, 2, 7],42,162,10,20
6,41.4446179,2.2398851,[7, 2, 1, 12],33,153,10,21
7,41.3544296,2.0735694,[14, 6, 2, 16],25,145,10,22
8,41.4480155,2.2171536,[7, 2, 1, 12],128,240,10,23
9,41.4623355,2.2014148,[14, 6, 2, 15],75,195,10,24
10,41.3742058,2.1417345,[14, 6, 2, 27],0,98,10,25
11,41.4184792,2.143728,[14, 6, 2, 31],81,201,10,26
12,41.4470474,2.2197586,[3, 1, 0, 8],0,113,10,27
13,41.4119643,2.1535583,[7, 2, 1, 12],53,173,10,28
14,41.4345354,2.2361466,[7, 2, 1, 9],73,193,10,29
15,41.3609936,2.0825021,[14, 6, 2, 28],4,124,10,30
16,41.4046304,2.2047496,[-14, -6, -2, -35],22,142,10,1
17,41.4251356,2.0984945,[-14, -6, -2, -34],0,240,10,2
18,41.4432,2.22515,[-14, -6, -2, -30],87,207,10,3
19,41.3991212,2.1567492,[-7, -2, -1, -18],0,240,10,4
20,41.441527,2.2275919,[-14, -6, -2, -7],73,193,10,5
21,41.3182357,2.0824932,[-7, -2, -1, -12],69,189,10,6
22,41.3906531,2.0730443,[-14, -6, -2, -16],48,168,10,7
23,41.3949328,2.12944,[-7, -2, -1, -12],158,231,10,8
24,41.3832447,2.074934,[-14, -6, -2, -15],105,224,10,9
25,41.3764913,2.085174,[-14, -6, -2, -27],20,140,10,10
26,41.3181394,2.0751992,[-14, -6, -2, -31],110,225,10,11
27,41.4076473,2.1545724,[-3, -1, 0, -8],27,147,10,12
28,41.4368711,2.234578,[-7, -2, -1, -12],78,198,10,13
29,41.4669218,2.2381001,[-7, -2, -1, -9],93,213,10,14
30,41.4496721,2.2373738,[-14, -6, -2, -28],48,168,10,15
StartID EndID StartX StartY EndX EndY StartT EndT
31,67,41.4407077,2.2267254,41.3937005,2.1506405,97,505
32,68,41.451625,2.2341474,41.4495961,2.2180694,110,470
33,69,41.4322631,2.2139613,41.4301121,2.1404225,48,474
34,70,41.4441413,2.1803301,41.4394681,2.2171632,130,460
35,71,41.4382502,2.2077829,41.4113198,2.1872084,38,461
36,72,41.4442047,2.218796,41.3825888,2.1646439,0,450
37,73,41.3773527,2.1744796,41.3601525,2.1023202,115,475
38,74,41.4298515,2.1820608,41.3849029,2.0854836,56,497
39,75,41.3857246,2.0845426,41.454215,2.2130729,36,492
40,76,41.4474967,2.2216705,41.3908214,2.1745486,104,491
41,77,41.3857728,2.091363,41.3613405,2.0847183,70,493
42,78,41.4072565,2.1217426,41.4415796,2.2192121,0,456
43,79,41.3622974,2.0931396,41.3948773,2.1903514,0,720
44,80,41.3636997,2.095824,41.4504896,2.2198529,73,520
45,81,41.4436929,2.2246727,41.4349816,2.1930256,0,720
46,82,41.3627279,2.0988052,41.3765834,2.1454686,73,499
47,83,41.3840488,2.0995541,41.4003173,2.1546363,78,507
48,84,41.4166572,2.1910521,41.386186,2.1769304,112,478
49,85,41.4573762,2.2175219,41.4615268,2.2010703,64,472
50,86,41.3819329,2.0795768,41.3238794,2.0912046,0,438
51,87,41.3550009,2.1001943,41.4292184,2.219643,107,467
52,88,41.4578645,2.0511169,41.3993734,2.1576859,0,453
53,89,41.4414417,2.2264754,41.4044977,2.1688326,128,464
54,90,41.440759,2.2378881,41.4533651,2.2357165,0,408
55,91,41.3608153,2.0761441,41.4485571,2.1827231,72,516
56,92,41.441985,2.2115016,41.4033864,2.1443981,43,475
57,93,41.4425434,2.213546,41.376977,2.1712554,59,506
58,94,41.4552567,2.2151101,41.3626952,2.0778621,85,502
59,95,41.4401388,2.2264488,41.4176378,2.1351566,114,474
60,96,41.401785,2.1156419,41.3723636,2.1601655,43,478
61,97,41.4278079,2.169431,41.4369304,2.2198839,78,501
62,98,41.4326536,2.2222507,41.3536974,2.0864987,55,520
63,99,41.3741969,2.1245221,41.4012738,2.1441641,140,440
64,100,41.4460569,2.2221081,41.4698459,2.1816529,42,468
65,101,41.4457797,2.2150333,41.3678151,2.0851413,98,482
66,102,41.411396,2.1370889,41.4394006,2.1672105,111,471
edge
0,17,13,16,14,8,17,16,17,18,6,14,18,12,16,16,11,19,17,10,17,16,19,10,17,15,16,12,15,19,16,17,17,15,18,16,18,3,14,18,18,14,12,14,16,19,14,14,12,19,16,13,22,17,16,17,18,16,19,16,12,14,15,9,18,17,12,8,18,16,17,11,6,13,15,18,8,17,18,9,18,17,6,10,7,18,16,15,10,10,17,18,11,7,17,13,3,16,15,9,21,15,17
18,0,10,21,25,19,8,24,2,5,21,14,4,15,9,20,12,21,6,17,6,25,23,17,20,19,25,15,7,7,7,6,7,7,7,6,4,16,8,22,5,18,13,19,21,6,21,18,11,4,20,22,24,6,8,21,6,5,2,6,14,11,8,21,5,3,13,18,3,10,6,12,19,22,19,2,16,20,6,14,3,8,20,17,15,4,27,8,17,14,7,7,15,20,21,12,20,7,20,16,10,19,8
14,8,0,23,22,19,7,24,8,9,18,16,8,14,5,22,7,23,6,16,7,23,25,19,22,21,24,15,5,10,7,7,8,4,10,7,7,12,10,24,8,20,15,21,23,9,23,20,9,10,22,22,26,7,6,23,7,6,9,6,16,12,3,20,8,8,15,15,9,12,5,9,15,22,21,9,13,22,6,11,8,8,17,16,12,9,24,4,16,12,8,9,16,17,23,14,16,4,22,16,12,21,11
15,21,23,0,12,9,26,8,21,21,11,13,23,16,26,4,21,17,24,15,25,10,10,12,8,6,11,15,25,23,25,25,26,22,18,20,22,16,19,10,23,8,10,3,2,24,3,8,19,22,8,6,20,25,26,6,22,21,21,25,8,17,23,9,24,22,11,13,22,13,23,18,16,4,8,21,17,5,24,20,22,21,12,15,17,20,13,22,16,16,25,17,13,16,5,12,14,23,6,13,22,3,15
14,25,21,12,0,13,25,12,25,26,12,19,26,20,24,12,19,23,25,19,25,3,17,15,15,14,4,19,23,27,24,25,25,23,24,24,25,14,24,18,26,15,16,10,12,27,12,14,21,27,15,10,26,25,24,13,25,24,26,24,14,23,22,13,26,25,18,17,26,19,24,20,17,10,15,26,17,12,25,18,26,26,13,19,16,25,3,22,19,19,25,23,17,17,13,18,14,24,10,17,28,12,22
7,20,19,11,13,0,21,13,21,20,4,12,22,11,20,11,15,15,21,9,21,13,12,6,10,9,13,10,19,22,20,21,21,17,17,18,21,9,15,12,22,8,9,10,11,23,9,8,13,21,10,9,19,21,20,12,21,20,21,20,7,15,18,3,22,21,9,7,22,12,19,11,9,8,9,21,11,11,20,13,21,17,4,9,10,20,14,18,10,10,21,16,8,9,12,11,6,18,11,8,21,10,15
17,7,7,25,24,21,0,26,7,10,20,18,5,16,5,24,11,25,4,17,4,26,26,20,24,23,26,17,4,6,3,5,3,6,12,9,6,14,12,26,6,22,17,23,25,6,25,22,11,8,24,24,28,5,5,25,8,7,7,5,18,14,5,22,6,7,17,17,7,14,7,11,18,24,23,7,15,24,6,13,6,11,19,17,14,10,26,7,17,14,4,11,18,19,25,16,19,5,24,18,14,23,13
16,22,23,7,12,11,27,0,23,22,14,15,25,18,25,5,21,18,26,17,26,11,12,13,10,8,11,16,25,25,25,27,26,23,19,22,24,15,20,13,25,11,11,5,7,26,6,10,21,23,10,7,22,27,26,4,24,23,23,26,10,18,24,12,25,24,13,15,24,15,24,19,18,7,11,23,19,8,25,19,23,22,14,17,18,22,13,24,17,18,26,18,15,18,5,13,16,25,5,15,23,7,17
17,2,9,21,25,19,8,25,0,6,21,14,3,15,9,20,11,21,6,17,7,25,23,17,21,20,26,16,7,8,8,6,8,6,7,5,4,15,8,22,4,18,13,20,21,5,21,18,11,5,20,22,24,6,8,22,5,4,4,6,15,11,7,21,5,2,13,17,3,11,5,11,18,22,19,3,16,21,5,13,3,7,20,18,14,6,26,7,17,14,7,7,15,19,21,12,19,6,21,16,10,19,9
18,5,11,20,26,18,10,24,5,0,21,13,7,14,11,19,13,20,8,17,9,24,22,16,20,19,24,15,10,8,10,9,10,8,7,7,7,16,8,21,8,17,12,19,20,9,20,17,12,5,19,21,23,9,11,21,8,7,5,9,14,11,10,20,8,6,12,17,6,10,8,12,19,21,18,5,17,20,9,15,6,8,20,17,16,1,27,9,17,14,9,6,14,21,20,11,20,9,20,15,9,18,8
5,19,17,12,12,4,20,14,20,20,0,13,20,11,19,12,13,16,19,9,19,12,14,7,12,10,12,11,18,21,18,20,20,15,17,17,19,7,13,14,20,10,9,11,12,21,10,9,11,21,11,9,20,20,19,14,19,19,21,19,8,13,17,4,21,20,10,7,21,13,18,10,6,9,11,20,9,13,19,11,21,16,2,9,8,20,14,16,9,9,20,17,8,7,13,11,4,17,12,8,20,11,15
13,13,16,13,20,10,18,17,13,13,12,0,15,7,18,13,13,14,16,7,17,18,15,8,13,12,18,6,17,15,17,17,18,14,10,13,15,12,8,14,16,11,6,12,13,17,14,10,11,14,13,15,17,17,18,14,14,13,13,17,7,6,15,12,16,14,4,8,14,5,15,10,10,15,12,13,10,13,16,13,14,12,11,7,10,12,20,15,9,9,17,9,6,12,14,4,12,15,13,6,14,12,8
18,4,9,22,26,20,8,25,3,7,21,15,0,16,9,21,12,22,6,18,7,26,24,18,22,21,26,17,8,10,8,6,8,6,9,6,3,16,10,23,4,19,14,20,22,5,22,19,12,7,21,23,25,6,9,22,4,3,5,6,15,13,7,22,4,2,14,18,4,12,5,12,19,23,20,5,16,22,5,14,5,8,20,18,15,7,27,8,18,15,7,8,16,20,22,13,20,6,22,17,11,20,10
12,14,15,14,18,9,17,18,14,15,11,6,16,0,16,14,10,15,16,6,16,19,16,7,14,13,19,3,15,17,15,17,17,13,11,13,16,11,8,16,17,12,7,13,14,18,15,11,8,16,14,16,18,17,16,15,16,15,15,16,8,8,14,11,17,15,5,7,15,8,15,7,9,15,13,15,8,14,16,9,15,12,10,6,9,14,20,13,8,5,17,11,5,11,15,5,11,14,14,5,14,13,10
16,7,4,24,24,20,4,25,8,10,20,17,6,16,0,23,10,24,5,17,5,25,26,20,24,23,26,16,2,8,5,5,6,6,11,9,6,14,12,25,6,21,16,23,24,6,24,21,10,8,23,23,27,5,3,25,8,7,8,4,18,13,4,21,6,7,16,16,7,14,7,10,17,23,22,8,14,24,6,12,6,10,18,17,13,10,25,6,17,14,6,10,17,18,24,15,18,5,24,17,13,22,12
15,20,23,5,12,10,26,6,21,20,12,13,23,16,25,0,21,16,24,15,25,10,9,11,7,6,10,15,24,23,25,25,26,22,17,20,22,15,18,10,23,9,10,3,5,24,5,8,19,21,7,7,20,25,25,2,22,21,21,25,8,16,23,10,24,22,11,13,22,13,22,18,16,6,9,21,17,4,23,19,22,21,12,15,17,20,12,22,15,16,25,16,13,17,3,11,14,23,5,13,21,4,15
10,12,8,20,18,16,12,20,12,13,14,13,12,11,11,20,0,23,11,12,11,19,24,15,22,21,20,11,10,13,10,12,12,9,12,10,12,8,8,23,13,19,15,18,20,13,20,19,6,13,21,18,26,12,11,21,12,11,13,11,16,9,9,16,13,12,13,11,13,14,11,5,10,18,20,13,8,20,12,5,13,10,13,12,8,12,20,9,12,8,12,12,12,12,21,13,12,10,18,12,15,20,11
19,21,24,16,22,14,26,19,21,21,17,13,23,16,26,15,22,0,24,15,25,20,18,12,16,14,20,15,25,23,25,25,26,22,18,21,23,19,19,17,24,13,9,14,16,25,16,13,20,22,15,17,14,25,26,16,22,21,21,25,9,17,23,16,24,22,11,14,22,13,23,19,17,17,14,21,18,15,24,21,22,21,16,15,18,20,22,23,17,17,25,17,13,18,16,12,18,23,15,13,22,14,16
17,5,6,24,24,21,4,26,5,8,20,17,3,16,5,23,11,24,0,17,3,26,26,20,24,23,26,16,4,7,4,2,4,5,10,7,3,14,10,25,3,21,16,23,24,3,24,21,11,6,23,24,27,2,4,25,5,4,5,2,18,14,5,22,3,4,16,17,5,14,4,11,18,24,22,5,15,24,3,13,4,9,19,17,14,8,26,6,17,14,5,10,18,19,24,15,19,4,24,18,12,22,11
10,14,14,15,18,9,16,18,15,15,10,6,17,5,15,14,10,15,16,0,16,19,17,7,15,14,19,4,14,17,15,16,16,12,11,13,16,9,8,16,17,12,7,13,15,18,15,12,7,16,14,16,18,16,15,15,16,15,15,15,8,8,13,11,17,16,5,6,16,8,14,6,7,15,13,15,6,15,15,9,15,12,8,5,6,15,20,13,5,4,16,11,4,9,15,6,10,13,14,4,15,13,10
17,5,6,25,24,21,4,26,6,9,20,18,4,16,5,24,11,25,2,17,0,26,26,20,24,23,26,16,4,7,4,2,4,5,10,8,4,14,11,26,4,22,17,23,25,4,25,22,10,6,24,24,28,2,4,25,6,5,6,2,18,13,4,22,4,5,17,16,5,14,5,10,18,24,23,6,15,24,4,13,4,9,19,17,14,9,26,6,17,14,5,11,18,19,25,16,19,4,24,18,13,23,12
14,24,20,10,3,13,24,11,24,25,12,17,25,20,23,10,18,21,24,18,24,0,15,15,13,12,2,18,22,26,23,24,24,22,22,23,25,13,23,16,25,13,14,8,10,26,9,12,21,26,13,9,24,24,23,11,25,23,25,23,12,21,22,12,25,24,15,16,25,17,24,19,16,9,13,25,17,10,25,17,25,25,13,18,16,24,3,22,19,19,24,21,16,16,11,16,14,23,8,16,26,10,19
18,24,27,11,18,12,29,13,24,24,14,16,26,19,29,10,24,20,27,18,28,16,0,14,3,6,16,18,28,26,28,28,29,25,20,23,25,20,22,5,26,7,13,10,11,27,12,8,22,24,4,13,23,28,28,10,25,24,24,28,11,20,26,12,27,25,14,16,25,16,26,20,19,12,5,24,20,11,26,23,25,24,15,18,20,23,18,25,18,19,28,20,16,19,10,15,17,26,11,16,25,9,18
9,16,18,11,14,4,20,15,17,16,7,9,18,9,20,11,14,11,20,8,20,14,13,0,11,10,14,7,18,18,19,20,20,16,13,16,18,10,13,12,19,8,5,10,11,20,11,8,12,17,10,11,15,20,19,12,18,16,16,19,5,12,18,6,19,17,6,6,18,8,18,10,9,10,9,17,10,11,19,13,17,16,6,7,10,16,15,17,8,9,20,12,5,9,11,7,8,17,11,5,17,9,11
16,22,26,9,16,10,28,12,23,22,13,15,25,18,28,9,23,18,26,17,27,14,5,13,0,4,14,17,26,25,27,27,28,24,19,22,24,18,20,5,25,5,11,9,9,26,10,6,21,23,2,11,22,27,27,8,24,23,23,27,10,18,25,10,26,24,13,15,24,15,24,19,17,11,4,23,19,10,25,21,24,23,13,16,18,22,17,24,17,18,27,18,15,18,9,13,15,25,10,15,23,7,17
13,20,24,5,13,8,26,8,21,20,10,13,23,16,25,6,21,16,24,15,25,11,6,11,4,0,11,14,24,23,25,25,25,21,17,20,22,15,18,7,23,6,9,5,5,24,6,6,19,21,4,8,20,25,25,5,22,21,21,25,8,16,23,8,23,22,11,13,22,13,22,17,15,7,5,21,16,6,23,19,21,20,10,14,16,20,13,22,15,16,24,16,13,15,5,11,12,23,6,13,21,3,15
15,25,22,12,5,14,26,13,25,26,13,19,26,21,24,11,20,22,25,20,25,3,17,16,15,13,0,20,24,27,24,26,25,23,23,24,26,14,24,17,26,15,15,9,12,27,11,14,22,27,14,10,26,26,25,13,26,25,27,25,14,22,23,13,27,25,17,18,27,19,25,21,17,10,15,26,18,12,26,18,27,26,14,19,17,26,5,23,20,20,26,22,17,17,12,17,15,24,10,17,27,11,21
11,15,16,14,19,9,18,18,15,15,11,5,17,5,17,14,11,15,17,5,17,19,16,7,14,13,19,0,16,17,16,18,17,13,12,14,17,10,9,15,18,12,7,13,14,19,15,11,9,16,13,16,18,18,17,15,17,15,15,17,8,8,15,11,18,16,5,6,16,7,15,8,9,16,12,16,7,14,16,10,16,13,10,6,8,15,21,14,7,6,18,11,5,10,14,5,11,15,14,5,15,12,10
16,8,4,24,24,21,4,26,8,11,20,17,6,16,2,23,10,25,5,17,5,25,26,20,24,23,26,16,0,9,6,6,6,6,11,9,6,14,12,25,6,21,17,23,24,7,24,21,11,9,23,24,27,6,3,25,8,8,8,5,18,13,4,22,6,8,16,16,8,14,7,11,17,23,22,8,15,24,6,13,7,11,19,17,14,10,26,6,17,14,6,11,18,19,24,15,18,5,24,18,13,22,12
20,7,12,22,28,21,8,26,8,7,24,16,8,17,11,22,15,23,9,19,10,27,24,19,22,21,27,18,10,0,7,10,7,10,10,10,10,18,11,24,9,20,15,21,22,9,23,19,14,8,22,24,26,10,11,23,11,10,7,9,16,13,10,22,9,9,15,20,8,12,11,14,22,24,21,8,19,22,10,17,7,11,23,19,18,7,29,11,20,17,6,9,17,23,23,14,23,9,22,18,12,21,10
17,7,8,24,24,21,3,26,8,10,20,18,6,16,7,24,11,25,5,17,5,26,26,20,24,23,26,17,6,5,0,6,2,6,12,9,6,14,12,26,7,22,17,23,25,7,25,21,11,8,24,24,28,6,6,25,9,8,8,5,18,14,6,22,6,8,17,17,7,14,7,11,18,24,23,8,15,24,7,13,6,11,19,17,14,10,26,7,17,14,2,11,18,19,25,16,19,5,24,18,14,23,12
16,7,6,24,24,20,5,25,7,10,19,17,5,15,5,23,10,24,3,16,4,25,26,19,24,23,26,15,4,8,5,0,5,4,11,7,4,14,10,25,4,21,16,23,24,5,24,21,10,8,23,23,27,3,5,25,6,5,7,1,18,13,4,21,5,6,16,16,7,14,5,10,17,23,22,8,14,24,4,12,6,9,18,17,13,10,25,5,17,13,6,10,17,18,24,15,18,3,24,17,13,22,12
18,6,9,24,26,22,5,27,7,9,22,17,6,18,8,24,12,25,7,19,6,27,26,21,24,23,28,18,7,6,3,7,0,8,11,10,8,16,12,25,7,22,17,23,24,7,25,21,12,7,24,25,28,7,8,25,10,9,7,6,18,15,7,23,6,8,17,18,6,14,9,12,19,25,23,7,16,24,8,14,5,12,20,19,15,9,27,9,19,16,2,11,18,20,25,16,20,7,24,19,13,23,12
14,6,4,21,22,18,7,23,6,8,17,15,7,13,7,21,8,22,5,14,6,23,23,17,21,20,24,13,6,10,7,6,7,0,9,5,5,12,7,23,7,19,14,20,21,8,22,18,7,9,21,21,25,6,7,22,5,4,7,5,15,10,3,19,7,6,14,13,7,11,4,7,14,21,20,7,12,21,5,10,7,6,16,14,11,8,23,2,14,11,8,8,15,16,22,13,16,3,21,15,11,20,9
18,6,10,16,23,15,12,20,7,6,18,9,9,10,12,16,12,17,10,13,11,21,18,13,16,15,21,11,11,9,11,11,12,8,0,6,8,15,5,17,9,14,9,15,16,10,17,13,9,7,16,18,20,11,11,17,8,7,7,11,10,7,9,16,10,8,8,14,8,6,8,9,16,18,15,7,14,16,9,14,8,6,17,13,15,6,23,8,14,10,11,2,10,17,17,8,18,9,16,12,7,15,4
15,6,7,21,23,19,10,25,6,8,18,14,8,13,9,20,10,21,8,15,9,24,23,17,21,20,25,13,8,10,9,8,10,5,7,0,7,13,6,22,8,18,13,20,21,9,21,18,8,9,20,23,24,8,9,22,7,6,8,8,15,9,6,20,9,6,13,15,8,11,6,9,16,22,19,7,14,21,7,12,7,5,17,16,13,7,25,5,15,12,10,7,15,18,21,12,17,6,21,15,10,19,9
18,4,8,22,25,20,7,25,4,7,21,15,2,16,7,21,12,22,4,17,5,26,23,18,21,20,26,16,6,9,6,4,7,6,8,6,0,15,9,23,2,19,14,20,22,3,22,19,11,6,21,23,25,4,7,22,3,3,5,4,15,12,5,22,3,2,14,17,5,11,4,11,18,23,20,5,16,21,3,14,4,8,20,18,15,7,27,7,17,14,7,8,16,20,22,13,20,5,21,17,11,20,10
6,16,12,17,14,11,16,16,16,17,9,13,17,12,15,16,10,21,16,10,16,16,21,12,19,18,16,12,14,18,15,16,16,14,18,15,17,0,14,20,17,17,14,14,16,18,16,16,12,18,19,14,25,17,15,17,17,15,18,15,14,14,14,12,17,16,13,9,17,15,16,10,7,14,18,17,7,17,17,8,17,17,9,10,6,17,16,14,10,10,16,17,11,8,17,13,8,15,15,10,20,16,17
15,8,11,18,23,14,14,22,8,9,15,9,10,7,13,18,8,19,11,11,12,23,20,12,18,17,23,8,12,11,12,12,13,8,5,7,10,14,0,20,11,16,11,17,19,12,19,15,5,9,18,20,22,12,13,19,10,9,9,12,12,4,10,16,11,9,10,11,9,8,9,5,13,20,17,9,10,18,10,10,9,6,14,11,12,8,25,9,11,7,13,6,10,14,19,10,15,10,18,10,8,17,4
16,21,25,9,16,10,27,12,22,21,13,14,24,17,26,9,22,17,25,15,26,14,7,12,5,4,14,15,25,24,26,26,26,22,18,21,23,18,19,0,24,4,10,8,9,25,10,5,20,22,4,11,21,26,26,9,23,22,22,26,9,17,24,10,24,23,12,14,23,14,23,18,16,11,2,22,17,10,24,20,22,21,13,15,17,21,16,23,16,16,25,17,14,17,9,12,15,24,9,14,22,7,16
18,4,7,22,25,21,5,26,3,7,21,15,1,17,6,22,12,23,2,18,4,27,24,19,22,21,27,17,5,8,5,3,5,6,9,7,3,16,10,23,0,20,15,21,22,2,23,19,12,5,22,24,26,3,6,23,5,4,4,3,16,13,6,22,1,3,14,18,3,12,5,12,19,24,21,4,16,22,4,14,3,9,20,18,15,7,27,7,18,15,6,9,16,20,23,14,20,5,22,18,11,21,10
14,19,22,9,15,8,25,12,20,19,11,12,21,15,24,9,19,15,23,13,23,14,7,10,5,4,14,13,23,21,24,24,24,20,16,19,21,16,17,5,22,0,8,8,9,23,9,3,17,20,3,10,19,24,24,9,21,20,20,23,7,15,22,9,22,20,10,11,21,11,21,16,14,9,3,20,15,9,22,18,20,19,11,13,15,19,16,21,14,14,23,15,11,15,9,10,13,21,9,11,20,7,14
12,14,17,9,16,8,19,13,14,14,10,6,16,9,19,9,15,9,17,9,18,14,11,5,9,8,14,8,18,16,18,18,19,15,11,14,15,12,12,10,17,7,0,8,9,18,10,6,13,15,9,11,13,18,19,10,15,14,14,18,3,10,16,9,17,15,4,8,15,6,16,12,11,11,8,14,12,9,17,14,15,14,10,9,12,13,16,16,10,10,18,10,6,12,10,5,12,16,9,6,15,8,8
14,19,22,3,11,8,25,6,20,19,10,12,21,14,24,4,20,15,23,14,23,10,10,10,8,6,10,13,23,21,24,23,24,20,16,19,21,15,17,10,22,8,8,0,3,23,2,6,18,20,7,4,19,23,24,5,21,19,19,23,7,15,21,8,22,20,10,12,21,11,21,16,14,3,7,20,15,4,22,18,20,19,11,13,15,19,12,21,14,15,23,15,12,15,4,10,13,21,4,12,20,4,14
15,21,24,2,12,9,26,8,21,21,11,13,23,16,26,5,21,17,24,15,25,11,10,12,8,6,11,15,25,23,25,25,26,22,18,21,22,16,19,11,24,9,10,3,0,25,3,8,19,22,8,6,20,25,26,6,22,21,21,25,8,17,23,10,24,22,11,13,22,13,23,18,16,4,8,21,17,5,24,20,22,21,12,15,17,20,13,23,16,16,25,17,13,16,6,12,14,23,6,13,22,4,16
17,5,6,24,24,21,4,26,5,8,20,17,3,16,5,23,11,24,1,17,3,26,26,20,24,23,26,16,4,7,4,2,4,5,10,7,3,15,10,25,3,21,16,23,24,0,24,21,11,6,23,24,27,2,5,25,5,4,5,2,18,13,5,22,3,4,16,17,5,14,4,11,18,24,22,5,15,24,3,13,4,9,19,17,14,8,26,6,17,14,5,10,18,19,24,15,19,4,24,18,12,22,11
14,22,24,5,12,9,27,9,22,22,11,14,24,17,27,7,22,18,25,16,26,13,12,13,10,9,13,16,26,24,26,26,27,23,19,22,24,16,20,13,25,10,11,5,5,26,0,9,20,23,10,6,21,26,27,8,23,22,22,26,9,18,24,9,25,23,13,14,23,14,24,18,16,5,10,22,18,7,25,20,23,22,12,16,17,21,14,24,17,17,26,18,14,16,8,13,13,24,7,14,23,7,17
13,18,21,9,15,7,24,12,18,18,10,10,20,13,23,8,18,14,21,12,22,14,8,9,6,5,14,12,22,20,22,22,23,19,15,18,20,15,16,7,21,3,7,8,9,22,9,0,16,19,5,10,17,22,23,9,19,18,18,22,5,14,20,7,21,19,9,10,19,10,20,15,13,9,4,18,14,9,21,17,19,18,10,12,14,18,16,20,12,13,22,14,10,14,9,9,12,20,9,10,19,7,13
14,10,9,19,22,14,12,23,10,10,13,10,12,7,11,19,6,20,11,9,11,23,21,12,19,18,23,8,10,13,10,11,12,7,8,8,11,12,4,20,12,17,12,18,19,13,20,16,0,11,19,20,23,11,11,20,11,10,11,10,13,5,8,15,13,11,10,10,11,10,9,3,11,20,18,11,9,19,10,9,11,6,12,10,10,10,24,8,9,6,12,8,10,13,20,10,13,8,19,10,10,17,7
20,4,11,22,28,20,9,25,5,6,23,15,6,16,10,21,14,22,7,19,8,26,24,18,22,21,26,17,9,8,9,8,9,9,9,8,7,18,10,23,7,19,14,20,22,7,22,19,13,0,21,23,25,8,9,22,8,7,2,8,15,13,10,22,7,6,14,19,5,12,8,14,21,23,20,4,19,22,8,17,4,10,22,19,18,6,29,10,19,16,8,8,16,23,22,13,22,9,22,17,11,20,10
15,22,25,9,15,10,27,12,22,22,12,14,24,17,27,9,22,18,25,16,26,14,4,12,2,4,14,16,26,24,26,26,27,23,19,21,23,17,20,4,24,4,11,8,9,26,9,5,20,23,0,11,21,26,27,8,23,22,22,26,9,18,24,10,25,23,12,14,23,14,24,18,17,10,4,22,18,9,25,21,23,22,13,16,18,21,16,23,16,17,26,18,14,17,9,13,15,24,9,14,23,7,16
13,21,22,5,10,9,26,7,22,21,10,14,24,17,24,6,20,17,25,16,25,9,12,12,10,8,9,15,24,24,24,26,25,22,18,21,23,14,19,12,24,10,10,4,5,25,4,9,19,22,10,0,21,26,25,7,23,22,22,25,9,17,23,9,24,23,12,14,23,14,23,18,14,3,10,22,17,6,24,18,22,21,11,16,16,21,11,23,16,17,25,17,14,14,7,12,12,24,4,14,22,6,16
23,25,28,20,26,18,30,23,25,25,21,17,27,20,30,19,26,14,28,19,29,24,22,16,20,18,24,19,29,27,29,29,30,26,22,25,27,23,23,21,28,17,13,18,20,29,20,17,24,26,19,21,0,29,30,20,26,25,25,29,13,21,27,20,28,26,15,18,26,17,27,23,21,21,18,25,22,19,28,25,26,25,20,19,22,24,26,27,21,21,29,21,17,22,20,16,22,27,19,17,23,18,20
16,7,6,24,24,21,5,26,6,10,20,17,4,15,5,24,10,25,3,17,4,25,26,20,24,23,26,16,4,8,5,1,6,5,11,7,4,14,10,25,4,21,17,23,24,5,24,21,10,8,23,24,27,0,5,25,6,5,7,2,18,13,4,21,5,5,16,16,7,14,5,10,17,23,22,7,15,24,4,13,6,9,18,17,14,10,26,5,17,13,6,11,17,19,24,15,18,3,24,17,13,22,12
17,7,6,25,25,21,2,26,7,10,21,18,5,17,4,24,11,25,4,18,4,26,27,21,25,24,27,17,4,7,5,5,4,6,12,9,6,15,12,26,6,22,17,24,25,6,25,22,11,8,24,24,28,5,0,26,8,7,7,5,19,14,5,22,6,7,17,17,7,15,7,11,18,24,23,7,15,25,6,13,6,11,19,18,14,10,26,7,18,15,5,11,18,19,25,16,19,5,25,18,14,23,13
16,22,24,6,13,11,28,5,22,22,13,14,24,17,27,3,22,18,26,16,26,11,9,13,7,5,11,16,26,24,26,26,27,23,19,22,24,16,20,10,25,9,11,5,6,26,6,9,21,23,7,8,21,26,27,0,23,22,22,26,10,18,24,11,25,23,13,15,23,14,24,19,17,8,8,23,18,6,25,20,23,22,13,16,18,22,13,24,17,17,26,18,14,18,2,13,15,24,5,14,23,5,17
16,3,7,20,23,18,9,23,3,6,19,13,5,14,9,19,10,20,5,15,7,24,21,16,19,18,24,14,8,9,9,6,8,4,7,4,3,13,8,21,4,17,12,18,20,6,20,17,9,6,19,21,23,6,8,20,0,2,5,6,13,10,5,20,5,3,12,15,4,9,3,9,16,21,18,4,14,19,4,12,4,6,18,16,13,6,25,5,15,12,8,6,14,18,20,11,18,4,19,15,9,18,8
16,4,7,20,24,19,8,24,4,7,19,13,4,14,8,20,11,21,5,16,7,25,22,17,20,19,25,15,7,9,8,5,8,4,7,5,2,14,9,21,3,18,13,19,20,5,21,17,10,7,20,22,24,5,8,21,2,0,5,5,14,11,5,20,4,3,12,16,5,10,3,10,17,22,19,5,14,20,3,13,5,7,18,17,14,6,26,6,16,13,8,7,14,19,21,12,18,4,20,16,9,19,8
19,3,10,22,27,20,8,26,3,6,23,15,5,16,9,21,13,22,6,18,6,26,24,18,22,21,26,17,7,8,7,6,7,8,8,7,5,17,9,23,6,19,14,21,22,6,22,19,12,3,21,23,25,6,8,23,7,6,0,6,16,12,8,22,5,4,14,19,4,12,7,13,20,23,20,2,18,22,7,15,3,9,21,19,16,6,29,9,18,15,7,8,16,21,22,13,21,8,22,17,11,20,9
16,7,5,24,23,20,5,25,6,10,19,17,4,15,5,23,10,24,3,16,3,25,25,19,23,22,25,15,4,8,5,3,5,4,11,7,4,13,10,25,4,21,16,22,24,5,24,21,9,8,23,23,27,3,5,24,6,5,7,0,17,12,3,21,5,5,16,15,7,13,5,9,17,23,22,7,14,23,4,12,6,8,18,16,13,10,25,5,16,13,5,10,17,18,24,15,18,3,23,17,13,22,12
12,14,17,8,15,7,20,12,15,14,9,7,16,9,19,8,16,10,18,9,18,13,10,5,8,7,13,8,18,16,19,18,19,15,11,14,16,12,12,10,17,6,3,7,9,18,9,5,13,15,8,10,13,19,19,9,16,14,14,18,0,10,16,8,17,15,5,8,16,6,16,12,11,10,7,15,12,8,17,15,15,14,9,9,12,14,15,16,10,11,18,10,6,12,9,5,11,16,8,6,15,7,9
15,10,12,16,22,13,15,20,10,10,15,6,12,7,14,15,9,16,13,10,14,21,18,11,16,15,21,8,13,13,14,13,15,10,7,9,12,14,4,17,12,13,8,15,16,13,16,13,6,11,15,17,20,13,14,17,12,11,11,13,10,0,11,16,13,11,8,11,11,6,11,7,13,17,14,10,10,16,12,11,11,7,14,11,12,10,23,11,10,7,14,8,10,14,16,7,15,11,16,10,10,14,6
15,6,3,22,23,19,6,24,6,9,18,16,6,13,6,22,9,23,4,15,5,24,24,18,22,21,25,14,5,9,6,5,6,3,10,5,6,13,8,24,6,20,15,21,22,7,23,19,8,9,22,22,26,5,5,23,5,5,8,4,16,11,0,20,6,6,15,14,8,12,4,8,15,22,21,7,13,22,5,11,7,7,17,15,12,9,24,3,15,12,7,9,16,17,23,14,17,2,22,16,11,21,10
8,20,19,9,12,2,22,11,21,20,4,12,22,12,21,10,15,16,21,10,21,13,12,7,10,8,13,10,20,23,20,22,21,17,17,19,21,9,15,12,22,8,9,8,9,23,7,8,13,21,10,7,19,22,21,11,21,20,21,21,8,15,19,0,23,22,10,8,22,13,20,12,9,7,9,21,11,11,21,14,21,18,5,10,11,20,14,18,10,11,22,16,8,9,11,11,7,19,10,8,21,9,15
19,5,8,23,27,22,7,27,5,9,22,16,3,17,8,23,13,24,4,19,6,28,25,20,23,22,28,17,7,10,7,5,7,7,10,8,2,17,11,24,2,21,16,22,23,4,24,20,12,7,23,25,27,5,7,24,5,4,6,5,17,14,6,23,0,4,15,18,5,13,5,12,19,25,22,6,17,23,4,15,5,10,21,19,16,8,28,7,19,15,7,10,17,21,24,15,21,5,23,19,12,21,11
17,3,8,21,25,20,8,25,2,7,21,14,3,16,8,21,11,22,5,17,6,26,23,18,21,20,26,16,7,9,8,5,7,6,8,6,2,15,9,22,3,18,14,20,21,4,21,18,11,6,20,23,24,5,8,22,4,3,5,5,15,12,6,21,4,0,13,17,4,11,4,11,18,23,19,4,16,21,4,14,4,8,20,18,15,6,27,7,17,14,7,8,15,20,21,13,19,5,21,16,10,19,9
11,13,16,11,17,7,19,15,13,13,10,4,15,7,18,11,13,12,16,6,17,16,13,5,11,10,16,6,17,15,17,17,18,14,10,13,15,11,10,12,16,9,3,10,11,17,12,8,11,14,11,13,15,17,18,12,14,13,13,17,5,8,15,10,16,14,0,6,14,5,15,10,9,13,10,13,9,11,16,12,14,13,9,6,9,12,18,15,8,8,17,9,3,10,12,3,11,15,11,4,14,10,8
7,16,15,13,16,6,17,17,16,17,7,8,17,7,16,12,10,14,16,4,16,16,15,5,13,12,16,6,15,18,15,17,17,12,13,14,16,6,10,14,17,10,7,12,13,18,13,9,8,18,12,13,18,17,16,14,16,16,17,16,7,10,14,8,18,17,6,0,18,10,15,7,5,13,11,17,6,13,16,9,17,13,5,4,6,16,18,13,5,5,17,13,5,6,13,8,7,14,13,4,17,11,12
18,2,9,21,26,20,7,25,3,6,22,15,4,15,8,21,12,22,5,17,6,26,23,18,21,20,26,16,6,8,7,6,7,7,7,6,5,16,8,23,5,19,14,20,22,5,22,18,12,5,21,23,25,6,7,22,6,5,4,6,15,11,8,21,4,4,14,18,0,11,6,12,19,23,20,3,17,21,6,15,2,8,21,18,15,5,28,8,17,14,6,7,16,21,22,13,20,7,21,17,10,20,9
16,13,16,14,20,12,19,18,13,13,15,6,15,11,18,13,15,14,17,11,17,19,16,11,14,13,19,10,17,15,18,17,18,14,10,13,15,16,10,15,16,11,6,13,14,17,14,11,12,14,13,16,18,17,18,15,15,13,13,17,8,8,15,14,16,14,6,11,14,0,15,12,14,15,12,14,14,14,16,14,14,13,14,11,14,13,21,15,12,11,17,9,8,15,14,5,16,15,14,9,14,12,7
16,6,6,23,24,20,7,26,6,9,19,16,4,15,7,22,11,23,3,16,5,26,25,19,23,22,26,15,6,9,7,4,7,4,10,5,2,14,9,24,4,20,15,21,23,5,23,20,10,8,22,24,26,4,6,23,4,3,7,4,16,12,4,21,4,4,15,16,6,12,0,10,17,24,21,6,14,23,1,13,6,8,18,16,14,9,26,5,16,13,7,9,17,19,23,14,18,3,22,17,12,21,11
12,10,9,19,21,12,11,22,11,11,12,10,12,7,10,18,4,20,10,9,11,21,21,11,19,18,21,8,9,13,10,11,11,7,8,8,11,10,4,20,12,16,12,18,19,13,18,16,2,12,18,18,23,11,10,20,10,10,11,10,13,5,8,13,12,11,10,8,12,10,9,0,9,18,17,11,7,19,10,7,12,7,10,9,8,11,22,7,9,5,11,9,9,11,19,10,12,8,19,9,11,17,8
5,17,13,15,15,8,16,17,17,17,6,10,17,9,16,15,10,17,16,6,16,15,17,8,15,14,15,8,15,18,15,17,16,13,14,14,17,5,10,16,17,13,10,14,15,18,13,12,8,18,15,12,20,17,15,16,16,16,18,16,10,11,14,8,18,17,8,4,18,12,15,7,0,12,14,17,5,16,16,7,18,13,5,6,4,17,17,13,6,6,17,15,7,4,16,10,5,14,15,6,17,14,13
11,21,21,5,9,7,25,7,22,21,8,14,23,16,24,6,19,17,25,14,25,10,11,11,9,8,10,14,23,23,24,25,25,22,18,21,23,13,19,12,24,9,10,4,5,25,3,8,18,22,9,3,21,25,24,7,23,21,21,24,9,17,23,7,24,22,12,12,23,13,23,16,13,0,9,22,15,6,24,18,22,21,9,14,14,21,11,23,15,15,25,17,12,13,6,12,10,23,5,12,22,6,16
15,20,24,8,15,9,26,11,21,20,12,13,23,16,25,8,21,16,24,14,25,13,6,11,4,3,13,14,24,23,25,25,25,21,17,20,22,17,18,5,23,3,9,7,8,24,9,4,19,21,3,10,20,25,25,8,22,21,21,25,8,16,23,9,23,22,11,13,22,13,22,17,15,10,0,21,16,8,23,19,21,20,12,14,16,20,15,22,15,15,24,16,13,16,8,11,14,23,8,13,21,6,15
18,2,10,20,26,19,8,24,3,4,21,13,5,15,9,19,13,21,6,17,7,25,22,17,20,19,25,15,8,6,8,7,8,7,7,7,5,16,8,21,6,17,13,19,20,7,20,17,12,3,19,22,23,7,9,21,6,5,2,7,14,11,9,20,6,4,12,17,4,10,7,12,20,22,18,0,17,20,7,15,4,8,21,17,16,4,27,9,17,14,8,7,14,21,20,11,21,8,20,15,9,18,8
7,15,12,17,16,9,14,18,15,15,7,9,15,7,14,16,8,18,14,6,14,17,18,9,16,15,17,7,12,16,13,15,14,11,13,13,15,5,9,17,15,13,11,15,17,16,15,13,7,16,15,14,21,15,13,17,15,14,16,14,11,9,12,10,15,15,8,5,16,11,14,6,4,14,14,15,0,16,15,5,16,12,6,6,2,15,18,12,6,5,14,14,7,6,17,9,7,13,16,7,16,15,12
16,21,23,5,12,10,27,9,21,21,12,13,23,16,26,5,21,17,24,15,25,10,11,12,9,8,10,15,25,23,25,25,26,22,18,21,23,16,19,12,24,9,10,3,5,25,5,8,19,22,9,7,20,25,26,6,22,21,21,25,8,17,23,10,24,22,12,14,22,13,23,18,16,6,9,21,17,0,24,20,22,21,13,15,17,21,12,23,16,16,25,17,13,17,5,12,15,23,5,13,22,5,16
17,5,6,23,25,21,6,27,5,8,20,16,4,15,6,22,11,23,3,17,5,26,25,20,23,22,27,16,5,9,6,3,6,5,10,6,2,15,10,24,3,20,15,22,23,5,23,20,10,8,22,24,26,3,6,24,4,3,7,3,17,13,4,22,4,3,15,16,6,13,3,10,18,24,21,6,15,23,0,14,6,8,19,17,14,8,27,6,17,14,7,10,17,19,23,14,19,4,23,18,12,21,11
9,13,11,19,17,12,13,19,13,14,10,11,14,8,12,19,6,20,13,9,13,19,21,12,19,18,19,8,11,15,12,13,13,10,12,11,14,6,8,20,14,16,12,17,19,15,18,16,6,15,18,17,24,13,12,20,14,13,15,12,13,8,11,13,14,14,10,8,15,11,12,5,7,17,17,14,4,19,13,0,15,11,9,9,5,14,19,11,9,6,13,13,10,9,20,11,10,11,18,9,15,18,11
18,3,9,22,26,20,7,25,2,7,22,15,4,16,8,21,12,22,4,18,5,26,24,18,22,21,26,17,6,8,6,5,6,7,8,6,4,16,9,23,5,19,14,20,22,5,22,19,12,5,21,23,25,5,7,22,6,5,4,5,15,12,7,22,4,3,14,18,2,12,6,12,19,23,20,4,17,22,6,14,0,8,20,19,15,6,27,8,18,15,6,8,16,20,22,13,20,7,22,17,11,20,9
16,6,8,20,24,17,11,23,7,7,17,12,9,11,11,19,9,20,9,13,10,24,21,15,19,18,24,11,9,9,10,9,11,6,5,5,8,14,4,21,9,17,12,18,20,10,20,17,6,8,19,21,23,9,10,20,8,7,8,9,13,7,7,19,10,8,12,13,8,9,7,7,15,21,18,7,12,19,8,12,8,0,16,14,14,7,26,7,13,9,11,5,13,16,20,11,17,7,19,13,8,18,6
5,19,17,13,12,5,19,15,19,19,2,12,20,11,18,13,12,16,18,8,18,13,15,7,13,11,13,10,17,20,17,19,19,15,16,16,19,7,12,15,20,11,10,12,12,20,11,10,10,20,12,10,20,19,18,14,18,18,20,18,9,13,16,5,20,19,10,6,20,13,17,9,6,10,12,19,8,14,18,11,20,15,0,8,8,19,14,15,8,8,19,17,8,6,14,11,4,16,13,8,19,12,15
10,15,15,14,18,8,17,18,15,15,10,5,17,5,16,14,11,14,17,4,17,18,16,6,14,13,18,4,15,17,16,17,17,13,12,14,17,10,9,16,18,12,7,13,14,19,15,11,8,16,14,15,18,17,16,15,17,16,16,16,8,9,14,10,18,16,5,5,16,7,15,7,7,15,13,16,7,14,16,10,16,12,8,0,7,15,20,14,6,5,17,11,3,9,15,5,10,14,14,3,16,13,10
6,14,10,17,15,10,14,17,14,15,8,10,15,8,13,17,8,18,14,6,14,16,19,10,17,16,17,8,12,16,13,14,14,12,14,13,15,3,10,18,15,14,11,15,17,16,15,14,8,16,16,14,22,15,13,18,15,13,16,13,11,10,12,11,15,14,9,6,15,12,14,6,5,14,15,15,3,17,15,5,15,12,7,7,0,15,17,12,7,6,14,14,7,7,17,10,7,13,15,7,17,15,13
18,4,10,20,26,18,10,23,5,1,21,13,7,14,11,19,12,20,8,17,9,24,22,16,20,18,24,15,10,7,10,9,10,8,7,7,7,16,8,21,7,17,12,18,20,8,20,17,11,5,19,21,23,9,10,20,7,6,5,9,13,10,9,20,8,6,12,17,6,9,8,12,19,21,18,5,17,19,8,15,6,8,20,16,15,0,26,9,17,14,9,6,14,21,20,11,20,9,19,15,9,18,8
13,24,20,12,2,12,24,11,24,25,11,19,25,19,23,11,18,22,24,18,24,3,17,14,15,13,4,18,22,26,23,24,24,22,23,23,24,13,23,17,25,15,15,9,12,25,11,13,20,26,14,9,26,24,23,12,24,23,25,23,14,22,21,12,25,24,17,16,25,19,23,19,16,9,15,25,16,12,24,17,25,25,12,18,15,24,0,21,18,18,24,22,16,16,12,17,13,23,10,16,27,11,21
14,7,2,22,22,19,6,24,7,9,18,15,7,14,5,22,8,23,5,15,5,23,24,18,22,21,24,14,4,9,6,6,7,3,9,6,6,12,9,23,7,20,15,21,22,8,23,19,9,9,22,21,26,6,5,23,6,5,8,5,16,11,2,20,7,7,14,14,8,12,4,8,15,21,21,8,13,22,5,11,7,7,17,15,12,9,24,0,15,12,7,9,16,17,23,14,16,3,22,16,11,21,10
10,15,15,15,19,9,17,19,15,15,10,6,17,5,16,15,10,15,16,3,16,19,17,7,15,14,19,5,15,18,15,17,17,12,12,14,16,9,9,16,17,13,8,14,15,18,15,12,8,16,14,16,19,17,16,16,16,15,16,16,9,8,14,11,18,16,6,6,16,8,15,7,8,15,13,16,6,15,16,9,16,12,9,5,7,15,20,13,0,5,17,12,4,9,15,6,10,14,15,4,15,13,11
10,12,12,17,20,10,14,20,13,13,10,8,15,5,13,16,7,17,13,6,14,20,19,9,17,16,20,4,12,15,13,14,14,10,10,11,14,9,6,18,15,14,9,16,17,15,17,13,5,14,16,17,21,14,13,18,13,13,13,13,11,6,11,12,15,14,7,6,14,9,12,4,8,16,15,13,6,17,13,7,13,9,9,7,7,13,21,10,6,0,14,10,7,9,17,8,10,11,17,7,13,15,9
18,6,9,24,26,22,5,27,6,9,22,17,6,18,8,23,12,25,7,19,6,27,26,21,24,23,28,18,7,5,2,7,3,8,11,10,7,16,12,25,7,21,17,23,24,7,24,21,12,7,23,25,27,7,7,25,9,9,6,6,18,15,7,23,6,7,16,18,6,14,9,12,19,25,22,7,16,24,8,14,5,12,20,19,15,9,27,8,19,15,0,11,18,20,24,15,20,7,24,19,13,22,12
17,6,9,17,23,15,12,20,7,6,18,10,8,11,11,16,11,17,10,14,10,21,19,13,17,16,21,12,10,8,11,11,11,7,3,6,8,15,5,18,9,14,9,15,17,10,17,14,8,7,16,18,21,11,11,17,8,6,7,10,10,7,9,17,9,7,9,14,8,7,8,9,16,18,15,7,14,17,9,14,7,6,17,14,15,6,24,8,14,11,10,0,11,18,17,8,19,8,17,12,7,15,4
9,14,16,13,16,7,18,17,15,14,9,6,17,5,17,13,12,13,17,4,18,17,15,5,13,12,17,4,16,17,17,18,18,14,11,14,16,9,10,14,17,11,5,12,13,18,14,10,9,15,13,14,17,18,17,14,16,15,15,17,7,9,15,9,17,16,3,5,16,7,16,8,7,13,12,15,7,13,17,10,15,13,8,4,7,14,18,15,6,6,18,10,0,8,14,4,9,15,13,2,15,12,9
5,16,12,16,14,9,16,16,16,17,7,13,17,12,15,16,10,19,16,9,16,15,19,10,17,16,16,11,14,18,15,16,16,14,17,15,16,2,14,18,17,15,12,14,16,17,15,14,11,18,17,14,23,16,15,17,16,15,17,15,12,14,13,10,17,16,12,7,17,15,15,10,6,14,16,17,7,16,16,8,17,16,7,9,6,16,16,13,9,9,16,17,10,0,17,13,6,15,14,9,19,16,16
16,22,24,6,13,10,27,6,22,21,13,14,24,17,27,3,22,18,25,16,26,11,8,13,6,5,11,16,26,24,26,26,27,23,18,21,23,16,19,10,24,8,11,4,6,25,6,9,20,22,7,8,21,26,26,1,23,22,22,26,9,17,24,10,25,23,12,14,23,14,24,19,17,7,8,22,18,5,24,20,23,22,13,16,18,21,13,23,16,17,26,18,14,18,0,13,15,24,6,14,23,5,16
13,13,16,11,18,9,19,15,14,13,12,5,15,8,18,11,14,12,17,8,17,16,13,7,11,10,16,6,17,15,18,18,18,14,10,13,15,13,11,12,16,9,4,10,11,17,12,8,11,14,11,13,15,18,18,12,15,13,14,17,5,9,16,11,16,14,3,8,15,5,15,10,11,13,10,14,11,11,16,13,14,13,11,8,11,13,18,15,9,9,17,9,5,12,12,0,13,15,11,6,14,10,8
2,18,14,15,15,8,18,16,18,19,5,13,19,12,17,16,12,18,18,10,18,15,18,9,16,14,15,11,16,20,17,18,18,16,17,17,19,4,14,17,19,13,11,14,15,20,13,13,12,20,15,12,21,18,17,17,18,17,19,17,11,14,16,8,19,18,11,7,19,15,18,10,6,12,14,19,8,16,19,10,19,16,5,9,8,19,16,15,10,10,18,18,10,6,17,13,0,17,15,9,21,14,17
15,6,5,23,23,19,6,25,6,9,18,16,5,14,6,22,10,23,3,15,4,24,25,18,23,22,25,14,5,9,6,4,6,3,10,5,4,13,9,24,4,20,15,21,23,6,23,20,9,8,22,23,26,4,6,23,5,5,8,3,16,11,3,20,5,6,15,14,7,13,3,8,16,22,21,7,13,23,4,12,6,7,17,15,13,9,25,4,15,12,6,9,16,17,23,14,17,0,23,16,12,21,11
15,21,22,5,11,10,26,5,21,21,12,13,23,16,25,6,20,17,24,15,25,9,11,12,9,8,9,15,24,23,25,25,26,22,18,20,22,14,19,12,23,9,10,4,5,24,5,8,19,22,9,5,20,25,25,5,22,21,21,25,8,17,23,10,24,22,11,13,22,13,23,18,16,5,9,21,17,6,24,18,22,21,13,15,17,20,11,22,16,16,25,17,13,17,6,12,14,23,0,13,22,6,15
9,15,16,14,17,7,18,17,15,15,9,6,17,6,17,13,11,14,17,4,17,17,16,5,14,13,17,5,16,17,16,18,18,14,12,15,16,9,10,15,18,11,6,13,14,19,14,10,9,16,13,14,17,18,17,15,16,15,15,17,7,9,15,9,18,16,4,5,16,7,16,8,7,13,12,15,7,14,17,10,16,13,8,4,7,14,19,14,6,6,18,11,2,8,14,5,9,15,14,0,16,12,9
21,10,13,21,27,20,16,25,11,10,22,14,12,15,15,21,14,22,14,17,14,26,23,18,21,20,26,16,14,12,15,15,15,11,7,10,12,19,8,22,13,19,14,20,21,14,21,18,12,11,20,23,23,15,15,22,12,11,11,14,15,11,13,21,13,11,13,18,12,11,12,12,20,23,19,11,17,21,13,17,11,10,21,18,19,10,28,12,18,14,14,7,15,21,21,13,22,12,21,16,0,19,9
14,20,23,4,12,9,25,8,20,20,11,12,22,15,25,4,20,16,23,14,24,10,8,11,6,4,10,14,24,22,24,24,25,21,16,19,21,15,18,9,22,7,9,4,4,23,4,7,18,20,6,7,19,24,24,5,21,20,20,24,7,16,22,9,23,21,10,12,21,12,22,17,15,6,6,20,16,5,23,19,21,20,12,14,16,19,12,21,14,15,24,16,12,16,4,11,14,22,5,12,21,0,14
17,8,11,15,21,13,14,18,8,8,16,8,10,9,13,14,10,15,11,12,12,19,17,11,15,14,19,10,12,10,12,12,13,9,5,8,10,16,5,16,11,12,7,14,15,12,15,12,8,9,14,16,19,12,13,16,9,8,8,12,9,4,10,15,11,9,7,12,9,5,10,8,15,16,13,9,12,15,11,13,9,7,15,12,14,8,22,10,12,9,12,4,9,16,15,6,17,10,15,10,8,13,0
