Name: bar-n5-m4-c2-OD0.8
Type: GPDPOD-IMC
Commodity type: 4
Compartment num: 2
CapacityHD: 100
VehicleHDs: 2
CapacityOD: 50
VehicleODs: 0
ID Xc Yc DEMAND StartT EndT SerT PairedID
0,41.3722496,2.1636008,[0, 0, 0, 0],0,240,0,0
1,41.3830452,2.0762528,[14, 6, 2, 34],56,176,10,3
2,41.4487614,2.2160931,[7, 2, 1, 10],117,237,10,4
3,41.4008741,2.1610253,[-14, -6, -2, -34],88,208,10,1
4,41.4029761,2.1475665,[-7, -2, -1, -10],142,231,10,2
StartID EndID StartX StartY EndX EndY StartT EndT
5,9,41.4623355,2.2014148,41.3832447,2.074934,75,522
6,10,41.3736968,2.1209403,41.4077817,2.1493673,66,486
7,11,41.388833,2.0858048,41.3914257,2.1634969,89,521
8,12,41.4166572,2.1910521,41.386186,2.1769304,112,478
edge
0,17,17,10,10,18,10,18,12,17,10,7,7
16,0,22,17,15,22,9,7,20,2,15,16,18
16,20,0,14,15,5,20,22,11,20,14,15,14
9,15,15,0,5,15,10,17,7,15,5,4,6
9,14,15,5,0,15,9,15,9,14,3,4,7
18,20,5,15,14,0,19,21,12,20,14,17,16
9,9,21,12,10,20,0,12,14,9,10,9,12
16,4,22,17,15,22,10,0,20,4,14,15,18
14,19,10,6,9,10,15,20,0,19,7,8,10
16,1,23,17,15,22,9,7,21,0,15,16,18
10,13,14,5,3,13,9,14,8,13,0,5,8
7,14,14,4,5,15,9,16,6,14,4,0,4
6,17,14,5,7,15,11,18,8,17,7,4,0
