Name: bar-n15-m4-c2-OD0.0
Type: GPDPOD-IMC
Commodity type: 4
Compartment num: 2
CapacityHD: 100
VehicleHDs: 4
CapacityOD: 50
VehicleODs: 0
ID Xc Yc DEMAND StartT EndT SerT PairedID
0,41.3722496,2.1636008,[0, 0, 0, 0],0,240,0,0
1,41.4493932,2.2198353,[14, 6, 2, 19],43,163,10,8
2,41.4487614,2.2160931,[7, 2, 1, 10],117,237,10,9
3,41.3597275,2.0909717,[7, 2, 1, 8],114,234,10,10
4,41.4480155,2.2171536,[7, 2, 1, 12],128,240,10,11
5,41.3783978,2.1277763,[14, 6, 2, 7],42,162,10,12
6,41.3328466,2.0921043,[14, 6, 2, 21],104,224,10,13
7,41.3638313,2.0926901,[14, 6, 2, 18],23,143,10,14
8,41.4477782,2.2093682,[-14, -6, -2, -19],57,177,10,1
9,41.4029761,2.1475665,[-7, -2, -1, -10],142,231,10,2
10,41.4530228,2.2052872,[-7, -2, -1, -8],144,223,10,3
11,41.3949328,2.12944,[-7, -2, -1, -12],158,231,10,4
12,41.441527,2.2275919,[-14, -6, -2, -7],73,193,10,5
13,41.3745313,2.1450922,[-14, -6, -2, -21],125,235,10,6
14,41.4026572,2.1572714,[-14, -6, -2, -18],50,170,10,7
StartID EndID StartX StartY EndX EndY StartT EndT
edge
0,18,17,15,17,8,16,16,16,10,17,10,17,6,11
18,0,3,22,2,20,27,22,4,16,5,18,7,22,17
16,2,0,21,1,19,26,20,3,15,3,17,6,20,16
15,23,21,0,21,10,12,5,21,14,20,12,25,13,16
17,3,2,21,0,19,26,21,3,16,4,17,7,21,17
7,22,20,10,21,0,13,11,20,8,19,6,21,4,11
12,23,22,8,22,11,0,10,21,15,22,13,22,11,17
15,23,21,4,22,10,13,0,21,14,20,12,25,12,17
16,3,2,21,2,19,26,20,0,15,3,17,6,20,15
9,17,15,14,16,7,17,14,15,0,14,5,17,9,5
17,4,3,19,3,17,25,18,3,13,0,15,7,20,15
9,18,16,11,17,4,14,11,16,6,15,0,20,7,9
17,5,5,25,6,21,26,24,7,17,7,20,0,20,17
5,20,19,10,19,4,12,11,18,9,19,7,19,0,10
10,16,14,15,15,9,19,15,14,3,14,7,16,9,0
