Name: bar-n60-m4-c2-OD0.2
Type: GPDPOD-IMC
Commodity type: 4
Compartment num: 2
CapacityHD: 100
VehicleHDs: 14
CapacityOD: 50
VehicleODs: 0
ID Xc Yc DEMAND StartT EndT SerT PairedID
0,41.3722496,2.1636008,[0, 0, 0, 0],0,240,0,0
1,41.462595,2.2032144,[14, 6, 2, 22],0,86,10,31
2,41.3242511,2.0918881,[3, 1, 0, 7],62,182,10,32
3,41.3584274,2.1049355,[7, 2, 1, 15],111,231,10,33
4,41.4259211,2.1671663,[14, 6, 2, 19],13,133,10,34
5,41.3830452,2.0762528,[14, 6, 2, 34],56,176,10,35
6,41.3189186,2.1017005,[14, 6, 2, 7],0,240,10,36
7,41.352645,2.110783,[14, 6, 2, 24],66,186,10,37
8,41.357915,2.0903896,[3, 1, 0, 8],33,153,10,38
9,41.364272,2.0908178,[14, 6, 2, 30],49,169,10,39
10,41.3995238,2.1961495,[14, 6, 2, 30],83,203,10,40
11,41.3284942,2.086668,[7, 2, 1, 15],0,76,10,41
12,41.3544296,2.0735694,[14, 6, 2, 16],25,145,10,42
13,41.4493212,2.210935,[7, 2, 1, 5],25,145,10,43
14,41.4072565,2.1217426,[14, 6, 2, 18],0,102,10,44
15,41.4512399,2.215386,[7, 2, 1, 14],0,99,10,45
16,41.429631,2.2253478,[7, 2, 1, 6],70,190,10,46
17,41.4502702,2.2114644,[14, 6, 2, 23],0,108,10,47
18,41.4436929,2.2246727,[14, 6, 2, 23],0,240,10,48
19,41.4404673,2.2378337,[14, 6, 2, 29],0,82,10,49
20,41.3282617,2.0916566,[14, 6, 2, 22],0,94,10,50
21,41.4368981,2.2348379,[14, 6, 2, 19],127,240,10,51
22,41.401785,2.1156419,[14, 6, 2, 13],43,163,10,52
23,41.3812716,2.1648239,[14, 6, 2, 25],0,240,10,53
24,41.448413,2.2080373,[14, 6, 2, 24],94,214,10,54
25,41.4425434,2.213546,[14, 6, 2, 9],59,179,10,55
26,41.4449641,2.2128698,[14, 6, 2, 11],105,225,10,56
27,41.4573762,2.2175219,[3, 6, 1, 4],64,184,10,57
28,41.4548986,2.2100092,[14, 6, 2, 29],129,240,10,58
29,41.4520389,2.2273956,[14, 6, 2, 33],93,213,10,59
30,41.4503532,2.2250068,[3, 6, 1, 4],95,215,10,60
31,41.4351116,2.1668645,[-14, -6, -2, -22],19,139,10,1
32,41.4381083,2.20708,[-3, -1, 0, -7],95,215,10,2
33,41.4311022,2.1876125,[-7, -2, -1, -15],151,224,10,3
34,41.4691634,2.0755153,[-14, -6, -2, -19],44,164,10,4
35,41.4008741,2.1610253,[-14, -6, -2, -34],88,208,10,5
36,41.4269596,2.2253214,[-14, -6, -2, -7],0,240,10,6
37,41.3701104,2.1271576,[-14, -6, -2, -24],84,204,10,7
38,41.4207853,2.1543114,[-3, -1, 0, -8],59,179,10,8
39,41.4432,2.22515,[-14, -6, -2, -30],87,207,10,9
40,41.3857565,2.0988148,[-14, -6, -2, -30],112,226,10,10
41,41.4604654,2.2089974,[-7, -2, -1, -15],33,153,10,11
42,41.3906531,2.0730443,[-14, -6, -2, -16],48,168,10,12
43,41.389356,2.1592813,[-7, -2, -1, -5],58,178,10,13
44,41.4415796,2.2192121,[-14, -6, -2, -18],32,152,10,14
45,41.4217479,2.1417851,[-7, -2, -1, -14],22,142,10,15
46,41.3755228,2.1409372,[-7, -2, -1, -6],98,218,10,16
47,41.4373567,2.2074204,[-14, -6, -2, -23],16,136,10,17
48,41.4349816,2.1930256,[-14, -6, -2, -23],0,240,10,18
49,41.4449382,2.2241955,[-14, -6, -2, -29],17,137,10,19
50,41.445594,2.223019,[-14, -6, -2, -22],35,155,10,20
51,41.4303138,2.1855012,[-14, -6, -2, -19],149,225,10,21
52,41.3723636,2.1601655,[-14, -6, -2, -13],68,188,10,22
53,41.3746145,2.1643053,[-14, -6, -2, -25],0,240,10,23
54,41.3169437,2.0759705,[-14, -6, -2, -24],129,226,10,24
55,41.376977,2.1712554,[-14, -6, -2, -9],88,208,10,25
56,41.372823,2.0600052,[-14, -6, -2, -11],139,222,10,26
57,41.4615268,2.2010703,[-3, -6, -1, -4],80,200,10,27
58,41.4525037,2.2152076,[-14, -6, -2, -29],141,222,10,28
59,41.4168684,2.179132,[-14, -6, -2, -33],117,228,10,29
60,41.4623983,2.0504567,[-3, -6, -1, -4],130,217,10,30
StartID EndID StartX StartY EndX EndY StartT EndT
61,73,41.4490414,2.2067515,41.3798821,2.0507836,92,482
62,74,41.388833,2.0858048,41.3914257,2.1634969,89,521
63,75,41.4625923,2.2045488,41.4082703,2.1708935,101,488
64,76,41.3717312,2.0889754,41.3599849,2.0740359,115,475
65,77,41.3774977,2.1176535,41.375952,2.1157719,103,490
66,78,41.3745388,2.1254753,41.383981,2.0602456,81,501
67,79,41.452299,2.2327227,41.444196,2.2231824,128,464
68,80,41.437641,2.2298148,41.4692218,2.0813928,0,468
69,81,41.3904608,2.1457467,41.4463448,2.1763859,51,480
70,82,41.4479774,2.226761,41.4025067,2.1510921,0,444
71,83,41.4250776,2.2272202,41.4251356,2.0984945,0,720
72,84,41.4486016,2.2381093,41.4073995,2.1365981,95,497
edge
0,18,15,13,15,17,15,12,14,16,9,16,16,17,12,17,14,17,19,16,16,15,12,5,17,16,16,19,17,18,18,17,16,16,21,10,13,10,14,17,14,18,19,6,18,15,6,16,17,19,18,16,3,2,16,7,19,18,18,13,23,17,18,19,15,11,9,18,15,7,18,13,17,19,7,11,17,10,19,19,24,19,10,19,12
19,0,27,21,12,20,27,23,20,20,14,27,24,6,13,5,11,4,9,11,27,10,14,20,4,7,6,5,3,8,7,9,8,10,21,15,11,21,13,9,18,3,22,18,9,12,20,8,9,9,8,10,21,19,25,21,23,2,5,12,23,4,21,1,18,20,20,9,10,18,7,11,11,22,17,13,21,19,22,9,20,7,16,21,14
14,26,0,9,23,15,3,9,10,12,18,3,12,24,16,25,21,25,26,23,3,23,14,15,24,24,23,26,24,25,25,23,23,25,25,19,20,12,20,24,14,25,17,15,25,20,12,24,25,26,25,25,14,14,5,16,14,25,25,21,26,24,18,26,11,15,12,25,22,16,25,21,24,16,16,20,12,14,18,26,28,23,18,23,17
11,22,9,0,17,9,9,3,3,5,17,9,7,22,10,21,22,20,25,24,9,23,9,11,21,22,21,22,20,24,23,17,21,22,19,15,21,7,15,25,9,21,11,11,24,14,8,21,21,25,24,21,10,11,9,13,12,21,22,17,21,20,12,22,6,7,7,25,23,11,24,21,24,12,13,16,7,5,12,25,22,17,14,17,13
15,12,23,18,0,17,23,19,17,17,11,23,21,11,9,11,13,10,14,15,24,14,11,13,10,12,11,12,10,13,12,6,10,7,19,8,13,16,6,14,14,11,19,10,13,7,14,9,8,14,14,6,15,14,22,14,20,11,12,5,21,10,18,12,15,15,15,14,13,12,13,13,15,19,10,5,18,14,19,14,22,9,9,17,10
16,22,16,10,18,0,16,12,9,9,21,16,11,23,11,22,26,21,26,27,16,26,10,16,21,22,22,23,21,24,24,18,22,23,20,17,25,11,15,26,6,22,4,15,25,15,11,22,22,26,25,22,15,15,14,17,8,22,23,19,21,21,7,22,6,9,10,26,26,13,24,25,27,6,16,18,9,8,6,26,23,18,16,18,14
14,26,3,9,23,15,0,8,10,12,18,4,12,24,16,25,22,25,26,24,4,23,14,15,24,24,23,26,24,26,25,23,24,25,25,19,20,12,20,24,15,25,17,15,25,20,13,24,26,26,25,25,14,14,4,16,15,25,26,21,26,24,18,26,11,15,12,25,22,16,25,21,24,16,16,20,13,14,18,26,28,23,18,23,17
11,23,8,2,19,11,8,0,5,7,18,8,9,23,12,23,21,22,25,23,8,22,10,12,22,23,23,24,22,25,25,19,23,22,21,16,20,8,16,24,10,23,13,12,24,16,9,23,22,25,25,21,10,11,8,13,13,22,24,18,23,22,14,23,7,8,9,24,22,12,24,20,23,14,13,16,8,7,14,25,24,19,15,19,14
14,20,11,3,15,8,11,5,0,4,19,11,4,20,8,20,22,19,23,24,11,23,7,14,19,20,19,20,18,22,21,15,19,20,17,15,21,10,13,23,7,19,10,12,22,12,10,19,19,23,23,19,13,13,9,15,9,19,20,16,19,18,11,20,4,8,9,23,23,11,22,22,25,11,13,15,4,6,11,23,20,15,13,15,11
15,21,13,5,17,8,12,7,4,0,20,12,8,21,10,21,24,20,24,25,13,25,8,15,20,21,21,22,20,23,22,17,21,21,18,16,23,10,14,24,8,21,10,14,24,14,11,21,21,24,24,20,14,14,10,16,10,20,21,18,21,20,11,21,3,9,9,24,24,12,23,23,26,11,15,16,6,7,11,24,21,16,15,17,12
10,13,19,17,10,21,19,17,18,21,0,20,20,12,14,12,10,12,14,11,20,10,15,9,12,11,11,14,12,13,13,11,11,10,24,8,9,15,11,12,18,13,22,8,13,12,11,10,10,13,13,9,11,10,20,10,23,13,13,7,26,12,22,14,19,16,14,13,10,10,12,9,12,22,7,6,21,15,22,13,26,14,10,22,12
12,24,2,7,21,13,4,7,8,10,16,0,10,22,14,23,19,23,24,21,4,21,12,13,22,22,21,24,22,23,23,21,21,23,23,17,18,10,18,22,12,23,15,13,23,18,10,22,23,24,23,23,12,12,5,14,12,23,23,19,24,22,16,24,9,13,10,23,20,14,23,19,22,14,14,18,10,12,16,24,26,21,16,21,15
16,23,13,7,18,10,13,8,4,7,20,12,0,23,11,22,24,22,26,26,13,25,10,17,22,23,22,23,21,25,24,18,22,23,20,18,22,13,16,26,10,22,12,15,25,15,13,22,22,26,26,22,16,17,11,18,9,22,23,19,22,21,14,23,7,11,12,26,24,14,25,23,26,11,16,18,4,9,12,26,23,18,16,18,14
17,6,26,23,12,21,25,23,21,21,13,27,25,0,14,3,10,3,6,8,27,8,15,19,3,4,4,5,3,5,4,10,6,9,22,15,9,22,14,6,19,5,23,17,6,13,20,6,8,6,6,9,19,17,26,20,25,6,4,12,24,4,23,6,19,21,21,6,7,18,5,9,8,23,16,13,23,20,23,6,21,8,17,22,15
12,14,16,11,10,9,16,12,9,9,15,16,13,14,0,14,17,13,18,19,16,18,3,10,13,14,14,15,13,16,15,10,14,15,11,10,17,10,7,17,7,14,11,8,17,7,9,14,14,17,17,13,12,11,14,12,13,13,15,11,13,13,11,14,7,9,9,17,17,7,16,17,19,11,9,9,11,8,11,18,14,10,8,9,5
17,5,26,22,11,21,25,23,21,21,13,27,24,3,13,0,8,2,5,7,27,6,14,19,3,4,3,4,2,4,3,9,6,8,22,14,9,22,14,5,18,4,22,17,5,12,20,6,7,5,4,8,19,17,25,20,24,5,2,11,23,3,22,5,18,20,21,5,6,18,3,9,7,22,16,12,22,20,22,5,21,7,16,21,14
15,10,24,22,12,23,23,21,23,23,11,25,25,6,15,7,0,7,7,5,25,4,17,16,7,5,6,9,8,7,7,12,6,9,24,13,3,20,16,5,20,10,25,14,5,14,18,6,8,7,7,8,17,15,25,17,26,9,8,10,26,7,24,10,21,21,20,7,3,15,6,3,6,25,13,11,24,20,25,7,23,10,15,23,17
17,5,26,22,11,20,25,23,20,20,13,26,24,2,13,1,8,0,5,7,27,6,14,18,3,4,3,4,2,4,3,9,5,8,22,14,9,22,14,5,18,4,22,16,5,12,20,6,7,5,4,8,19,17,25,19,24,4,2,11,23,2,22,5,18,20,20,5,6,18,4,9,7,22,15,11,22,20,22,5,21,7,16,21,14
17,8,26,23,14,24,25,23,24,24,12,26,26,6,16,5,6,5,0,4,26,4,18,18,6,4,5,6,6,3,3,12,7,10,25,15,6,22,17,1,21,8,26,16,3,15,20,6,9,2,2,10,19,17,26,19,27,8,5,12,27,6,25,8,22,23,22,5,3,17,3,6,4,26,15,13,25,22,26,3,24,11,17,24,18
17,11,26,24,15,25,25,23,24,25,13,26,27,8,17,7,6,7,6,0,27,4,19,18,8,7,8,8,8,6,5,14,9,12,26,16,6,23,18,5,22,10,27,16,6,16,20,9,11,6,5,12,19,17,27,19,28,10,7,13,28,8,26,11,23,23,22,5,3,18,5,6,4,27,15,14,26,23,27,6,25,12,17,25,19
13,25,3,8,22,14,5,8,9,11,17,2,11,23,15,24,20,23,25,22,0,22,13,14,23,23,22,25,23,24,24,22,22,24,24,18,19,11,19,23,13,24,16,14,24,19,11,23,24,25,24,24,13,13,6,15,13,24,24,20,25,23,17,25,10,14,11,24,21,15,24,20,23,15,15,19,11,13,17,25,26,22,17,22,16
16,11,25,23,14,24,24,22,24,24,12,26,26,9,16,8,4,8,7,3,26,0,18,17,9,8,9,9,8,6,6,13,9,12,25,15,4,22,17,5,21,11,26,15,6,15,19,8,11,6,6,11,18,16,26,19,27,10,8,12,27,9,25,11,22,23,21,6,3,17,5,4,6,26,14,13,25,22,26,7,24,11,17,24,18
12,14,15,10,10,8,15,11,8,8,15,15,12,15,3,14,18,13,18,19,16,18,0,10,13,14,14,15,13,17,16,10,14,15,11,10,17,9,7,18,6,14,10,8,17,7,8,14,14,18,17,14,11,11,13,12,12,14,15,11,13,13,10,15,6,8,8,18,18,7,16,17,20,10,9,10,10,8,10,18,14,10,8,10,6
6,19,17,14,14,17,16,13,15,17,10,17,17,17,12,17,14,17,19,16,18,16,12,0,17,16,16,19,17,18,18,16,16,15,21,9,13,11,13,17,15,18,19,5,18,14,7,16,16,19,18,15,6,5,17,3,20,18,18,12,23,17,19,19,16,12,10,18,15,7,18,14,17,19,6,10,18,11,19,19,24,18,9,19,11
16,5,25,21,11,20,24,22,20,20,12,25,24,2,12,3,8,2,6,8,26,8,14,17,0,3,3,5,3,5,4,9,5,8,21,14,8,21,13,6,17,5,22,15,6,11,19,5,6,6,6,8,18,16,25,19,23,5,4,11,23,3,21,5,18,20,20,6,7,17,5,8,8,22,14,12,21,19,22,6,20,7,15,20,14
16,7,25,22,12,20,24,22,20,20,12,26,24,3,13,4,7,4,5,8,26,7,14,17,4,0,3,7,5,5,5,10,5,8,21,13,7,21,13,5,18,7,22,15,3,12,19,5,7,4,4,8,18,16,25,19,24,6,5,11,23,4,21,7,18,20,20,7,7,17,5,7,8,22,14,11,22,19,22,5,20,7,16,21,14
16,6,25,22,12,20,24,22,20,20,12,26,24,2,13,3,8,3,5,8,26,8,14,18,3,2,0,6,3,5,4,10,5,9,21,14,8,21,13,5,18,6,22,16,5,12,19,5,7,5,4,8,18,16,25,19,24,5,4,11,23,3,22,6,18,20,20,6,7,17,5,8,8,22,15,12,22,19,22,5,20,7,16,21,14
20,6,28,23,13,22,28,25,22,22,16,28,25,6,14,4,11,5,7,9,29,9,15,21,5,7,6,0,3,6,5,11,9,11,23,16,11,23,15,7,19,4,24,19,8,13,22,9,10,7,7,10,22,20,26,23,25,6,3,14,24,5,23,6,19,21,22,7,8,19,6,11,9,23,18,14,23,21,23,7,22,9,17,22,16
18,3,26,21,11,19,26,22,19,19,13,26,23,4,12,2,10,2,6,8,27,7,13,19,3,5,4,3,0,5,4,9,7,9,21,14,10,21,13,6,17,3,21,17,6,11,20,7,8,6,5,8,20,18,24,20,23,3,2,12,22,3,21,3,17,19,19,6,7,17,5,10,8,21,16,12,21,19,21,6,20,7,15,20,13
18,7,27,24,13,23,26,24,23,23,14,28,26,5,15,4,7,4,4,6,28,5,16,20,5,6,5,5,5,0,2,11,8,11,24,16,8,24,16,4,20,6,25,18,5,14,21,8,9,4,3,10,20,18,27,21,26,7,4,13,26,5,24,7,21,23,23,3,5,19,2,8,5,24,17,14,24,22,24,4,23,10,18,23,17
17,7,26,24,13,23,25,23,23,23,13,27,26,5,15,4,7,4,3,5,27,4,16,19,5,5,5,4,4,2,0,11,8,10,24,16,7,23,16,3,20,6,25,17,5,14,20,8,9,3,3,10,19,17,27,20,26,7,3,13,25,5,24,7,20,22,23,3,4,18,2,7,5,24,16,14,24,22,24,3,23,9,18,23,16
17,10,23,18,4,16,23,19,16,16,13,23,20,9,9,9,13,8,12,14,24,13,10,15,8,10,9,10,8,11,10,0,9,8,19,10,12,18,7,12,14,9,18,12,12,7,16,9,7,12,12,7,17,16,21,16,20,9,10,7,21,8,18,10,14,16,16,12,13,13,11,13,14,18,12,7,18,16,18,12,22,5,11,17,10
15,8,24,22,9,21,23,21,21,21,11,25,25,6,14,6,7,5,9,9,25,8,15,16,6,6,5,9,7,9,8,9,0,5,22,12,7,20,13,7,18,8,23,14,6,13,18,1,4,9,9,5,17,15,25,17,24,7,7,9,24,5,22,8,19,21,20,10,8,15,8,7,10,23,13,10,22,20,23,9,21,8,14,22,15
16,9,26,22,6,21,25,22,21,21,11,26,24,8,13,8,9,7,11,11,26,10,14,14,7,8,7,10,8,10,9,6,5,0,23,9,9,18,10,9,18,9,23,12,9,10,16,5,4,11,11,2,16,15,25,15,24,8,9,6,25,7,22,9,18,18,18,11,10,13,10,9,12,22,11,7,22,17,22,11,22,8,12,21,13
21,21,25,19,19,18,24,21,18,18,23,24,22,21,12,21,24,20,24,25,25,24,12,19,20,21,20,21,20,23,22,19,20,23,0,18,23,19,16,24,15,21,20,17,23,16,18,20,21,24,24,22,20,20,22,20,21,20,21,20,6,20,19,21,16,18,18,24,24,16,23,24,26,20,18,19,19,17,20,24,3,19,17,13,15
9,16,19,15,9,15,19,14,16,16,9,18,19,15,9,15,14,14,18,15,19,14,10,7,14,15,15,16,14,17,16,11,13,11,19,0,14,11,9,15,13,15,17,5,15,9,8,13,11,17,17,10,9,8,19,8,19,15,16,6,21,14,17,16,14,11,10,17,14,6,16,14,16,17,4,4,17,10,17,18,22,13,4,17,8
14,9,23,21,12,22,22,20,21,22,10,23,24,7,15,7,2,7,8,5,24,4,16,15,7,6,6,10,8,8,7,12,6,9,23,13,0,20,15,6,20,9,24,14,6,14,17,6,8,8,7,9,16,14,24,17,26,9,8,10,25,8,24,9,20,21,20,8,4,15,7,1,7,24,13,11,24,20,24,8,22,9,15,23,16
9,22,12,7,17,12,12,7,8,10,15,11,12,22,10,21,20,21,24,22,12,21,9,9,21,22,21,22,20,24,23,17,20,19,18,12,19,0,14,22,10,21,14,8,22,14,4,20,19,24,24,18,8,8,12,10,16,21,22,14,21,20,14,22,10,6,3,23,20,7,23,19,22,15,10,13,12,5,15,24,21,17,11,17,10
13,14,21,16,5,14,21,16,14,14,11,20,18,13,7,13,16,12,17,17,21,16,8,11,12,14,13,14,12,16,15,8,12,10,17,7,15,14,0,16,12,13,16,9,15,3,12,12,11,17,16,9,13,12,19,12,18,13,14,7,19,12,16,14,12,13,13,17,16,9,15,16,17,16,9,5,16,12,16,17,19,9,7,15,6
17,8,25,23,14,24,25,23,24,24,12,26,26,6,16,5,6,5,3,4,26,4,18,18,6,4,6,6,6,3,3,12,7,10,25,15,6,22,17,0,21,8,26,16,3,15,20,7,9,3,2,10,19,17,26,19,27,8,5,12,27,6,25,8,22,23,22,5,3,17,2,6,4,25,15,13,25,22,26,3,24,11,17,24,18
14,19,16,9,15,6,16,11,9,9,18,16,13,19,8,19,22,18,23,24,16,23,6,14,18,19,19,20,18,21,21,15,19,20,17,14,22,10,12,22,0,19,8,12,22,12,10,19,19,22,22,18,13,14,14,15,10,19,20,16,19,18,6,19,7,8,8,23,22,10,21,22,24,9,12,14,10,7,9,23,20,15,13,15,10
18,3,26,20,11,19,26,22,19,19,13,26,23,5,12,3,10,3,8,10,26,9,13,19,3,6,6,4,2,6,6,9,7,9,20,14,10,20,12,7,17,0,21,17,8,11,20,7,8,7,7,9,20,18,24,20,22,3,4,11,22,3,20,2,17,19,19,8,8,17,6,10,10,21,16,12,21,18,21,8,19,6,15,20,13
18,24,18,12,20,3,18,14,11,11,23,18,13,24,13,24,27,23,27,28,18,28,11,18,23,24,24,24,23,26,25,20,24,24,21,19,27,13,17,27,8,24,0,16,26,17,13,24,24,27,27,23,17,17,16,19,8,23,24,21,23,23,8,24,8,11,12,27,27,15,26,27,29,6,17,19,10,10,5,27,24,19,18,20,15
6,16,16,12,9,14,16,11,14,15,7,16,18,14,9,15,13,14,16,14,16,13,9,4,14,14,14,16,15,16,16,11,12,11,18,4,13,9,9,14,12,15,16,0,14,9,5,12,11,16,16,10,6,5,16,5,18,15,16,7,20,14,15,16,12,10,8,15,12,4,15,13,14,16,2,5,16,9,16,16,21,13,4,16,7
17,9,26,24,13,23,25,23,23,23,13,26,27,5,15,5,6,5,5,6,27,5,17,18,5,3,5,8,6,5,5,12,6,10,24,14,6,22,16,3,20,8,25,16,0,14,19,6,8,4,4,9,19,17,27,19,26,8,6,12,26,6,24,9,21,23,22,7,5,17,4,6,7,25,15,12,24,22,25,5,23,10,17,23,17
13,12,18,13,6,12,18,15,12,12,12,18,15,12,4,11,15,10,15,16,19,15,5,11,10,12,11,12,10,14,13,7,11,11,14,9,14,13,5,15,9,11,14,9,14,0,12,11,11,15,14,9,13,12,16,12,15,11,12,9,16,10,13,12,10,11,12,15,15,9,13,14,17,13,8,7,13,11,13,15,17,7,7,12,5
5,20,12,8,14,11,12,8,9,11,11,12,13,19,9,19,17,18,21,18,13,17,8,5,19,18,18,21,19,20,20,16,16,15,17,9,16,4,13,19,9,20,13,5,18,13,0,16,16,21,20,14,4,4,12,6,16,20,20,11,20,18,13,20,10,6,4,20,17,5,20,17,19,14,6,10,13,5,14,21,20,16,8,16,9
15,8,24,22,9,21,23,21,21,21,11,25,25,6,14,7,7,6,10,9,25,8,15,16,6,6,5,9,7,9,8,9,1,5,23,12,7,20,13,7,19,8,23,14,6,13,18,0,4,9,9,5,17,15,25,17,25,8,7,9,24,5,23,8,19,21,20,10,8,15,9,7,10,23,13,10,23,20,23,10,21,8,14,22,15
16,7,25,21,8,19,24,22,20,20,11,26,23,7,12,7,8,6,10,10,26,9,13,15,6,7,6,8,6,9,8,7,4,4,22,10,8,19,11,9,17,7,21,13,8,11,16,4,0,10,10,3,17,16,24,16,23,7,8,7,23,6,21,8,17,19,19,10,9,14,9,8,11,21,12,8,21,18,21,10,20,6,12,20,13
18,8,27,25,14,24,26,24,24,24,13,27,27,5,16,5,7,5,2,6,28,5,17,19,6,5,5,6,6,3,3,12,8,12,25,17,8,24,17,3,21,8,25,17,5,15,21,8,10,0,2,11,20,18,27,20,27,8,5,14,26,6,25,8,21,23,23,5,4,19,2,8,6,25,16,14,25,23,25,2,24,11,18,24,17
17,9,26,24,14,24,25,23,24,24,13,26,27,6,16,5,6,5,1,5,27,4,18,18,6,5,5,6,6,4,3,13,7,11,25,15,7,23,17,2,21,8,26,16,3,15,20,7,9,1,0,10,19,17,27,20,27,8,5,13,27,6,25,9,22,23,22,5,4,18,3,7,5,25,15,13,25,23,26,1,24,11,17,24,18
15,8,24,20,5,19,24,20,19,19,9,24,23,8,11,7,10,7,11,12,25,11,13,13,7,8,8,9,7,10,9,5,6,3,21,8,10,17,8,10,16,8,21,10,9,9,14,6,5,11,10,0,15,14,23,14,22,8,8,5,23,6,20,8,17,16,16,11,11,12,10,10,13,21,9,5,20,15,21,11,21,7,10,19,11
2,19,16,12,15,16,15,11,13,15,10,15,16,17,11,18,15,18,20,17,16,16,11,5,18,17,17,20,18,19,19,17,17,16,20,10,14,9,14,18,13,19,18,6,19,15,5,17,16,19,19,15,0,2,15,6,19,19,19,12,22,18,17,19,14,10,8,19,16,6,18,14,18,18,7,10,17,9,18,20,23,18,9,18,11
2,19,16,13,16,17,15,12,14,16,10,16,17,17,12,18,15,18,19,17,17,16,11,6,17,17,16,19,17,19,18,17,17,17,21,10,13,10,15,17,14,18,19,7,18,15,6,17,17,19,19,16,3,0,16,7,19,18,19,13,23,17,18,19,15,11,9,18,15,7,18,14,17,18,7,11,17,10,19,19,24,19,10,19,12
14,26,4,9,22,14,4,9,8,11,19,5,12,24,15,25,22,25,26,24,6,23,13,16,25,24,24,26,25,26,26,21,24,26,23,19,21,12,19,25,13,26,16,16,25,19,13,24,26,26,26,25,14,15,0,17,15,25,26,22,26,25,17,26,10,14,13,25,23,16,25,21,24,16,17,20,12,13,17,26,26,21,19,22,17
5,17,15,13,15,17,14,12,14,16,8,16,16,15,12,16,13,16,17,15,16,14,12,5,16,15,15,18,16,17,17,16,15,16,21,9,12,10,14,16,15,17,19,6,16,14,7,15,16,17,17,15,6,4,16,0,18,16,17,12,23,16,18,17,15,12,10,16,14,6,16,12,15,19,6,10,17,11,19,17,24,17,9,19,12
18,24,15,12,19,6,15,13,9,10,22,14,9,24,12,23,26,22,27,28,17,27,11,18,23,24,23,24,22,26,25,19,23,24,21,18,25,14,17,27,10,23,7,16,26,16,14,23,23,27,26,23,17,18,15,19,0,23,24,20,21,22,11,24,9,12,13,27,27,14,26,25,28,4,17,19,7,11,6,27,24,19,17,19,15
18,1,26,21,11,20,26,23,20,20,14,26,23,5,12,5,11,4,8,10,27,10,13,19,4,6,6,5,3,7,6,9,7,9,21,14,10,21,13,8,17,3,22,17,8,11,20,7,8,8,8,9,20,18,24,21,23,0,5,12,22,4,21,2,17,19,20,8,9,17,7,10,10,21,16,12,21,19,21,8,20,7,15,20,13
18,5,27,22,12,21,26,24,21,21,13,27,24,3,13,2,9,2,6,8,28,7,14,19,3,5,4,4,2,4,4,9,6,9,22,14,10,22,14,6,18,4,23,17,6,12,21,6,8,5,5,8,20,18,25,20,24,5,0,12,23,3,22,5,19,20,21,6,7,18,4,10,8,22,16,12,22,20,22,6,21,8,16,21,15
12,11,22,17,5,17,21,17,17,17,8,21,21,10,10,10,11,9,14,12,22,11,11,10,9,10,10,12,10,13,12,6,8,7,20,5,10,14,7,12,15,11,19,7,11,8,11,8,7,14,13,5,12,11,22,11,21,10,11,0,22,9,19,11,15,14,13,13,10,9,12,10,12,19,7,2,19,13,19,14,23,9,7,18,8
23,23,27,21,21,20,26,23,20,20,25,26,23,23,14,23,26,22,27,27,27,27,14,21,22,23,23,24,22,25,25,21,23,25,6,20,26,21,18,27,17,23,22,19,25,18,20,23,23,26,26,25,22,22,24,22,22,23,24,22,0,22,21,23,18,20,20,27,26,18,25,26,28,21,20,21,21,19,22,27,8,21,19,14,16
16,6,25,21,10,20,24,22,20,20,12,25,24,2,13,3,8,3,7,9,26,8,14,17,1,3,3,6,4,5,4,8,5,8,21,13,8,21,13,6,17,5,22,15,6,11,19,5,6,6,6,7,18,16,25,19,23,5,4,10,23,0,21,6,18,20,20,6,7,17,5,8,9,22,14,11,21,19,22,6,20,7,16,21,14
16,22,17,11,18,4,17,13,10,10,21,17,13,22,11,22,25,21,26,27,17,26,9,17,21,22,22,23,21,24,24,18,22,23,20,17,25,12,15,25,6,22,5,14,25,15,12,22,22,25,25,21,15,16,15,18,9,21,23,19,22,21,0,22,7,10,11,26,25,13,24,25,27,7,15,17,10,9,7,26,23,18,16,18,14
19,1,27,22,12,20,27,23,20,20,14,27,24,6,13,5,11,4,9,11,27,10,14,20,5,7,7,5,3,8,7,10,8,10,21,15,11,21,13,9,18,2,22,18,9,12,21,8,9,9,8,10,21,19,25,21,24,2,5,12,23,4,22,0,18,20,20,9,10,18,7,11,11,22,17,13,22,19,22,9,20,8,16,21,14
13,19,12,6,14,7,11,8,5,5,18,11,8,19,7,18,22,17,22,23,12,22,6,13,17,19,18,19,17,21,20,14,18,19,16,13,21,9,11,22,6,18,9,11,21,11,9,18,18,22,21,18,12,13,9,14,9,18,19,15,18,17,10,19,0,7,7,22,22,10,21,22,24,10,12,14,6,5,10,22,19,14,12,14,10
9,20,15,8,16,9,15,9,9,10,15,14,13,21,9,20,21,19,24,22,15,21,8,10,19,20,20,21,19,23,22,16,20,19,18,12,21,5,13,23,7,20,11,9,22,13,5,20,19,24,23,18,8,9,15,11,13,20,21,14,20,19,11,21,7,0,4,24,21,8,22,21,23,12,10,13,11,2,12,24,21,16,11,16,10
7,20,13,7,16,10,12,8,9,10,14,12,13,21,9,20,20,19,23,20,13,19,7,8,19,20,20,21,19,22,22,16,18,17,17,11,19,3,13,21,8,20,12,7,20,13,3,18,18,23,22,16,6,7,12,9,14,20,21,13,19,19,12,21,9,4,0,22,19,6,22,19,21,13,8,12,12,4,13,23,20,16,10,15,9
16,8,25,23,15,24,24,22,24,24,12,26,26,7,16,6,7,6,7,6,26,5,17,18,7,8,7,7,7,3,4,13,9,12,25,15,8,22,17,5,21,7,26,16,6,15,19,9,11,6,6,12,18,16,26,19,27,9,6,13,27,7,25,8,22,23,22,0,5,17,4,8,3,25,15,13,25,22,25,7,24,11,17,24,18
16,10,25,23,14,24,24,22,23,24,11,25,25,8,16,7,5,7,6,4,26,3,18,17,8,6,7,8,8,5,5,13,7,10,25,15,6,22,17,4,21,10,26,15,5,15,19,7,9,5,5,10,18,16,26,18,27,10,7,12,27,8,25,10,22,22,21,5,0,17,5,6,5,25,14,12,25,22,26,6,24,11,16,24,18
7,18,15,11,11,12,15,11,12,12,10,15,16,17,7,17,16,16,19,17,16,16,6,5,16,17,16,18,16,19,19,13,15,13,15,6,16,7,9,17,9,17,14,4,17,10,5,15,14,19,19,12,7,6,15,6,15,17,18,9,17,16,13,18,10,7,7,18,15,0,18,16,17,13,5,7,13,6,13,19,18,13,5,14,6
17,9,26,24,15,24,26,24,24,24,13,27,27,7,17,5,8,5,5,6,27,6,18,19,7,6,6,6,6,4,4,13,9,12,25,16,8,23,17,4,22,8,26,17,6,16,21,9,11,4,4,12,20,18,27,20,28,8,5,14,27,6,26,9,22,24,23,3,5,18,0,8,5,26,16,14,26,23,26,5,24,11,18,25,18
14,10,23,21,13,23,22,20,22,23,10,24,24,7,15,8,3,8,9,5,24,5,16,16,7,6,6,10,8,8,8,12,7,10,24,13,2,21,16,6,20,9,25,14,6,14,17,6,8,8,8,9,16,14,24,17,26,9,9,11,25,8,24,10,20,21,20,8,5,16,7,0,8,24,13,11,24,20,24,9,23,10,15,23,16
15,10,24,22,14,23,23,21,23,23,11,25,25,8,16,7,6,7,6,5,25,4,17,17,8,7,8,7,7,5,5,13,8,11,24,14,7,21,16,4,21,8,25,15,5,15,18,8,10,5,5,10,17,15,25,18,27,10,6,12,26,8,25,10,21,22,21,2,4,16,4,7,0,25,14,12,25,21,25,6,23,10,16,24,17
18,23,17,12,19,5,17,15,11,11,22,15,11,24,12,23,27,22,27,28,18,27,11,18,22,23,23,24,22,25,25,19,23,24,21,18,26,14,16,27,9,23,6,16,26,16,14,23,23,26,26,22,17,18,16,19,4,23,24,20,20,22,10,23,8,12,12,27,26,14,25,26,28,0,17,19,10,10,4,27,24,19,17,19,15
7,16,17,12,9,14,16,12,14,15,7,16,18,14,9,15,13,14,16,14,17,13,9,5,14,13,13,16,14,16,15,11,12,10,18,4,13,9,8,14,12,15,16,2,14,9,6,11,11,16,15,10,7,6,16,6,18,15,15,7,20,14,16,16,13,10,8,15,12,4,15,13,14,16,0,5,16,9,16,16,21,13,4,16,7
10,13,20,16,7,16,20,15,16,16,7,19,20,13,9,12,12,12,15,13,20,12,10,8,12,13,13,14,12,15,14,9,11,9,19,3,12,12,7,13,14,13,18,6,13,7,9,11,9,15,15,8,10,9,20,9,20,13,13,4,21,11,18,13,14,12,11,14,11,7,14,12,13,18,5,0,18,11,18,15,22,11,5,17,7
17,23,12,7,19,7,13,9,4,7,21,11,4,23,12,23,24,22,27,26,14,25,11,17,22,23,23,24,22,25,25,19,23,24,21,18,23,13,16,26,10,23,9,16,26,16,13,23,23,26,26,22,16,17,12,18,6,23,24,20,21,22,12,23,6,10,11,27,25,14,25,23,27,9,17,18,0,9,9,27,24,19,17,19,15
8,19,14,6,15,7,13,8,7,8,14,13,11,20,8,19,20,18,23,21,14,20,7,9,18,19,19,20,18,21,21,15,19,18,17,11,20,4,12,21,6,19,9,8,21,12,4,19,18,23,22,17,7,8,13,10,12,19,20,14,19,18,10,19,6,2,3,22,20,7,21,20,21,10,9,12,10,0,10,23,20,15,10,15,10
19,24,18,13,19,5,18,15,12,12,23,17,12,24,13,24,27,23,27,28,19,27,11,18,23,24,23,24,23,26,25,19,23,24,21,18,27,14,17,27,10,23,6,16,26,16,14,24,24,27,27,23,18,18,17,19,5,23,24,21,22,23,10,24,9,12,13,27,27,15,26,27,29,3,17,19,10,11,0,27,24,19,18,20,15
17,9,26,24,14,24,25,23,24,24,13,26,27,6,17,6,6,6,4,5,27,5,18,18,7,4,6,7,7,4,4,13,7,10,25,15,7,23,17,1,21,9,26,16,3,15,20,7,9,4,3,10,19,17,27,19,27,9,6,12,27,7,25,9,22,23,22,6,4,18,3,7,5,26,15,13,25,22,26,0,24,11,17,25,18
25,19,28,23,23,21,28,24,21,21,25,28,25,19,15,19,22,18,23,24,29,23,15,23,18,19,19,20,18,22,21,21,19,21,4,22,22,23,20,23,19,19,23,20,22,20,22,19,19,23,22,21,24,24,26,24,25,19,20,23,9,18,23,20,19,21,21,23,22,19,21,22,24,23,21,22,23,21,23,23,0,18,20,14,18
17,7,22,16,7,15,22,18,15,15,13,22,19,7,8,7,10,6,10,11,22,10,9,15,6,7,6,7,5,9,8,5,6,8,17,11,10,16,8,10,12,6,17,13,9,6,15,6,6,10,10,7,17,16,20,16,18,6,7,8,20,5,16,7,13,15,15,10,10,13,9,10,12,17,13,9,16,14,17,10,20,0,11,16,9
9,15,18,14,9,14,18,14,14,14,10,18,18,15,7,15,16,14,19,17,19,16,8,7,14,15,15,16,14,17,17,11,14,12,16,5,15,11,6,17,11,15,16,5,16,7,8,14,13,18,18,11,9,8,18,8,17,15,16,7,18,14,15,15,12,10,10,18,15,5,17,16,17,16,5,5,15,9,16,19,19,11,0,14,5
19,21,22,17,17,16,22,19,16,16,21,22,19,21,9,21,24,20,25,26,23,25,9,17,20,21,21,22,20,23,23,17,21,22,12,16,24,17,14,24,13,21,18,15,24,14,16,21,21,24,24,20,18,18,20,18,19,20,22,18,14,20,17,21,13,15,16,24,24,14,23,24,26,17,16,16,17,15,17,25,14,17,15,0,12
11,14,18,13,9,12,17,13,12,12,12,17,16,14,4,13,17,13,17,18,18,17,5,9,13,14,13,14,12,16,15,9,13,14,14,7,16,10,5,17,9,13,14,6,16,6,10,13,13,17,17,12,11,10,17,10,15,13,14,9,16,12,13,14,10,10,10,17,17,6,16,17,19,14,7,7,13,9,14,17,17,9,5,12,0
