Name: bar-n10-m4-c2-OD0.4
Type: GPDPOD-IMC
Commodity type: 4
Compartment num: 2
CapacityHD: 100
VehicleHDs: 2
CapacityOD: 50
VehicleODs: 0
ID Xc Yc DEMAND StartT EndT SerT PairedID
0,41.3722496,2.1636008,[0, 0, 0, 0],0,240,0,0
1,41.3684347,2.0991589,[7, 2, 1, 16],67,187,10,6
2,41.3189186,2.1017005,[14, 6, 2, 7],0,240,10,7
3,41.4166572,2.1910521,[14, 6, 2, 10],112,232,10,8
4,41.4368981,2.2348379,[14, 6, 2, 19],127,240,10,9
5,41.4250776,2.2272202,[14, 6, 2, 34],0,240,10,10
6,41.4505409,2.2368208,[-7, -2, -1, -16],105,223,10,1
7,41.4269596,2.2253214,[-14, -6, -2, -7],0,240,10,2
8,41.386186,2.1769304,[-14, -6, -2, -10],133,234,10,3
9,41.4303138,2.1855012,[-14, -6, -2, -19],149,225,10,4
10,41.4251356,2.0984945,[-14, -6, -2, -34],0,240,10,5
StartID EndID StartX StartY EndX EndY StartT EndT
11,15,41.4516487,2.2359664,41.4345712,2.2231087,0,720
12,16,41.4490281,2.2108257,41.376514,2.1375849,66,531
13,17,41.3736968,2.1209403,41.4077817,2.1493673,66,486
14,18,41.3551318,2.1338972,41.4645297,2.0827599,0,456
edge
0,14,15,12,15,13,16,13,7,16,19,17,16,10,9,15,8,10,23
12,0,12,18,24,23,24,23,15,19,16,24,20,6,10,22,9,13,20
14,12,0,21,23,21,24,20,16,25,23,25,24,14,10,22,13,18,27
14,19,22,0,10,9,11,9,10,5,20,12,10,15,17,9,13,7,23
16,23,24,11,0,4,6,4,14,11,24,6,9,22,20,4,20,16,25
14,22,22,9,5,0,7,2,12,9,23,8,7,21,18,4,18,14,23
17,24,25,11,6,8,0,8,14,12,25,1,8,23,21,5,20,16,25
14,22,22,9,4,1,7,0,11,9,23,8,6,21,18,4,18,14,23
6,16,15,8,12,10,13,10,0,11,18,14,13,11,11,12,9,7,22
15,18,24,4,11,10,12,10,12,0,19,12,8,16,18,9,14,8,21
19,15,22,20,25,24,25,24,18,20,0,25,21,15,18,23,17,13,14
18,23,26,12,7,9,2,9,15,12,24,0,7,23,22,7,21,17,25
17,20,25,11,7,9,8,9,14,9,21,7,0,20,21,7,20,15,21
9,6,14,14,21,21,22,20,12,18,17,22,21,0,8,20,5,10,20
8,10,10,15,18,16,19,16,12,19,18,20,19,8,0,18,8,12,22
15,22,23,9,5,3,7,3,13,8,23,7,6,21,19,0,18,14,23
6,9,13,12,18,18,19,17,9,15,16,20,19,5,7,18,0,9,20
10,12,18,8,15,15,16,15,8,10,13,17,14,9,12,14,10,0,17
25,21,28,23,24,23,24,23,24,22,13,24,20,21,24,22,22,19,0
