Name: bar-n45-m4-c2-OD0.8
Type: GPDPOD-IMC
Commodity type: 4
Compartment num: 2
CapacityHD: 100
VehicleHDs: 10
CapacityOD: 50
VehicleODs: 0
ID Xc Yc DEMAND StartT EndT SerT PairedID
0,41.3722496,2.1636008,[0, 0, 0, 0],0,240,0,0
1,41.3671296,2.0692367,[3, 1, 0, 8],2,122,10,23
2,41.3812716,2.1648239,[14, 6, 2, 25],0,240,10,24
3,41.354318,2.0671293,[14, 6, 2, 22],0,240,10,25
4,41.4427396,2.2253295,[14, 6, 2, 28],0,79,10,26
5,41.3297511,2.0991478,[14, 6, 2, 28],127,240,10,27
6,41.3328466,2.0921043,[14, 6, 2, 21],104,224,10,28
7,41.4479353,2.2194344,[3, 6, 1, 4],19,139,10,29
8,41.352645,2.110783,[14, 6, 2, 24],66,186,10,30
9,41.3830452,2.0762528,[14, 6, 2, 34],56,176,10,31
10,41.4160758,2.1764666,[14, 6, 2, 13],0,110,10,32
11,41.4119643,2.1535583,[7, 2, 1, 12],53,173,10,33
12,41.4442047,2.218796,[14, 6, 2, 20],0,84,10,34
13,41.4548986,2.2100092,[14, 6, 2, 29],129,240,10,35
14,41.4407077,2.2267254,[3, 6, 1, 4],97,217,10,36
15,41.3941327,2.1224947,[14, 6, 2, 23],52,172,10,37
16,41.4490414,2.2067515,[14, 6, 2, 23],92,212,10,38
17,41.3544296,2.0735694,[14, 6, 2, 16],25,145,10,39
18,41.4558747,2.2072483,[14, 6, 2, 12],0,240,10,40
19,41.4436929,2.2246727,[14, 6, 2, 23],0,240,10,41
20,41.3597275,2.0909717,[7, 2, 1, 8],114,234,10,42
21,41.4042244,2.1494187,[14, 6, 2, 22],0,240,10,43
22,41.3375512,2.1083287,[14, 6, 2, 11],0,98,10,44
23,41.3520481,2.0742798,[-3, -1, 0, -8],19,139,10,1
24,41.3746145,2.1643053,[-14, -6, -2, -25],0,240,10,2
25,41.4514197,2.2251463,[-14, -6, -2, -22],0,240,10,3
26,41.450472,2.2086465,[-14, -6, -2, -28],18,138,10,4
27,41.4146917,2.162891,[-14, -6, -2, -28],155,228,10,5
28,41.3745313,2.1450922,[-14, -6, -2, -21],125,235,10,6
29,41.3835998,2.1734228,[-3, -6, -1, -4],48,168,10,7
30,41.3701104,2.1271576,[-14, -6, -2, -24],84,204,10,8
31,41.4008741,2.1610253,[-14, -6, -2, -34],88,208,10,9
32,41.4112566,2.1908185,[-14, -6, -2, -13],15,135,10,10
33,41.4368711,2.234578,[-7, -2, -1, -12],78,198,10,11
34,41.3825888,2.1646439,[-14, -6, -2, -20],30,150,10,12
35,41.4525037,2.2152076,[-14, -6, -2, -29],141,222,10,13
36,41.3937005,2.1506405,[-3, -6, -1, -4],128,233,10,14
37,41.4459384,2.0660805,[-14, -6, -2, -23],78,198,10,15
38,41.3798821,2.0507836,[-14, -6, -2, -23],132,222,10,16
39,41.3906531,2.0730443,[-14, -6, -2, -16],48,168,10,17
40,41.4295296,2.1805525,[-14, -6, -2, -12],0,240,10,18
41,41.4349816,2.1930256,[-14, -6, -2, -23],0,240,10,19
42,41.4530228,2.2052872,[-7, -2, -1, -8],144,223,10,20
43,41.4237267,2.1660094,[-14, -6, -2, -22],0,240,10,21
44,41.4080448,2.2096487,[-14, -6, -2, -11],34,154,10,22
StartID EndID StartX StartY EndX EndY StartT EndT
45,81,41.3833251,2.0764792,41.4322033,2.1872315,0,477
46,82,41.4382502,2.2077829,41.4113198,2.1872084,38,461
47,83,41.437641,2.2298148,41.4692218,2.0813928,0,468
48,84,41.3550009,2.1001943,41.4292184,2.219643,107,467
49,85,41.4478675,2.2063436,41.4406278,2.1892066,0,408
50,86,41.3857728,2.091363,41.3613405,2.0847183,70,493
51,87,41.3995238,2.1961495,41.3857565,2.0988148,83,512
52,88,41.4512399,2.215386,41.4217479,2.1417851,0,426
53,89,41.4298515,2.1820608,41.3849029,2.0854836,56,497
54,90,41.4582638,2.0713341,41.4065696,2.1451119,0,441
55,91,41.3819329,2.0795768,41.3238794,2.0912046,0,438
56,92,41.3317926,2.0992391,41.3847151,2.066434,79,508
57,93,41.4551417,2.2083596,41.4500306,2.2226654,68,476
58,94,41.4316293,2.1786367,41.4183301,2.1435178,61,484
59,95,41.3736106,2.140136,41.3989488,2.1569471,104,482
60,96,41.4577076,2.2032435,41.4290784,2.2093427,0,411
61,97,41.469147,2.2341853,41.4105332,2.208314,95,494
62,98,41.4441413,2.1803301,41.4394681,2.2171632,130,460
63,99,41.4446179,2.2398851,41.3182357,2.0824932,33,501
64,100,41.4503532,2.2250068,41.4623983,2.0504567,95,461
65,101,41.44524,2.2213186,41.3734167,2.0916796,42,495
66,102,41.3636997,2.095824,41.4504896,2.2198529,73,520
67,103,41.364272,2.0908178,41.4432,2.22515,49,523
68,104,41.4404673,2.2378337,41.4449382,2.2241955,0,411
69,105,41.3872974,2.1778131,41.3557355,2.105888,14,449
70,106,41.4381564,2.219303,41.4048157,2.139768,66,501
71,107,41.4096189,2.1393877,41.409968,2.2022377,15,444
72,108,41.3717312,2.0889754,41.3599849,2.0740359,115,475
73,109,41.4406203,2.2241249,41.4354096,2.171624,0,720
74,110,41.4493212,2.210935,41.389356,2.1592813,25,484
75,111,41.4250776,2.2272202,41.4251356,2.0984945,0,720
76,112,41.351608,2.0737941,41.3672918,2.1148142,37,454
77,113,41.3230732,2.0833273,41.4110871,2.1337089,0,720
78,114,41.3904608,2.1457467,41.4463448,2.1763859,51,480
79,115,41.3638313,2.0926901,41.4026572,2.1572714,23,464
80,116,41.3271083,2.0868381,41.4499142,2.2135352,81,504
edge
0,19,5,15,17,15,16,17,12,17,13,12,18,17,17,10,17,16,16,19,15,14,12,15,2,18,17,12,6,8,10,10,12,15,6,18,8,19,19,19,15,17,17,15,12,17,16,15,13,17,14,9,17,14,22,16,14,17,15,6,18,19,18,17,18,18,16,16,16,7,16,12,15,16,17,13,15,16,7,16,16,16,11,24,15,17,17,14,15,15,12,16,19,19,14,11,15,13,17,16,23,15,18,17,19,13,11,12,17,16,6,19,12,12,19,11,17
17,0,17,6,27,13,14,24,11,7,19,18,24,22,27,12,22,7,21,26,7,18,11,7,17,25,23,18,14,20,13,18,21,27,18,23,15,19,7,9,20,23,21,20,23,7,22,26,9,22,9,22,23,20,21,7,12,22,20,13,23,25,19,28,24,27,8,7,27,19,25,16,6,26,23,25,7,14,14,7,14,22,19,23,24,21,7,9,16,8,16,15,9,26,15,18,23,24,25,13,23,7,24,26,26,11,14,23,5,19,15,19,11,14,18,18,22
6,19,0,16,18,16,17,17,13,17,12,11,18,17,18,11,17,17,16,19,16,13,13,16,5,18,17,11,7,8,11,9,11,16,4,18,7,19,19,19,14,16,17,14,12,17,16,15,14,17,15,10,17,13,22,17,15,17,13,7,18,19,17,17,18,18,17,17,16,7,16,11,16,16,17,14,16,18,7,17,17,15,10,24,15,16,18,15,14,16,11,17,19,19,13,10,15,13,17,17,23,16,18,17,19,14,9,12,18,15,5,19,13,11,18,10,17
15,6,18,0,26,11,10,25,9,9,20,19,25,22,26,13,22,3,22,27,6,19,9,3,16,25,24,18,15,18,14,19,22,24,18,24,16,19,8,11,21,23,22,21,21,9,23,23,8,23,11,19,24,21,22,9,10,23,21,14,23,26,20,26,25,26,8,8,25,17,25,16,8,24,24,22,3,10,15,8,10,23,20,24,23,22,9,11,16,10,16,11,11,26,15,19,23,21,25,11,20,9,25,25,27,9,15,20,4,20,16,19,11,15,19,19,23
17,26,19,26,0,25,27,5,23,25,13,17,4,6,3,20,7,27,7,3,25,21,23,25,17,4,7,15,21,19,23,16,11,4,18,5,17,25,26,27,12,10,7,16,10,25,7,4,25,7,22,13,6,11,27,24,25,7,12,21,9,8,10,5,4,3,25,25,5,15,3,19,22,3,7,7,25,27,18,24,27,12,11,25,7,10,24,22,16,23,18,27,26,4,17,19,7,10,5,26,27,23,4,2,3,25,18,10,26,12,17,25,25,17,11,18,5
12,14,14,9,23,0,4,23,7,14,20,18,23,23,23,13,23,10,22,25,9,18,4,9,13,24,22,18,11,16,10,17,19,21,15,24,15,21,14,16,22,24,23,22,18,14,22,21,8,23,14,17,23,22,24,13,2,23,22,11,24,25,22,23,24,24,11,11,22,15,22,16,10,22,22,19,9,4,14,10,3,23,18,26,20,24,11,13,18,14,16,4,16,25,17,18,21,19,22,5,25,11,24,23,24,9,15,18,11,22,14,21,10,16,21,18,22
12,13,13,9,22,3,0,22,6,13,19,18,23,22,22,12,22,10,21,24,8,17,4,8,12,23,22,17,11,15,10,17,18,20,14,23,14,20,13,15,22,23,22,21,17,13,21,20,8,22,13,16,22,21,23,13,3,22,21,10,23,24,21,22,23,23,10,10,21,14,21,16,9,21,22,18,8,5,13,10,5,23,17,25,20,23,10,12,17,13,16,6,15,24,17,17,20,18,22,6,24,10,23,22,23,8,14,17,10,21,13,21,9,15,20,17,22
17,23,19,25,6,25,27,0,23,21,13,15,3,4,6,17,4,25,4,5,22,18,23,24,17,3,3,13,21,19,22,15,11,7,18,4,17,22,23,23,10,8,4,14,10,21,6,6,23,4,19,13,3,9,24,21,25,4,10,21,6,8,8,7,3,5,21,21,7,15,5,16,19,6,3,9,24,27,18,21,27,10,11,21,7,7,21,19,13,20,16,27,23,4,13,18,7,10,4,26,24,20,4,5,5,24,14,11,23,9,17,22,23,14,8,17,2
11,11,12,8,24,6,8,24,0,11,18,17,24,22,24,11,22,9,21,25,5,16,6,7,11,25,23,16,10,15,8,16,17,22,13,24,13,19,14,13,20,22,21,20,19,11,23,22,3,22,11,18,23,20,22,11,6,22,20,9,23,25,20,24,25,24,7,7,23,15,23,14,7,23,23,20,7,9,12,6,8,22,16,24,21,21,8,10,16,11,15,9,13,26,15,16,22,20,23,8,23,8,24,24,25,3,13,19,8,19,12,19,5,14,19,16,23
16,7,16,11,27,14,16,23,12,0,19,17,24,21,26,11,21,11,20,26,10,17,12,11,15,24,23,17,12,19,11,17,20,26,17,23,14,18,6,4,20,22,21,19,23,1,22,26,11,21,5,21,22,20,21,2,14,21,20,12,22,24,19,28,24,26,9,9,27,18,24,15,6,26,23,25,11,15,13,8,16,22,19,23,24,20,9,6,15,4,15,16,4,25,14,17,22,23,24,14,21,6,23,26,26,11,14,22,9,18,15,18,11,13,18,17,22
12,19,10,21,13,20,21,12,17,17,0,6,12,11,13,11,10,21,10,15,18,10,19,20,11,13,11,4,12,11,14,5,5,12,10,12,8,18,19,19,5,8,10,4,7,17,9,11,18,10,15,8,11,5,21,17,19,11,5,12,11,14,8,13,13,13,17,17,12,9,11,8,15,12,11,11,20,23,9,17,22,7,4,23,10,8,17,15,8,16,7,23,19,14,9,8,9,7,11,22,22,16,12,12,14,18,7,7,19,6,7,18,17,9,9,6,11
12,16,9,18,17,17,18,15,14,14,5,0,16,14,17,8,13,18,13,18,15,7,17,17,10,16,14,4,11,11,12,6,8,15,9,15,7,15,16,16,8,12,13,8,11,14,13,14,16,13,12,10,14,8,18,14,16,14,8,11,15,17,11,17,16,17,14,14,16,9,15,5,12,15,14,15,17,20,7,14,19,10,7,20,13,11,14,12,7,13,4,20,16,17,6,8,13,11,15,19,19,13,15,16,17,16,4,10,16,9,7,15,14,6,11,6,14
18,23,19,25,6,26,27,3,24,22,12,16,0,5,4,17,5,25,5,3,22,18,23,24,18,4,4,14,21,19,23,15,11,6,18,5,17,22,23,23,11,8,5,14,11,22,6,5,23,4,19,13,4,9,24,21,25,5,10,21,7,9,8,7,4,4,22,22,7,15,3,16,19,4,4,8,24,27,18,21,27,11,11,22,7,8,21,19,13,20,16,27,23,4,14,18,6,10,4,26,24,20,4,4,3,24,15,11,23,10,16,22,24,14,9,16,3
18,21,19,23,7,25,26,3,22,19,11,14,5,0,7,15,3,23,2,6,20,16,23,22,18,4,4,12,21,20,21,14,12,7,19,2,17,20,21,21,9,8,3,12,11,20,6,7,21,3,17,13,2,8,22,19,24,1,9,20,3,6,7,8,4,7,20,19,8,16,7,14,17,7,4,10,22,25,17,19,26,10,11,20,8,6,19,17,11,18,14,26,21,5,12,17,7,11,6,24,22,18,3,6,6,22,13,11,21,8,17,20,22,12,7,16,2
16,26,17,24,4,24,25,6,22,24,12,15,4,8,0,19,8,25,9,5,24,19,21,24,16,5,7,14,19,18,21,14,10,4,17,7,16,24,25,26,11,9,9,14,9,24,7,4,23,8,21,11,7,10,27,23,23,9,11,19,11,8,11,5,6,4,24,24,5,14,4,18,22,2,7,6,24,26,16,24,26,11,10,24,5,10,24,21,15,22,16,25,26,6,16,17,5,8,5,25,27,22,6,3,5,23,16,9,25,12,15,24,24,17,11,16,7
10,12,9,14,21,13,15,17,11,11,11,10,18,15,21,0,15,14,14,20,11,9,13,13,9,18,17,10,8,12,7,10,13,20,10,17,7,12,12,12,14,16,15,13,15,11,16,19,12,16,8,14,16,14,15,10,13,15,14,7,16,18,13,21,18,20,11,11,20,11,19,8,8,20,17,19,13,16,6,10,15,16,12,17,18,14,10,7,9,9,8,16,12,19,8,10,16,16,18,15,16,9,17,20,20,12,6,15,12,12,7,12,10,7,12,10,16
16,22,17,24,8,24,25,3,22,20,11,14,5,4,7,16,0,24,3,7,20,17,22,23,16,5,2,12,20,18,21,13,10,8,17,4,16,20,22,22,8,6,3,12,9,20,4,7,22,1,17,12,3,7,23,19,23,4,8,20,5,8,6,8,4,7,20,20,9,14,5,15,18,7,2,8,23,26,17,20,26,9,10,20,6,5,20,17,11,18,15,26,22,6,12,16,5,9,5,25,23,18,4,6,6,23,13,10,21,7,15,21,22,13,7,15,2
16,7,17,4,27,11,12,23,8,10,19,18,24,21,27,12,21,0,20,26,5,18,8,2,17,24,23,17,14,19,13,18,21,25,18,23,15,18,11,12,20,22,21,19,21,10,22,24,7,22,11,20,22,20,21,10,10,22,20,13,22,25,19,27,24,27,7,7,26,18,25,15,7,25,23,23,2,12,14,7,12,22,19,23,24,21,8,10,15,11,15,13,12,25,14,18,23,22,24,11,22,8,23,26,26,8,14,21,4,19,15,18,10,14,18,18,22
18,21,19,23,8,24,25,4,22,19,11,14,6,1,8,15,3,23,0,7,19,16,22,22,18,5,5,12,20,19,20,14,12,8,19,3,16,19,21,21,9,8,3,12,11,19,6,8,21,3,16,13,3,7,22,18,23,2,8,20,3,5,6,9,5,8,19,19,9,15,8,14,17,8,5,10,22,25,17,19,26,10,11,19,8,6,19,16,10,17,14,26,21,6,11,17,7,10,7,24,22,18,4,7,7,22,12,11,20,7,17,20,21,12,6,16,3
17,26,18,25,3,25,26,4,23,24,13,16,3,6,2,19,6,26,7,0,24,20,22,25,17,3,6,15,20,18,22,15,11,4,18,5,17,24,26,26,12,9,6,15,9,24,7,3,24,6,21,12,5,10,27,23,24,7,11,20,8,7,10,4,3,3,24,24,4,15,3,18,22,3,6,6,25,26,17,24,26,11,11,24,6,9,24,21,15,22,17,26,26,4,16,18,6,9,4,26,27,22,4,1,2,24,17,10,25,11,16,24,24,17,11,17,5
15,9,16,7,26,11,12,22,7,10,17,16,23,20,25,10,20,6,19,25,0,16,9,5,15,23,21,16,13,18,11,16,19,25,16,22,14,17,12,11,19,21,20,18,22,10,21,24,5,20,9,20,21,19,20,9,10,20,18,12,21,23,18,27,23,25,5,6,26,18,23,14,6,25,21,23,5,11,12,5,12,21,18,22,23,19,6,9,14,9,14,12,12,24,13,16,21,22,23,10,21,7,22,24,24,7,12,22,6,17,14,17,8,12,17,16,21
10,16,7,19,18,17,18,17,14,15,7,6,18,15,18,8,15,18,14,19,15,0,16,17,8,18,16,6,9,9,11,5,9,16,7,17,5,14,16,17,10,14,15,10,12,15,15,15,15,15,12,10,16,10,17,14,16,15,10,9,16,18,13,18,18,18,15,15,17,7,16,4,13,16,16,16,17,19,5,15,19,12,8,19,14,13,15,11,8,13,4,20,17,19,7,6,14,12,16,18,18,13,17,17,19,15,3,12,16,11,5,14,13,5,12,5,16
11,14,12,11,25,8,9,25,5,14,18,16,25,24,25,11,24,12,23,26,8,16,0,10,11,25,24,16,9,15,9,15,17,23,13,25,13,20,16,16,20,22,24,20,19,14,23,22,6,24,14,18,24,20,23,14,7,24,20,9,25,26,22,24,25,25,10,10,23,15,24,14,11,23,24,21,10,10,12,10,10,22,16,25,22,23,11,14,18,14,14,11,16,26,17,16,22,20,24,9,24,11,25,24,26,6,13,19,12,21,12,21,8,14,21,16,24
15,7,17,3,26,10,11,23,8,11,19,17,24,21,26,11,21,3,20,26,4,17,7,0,16,24,23,17,14,18,12,17,20,24,17,23,15,18,11,13,20,22,21,19,20,11,22,23,7,21,11,19,22,20,21,10,9,21,20,13,22,24,19,26,24,26,7,7,25,17,24,15,7,24,23,22,1,11,14,6,11,22,19,23,23,20,8,10,15,10,15,12,13,25,14,17,22,21,24,10,21,8,23,25,26,8,14,20,5,18,15,18,9,13,18,18,22
2,18,6,16,18,15,16,18,12,17,13,13,18,17,18,10,17,17,17,19,15,14,12,15,0,18,17,12,6,9,10,10,12,16,7,19,8,19,18,19,15,17,17,15,13,17,16,15,13,17,14,10,18,15,22,16,14,18,15,6,18,19,18,18,18,18,16,16,17,8,17,12,15,16,17,14,15,17,7,16,17,16,11,24,15,18,17,14,15,15,12,17,19,19,14,11,15,13,17,16,23,15,19,17,19,13,11,12,17,16,7,19,12,12,19,11,17
18,24,20,26,5,26,28,4,24,22,13,16,4,4,5,18,4,26,5,4,23,19,24,25,18,0,5,14,22,20,24,16,13,5,19,3,18,23,24,24,10,9,5,14,11,22,7,5,24,5,20,14,3,9,25,22,26,5,10,22,7,7,8,6,2,5,22,22,6,16,5,17,20,5,5,8,25,28,19,22,28,11,12,22,8,7,22,20,14,21,17,28,24,4,14,19,8,11,7,27,25,21,2,4,4,25,15,11,24,10,17,23,24,15,9,17,3
17,21,18,23,7,24,26,3,22,19,10,13,4,3,6,15,1,23,2,6,20,16,22,22,17,4,0,11,20,19,21,13,11,7,18,3,16,20,21,21,7,6,2,11,10,19,5,7,21,2,17,12,2,6,22,19,24,3,7,20,4,7,5,8,4,6,19,19,8,15,6,14,17,7,3,9,22,25,17,19,26,8,10,20,7,4,19,17,11,18,14,26,21,5,12,16,6,10,6,24,22,18,3,6,5,22,12,10,21,7,15,20,21,12,6,14,2
12,17,10,19,16,18,20,14,16,16,4,3,15,12,15,10,12,19,11,16,16,8,18,18,11,14,13,0,12,12,13,5,7,14,10,13,8,16,17,18,7,10,12,6,9,16,12,13,17,11,13,9,13,7,19,15,18,12,6,12,13,15,10,16,14,16,16,16,15,10,13,6,13,14,13,14,18,21,8,15,20,9,6,21,12,10,15,13,8,14,5,21,17,15,7,8,11,10,13,20,20,14,14,15,16,17,5,9,17,7,8,16,15,7,11,7,12
5,15,5,14,19,10,12,19,8,12,11,11,19,19,19,7,18,14,18,21,10,12,10,13,4,20,19,11,0,8,5,9,11,17,6,20,6,17,15,14,14,16,19,14,13,12,16,17,9,18,11,11,19,13,19,12,10,19,13,2,20,21,17,19,20,20,12,12,18,8,17,10,11,18,19,17,13,13,5,11,12,15,9,21,16,16,13,10,14,11,10,13,15,21,12,9,15,14,17,12,20,10,20,19,20,9,9,13,14,15,5,17,8,10,17,10,19
9,20,6,19,17,17,18,17,14,18,10,10,18,17,17,12,17,20,16,18,17,12,16,18,7,18,17,9,9,0,12,7,9,15,6,18,7,20,20,20,12,14,17,12,11,18,15,14,16,17,16,8,17,12,23,18,16,17,12,9,18,18,15,17,18,17,18,18,16,5,16,10,16,16,16,14,18,20,8,18,19,14,8,25,15,15,19,16,13,17,10,20,20,18,11,8,14,12,16,19,24,17,18,17,18,16,9,11,20,13,5,20,15,11,17,9,17
9,14,9,13,23,10,11,22,7,12,14,13,23,20,23,7,20,12,19,24,8,12,10,11,8,23,22,12,6,12,0,12,14,21,10,22,9,17,15,14,17,19,20,16,17,12,20,20,8,21,10,15,21,16,19,12,9,20,16,5,21,24,18,23,23,23,10,10,22,12,21,10,10,21,22,19,11,13,7,9,12,18,13,21,19,19,11,10,14,11,11,13,14,24,13,12,19,17,21,12,21,10,22,22,24,8,9,17,12,18,8,17,6,10,17,12,21
9,17,7,19,16,17,18,16,14,15,6,5,16,14,16,9,14,19,13,18,16,9,17,18,8,17,15,5,9,8,11,0,7,14,7,16,5,17,17,17,9,11,14,9,10,16,13,14,16,13,13,9,15,9,20,15,16,14,8,9,15,18,12,16,16,16,16,16,15,6,14,7,14,15,15,14,18,20,6,15,19,10,6,22,13,11,16,13,9,14,7,20,17,18,8,5,12,10,14,19,21,14,16,15,17,16,6,10,17,10,5,17,14,7,13,4,14
12,21,10,21,10,20,21,10,18,20,5,8,10,10,10,13,10,22,9,12,20,12,17,20,11,11,9,7,12,12,14,7,0,8,10,11,9,20,21,22,6,7,9,8,4,20,7,8,19,9,17,6,10,5,23,19,19,10,6,12,11,12,9,10,11,10,20,20,9,9,8,11,18,8,9,8,20,22,9,20,22,7,3,24,6,8,20,17,11,18,9,22,22,12,11,10,6,4,8,21,24,18,11,9,11,19,9,4,21,7,8,21,17,11,10,9,9
16,26,18,25,5,24,26,7,22,24,13,16,6,8,6,20,9,26,9,7,24,20,22,24,16,6,9,14,20,18,22,15,11,0,17,8,16,24,26,26,13,11,9,15,8,24,9,3,24,9,21,12,8,12,27,23,24,9,13,20,11,9,11,4,6,6,24,24,3,14,6,18,22,4,9,4,24,26,17,24,26,13,11,24,6,11,24,21,15,22,17,26,26,7,16,17,7,9,7,25,27,22,7,5,6,24,17,9,25,12,15,25,24,17,11,17,8
5,17,3,17,17,14,15,17,11,15,9,9,17,16,17,9,16,17,16,18,14,10,14,16,4,17,16,8,6,5,9,6,8,15,0,18,4,17,17,17,11,13,16,11,11,15,14,14,12,15,13,8,17,10,20,15,13,17,11,6,17,18,14,16,17,17,15,15,15,5,15,8,13,15,16,13,16,16,5,15,16,12,7,22,13,13,16,13,11,14,8,17,17,18,10,7,13,11,15,15,21,14,18,16,18,12,7,11,17,12,2,17,11,9,15,7,16
18,22,19,24,7,26,27,3,24,21,12,15,4,2,6,16,3,24,3,6,21,18,23,23,18,4,4,13,21,20,22,14,12,7,19,0,18,21,22,23,9,8,3,13,11,21,6,7,22,3,18,13,2,8,24,20,25,3,9,21,5,7,7,8,4,6,21,21,8,16,6,15,19,7,3,10,23,27,18,20,27,10,12,21,8,6,21,18,12,19,15,27,23,5,13,17,7,11,6,25,23,19,3,6,5,23,14,11,22,8,17,21,23,14,8,16,2
7,14,5,17,17,15,16,17,12,13,8,7,16,16,17,6,15,17,15,18,13,8,14,15,5,17,16,6,7,7,9,5,8,15,5,17,0,14,14,15,10,13,15,10,10,13,14,14,13,15,10,9,16,10,17,12,14,16,10,6,17,18,13,17,17,17,13,13,16,6,15,6,11,15,16,15,16,17,2,13,17,12,7,19,13,13,13,10,9,11,6,18,14,18,8,6,13,11,15,16,18,11,17,16,18,13,5,10,14,11,2,14,11,6,13,5,16
19,18,17,20,26,21,23,23,19,16,18,17,23,20,26,12,20,20,20,25,17,16,19,19,18,23,22,16,18,20,17,17,21,25,18,22,15,0,18,18,19,21,20,19,23,16,21,25,18,21,14,22,22,19,7,16,21,21,19,17,21,24,18,27,23,26,16,16,26,19,24,14,14,25,22,25,19,22,14,16,23,21,19,9,23,20,16,14,14,15,14,23,18,24,13,18,22,24,23,21,9,15,23,25,25,19,13,23,17,18,15,11,18,12,17,17,21
18,7,18,10,28,17,16,24,15,5,20,18,25,22,27,12,22,11,21,27,12,18,14,11,18,25,23,18,15,20,14,18,21,27,18,24,15,19,0,6,21,23,22,20,23,5,23,26,13,22,8,22,23,21,22,6,16,22,20,14,23,25,20,29,25,27,11,11,28,19,25,16,8,27,24,26,10,17,14,11,16,23,20,24,25,21,11,9,16,8,16,17,6,26,15,18,23,24,25,16,20,8,24,27,26,13,15,23,10,19,16,19,13,14,19,18,23
18,9,18,12,28,16,18,25,14,3,20,19,25,23,28,13,23,13,22,27,12,19,14,13,17,26,24,19,14,21,13,19,22,28,19,24,16,20,6,0,21,24,22,21,24,4,23,27,13,23,7,23,24,22,22,4,16,23,21,14,24,26,20,29,25,28,11,11,28,20,26,17,8,27,24,27,12,17,15,10,18,24,20,24,25,22,11,8,17,5,17,18,3,27,16,19,24,25,26,16,23,8,25,27,27,13,15,24,10,20,16,20,13,15,19,19,23
15,21,13,23,12,23,24,9,20,19,5,8,10,8,11,14,7,23,7,12,20,13,21,22,14,10,8,6,15,14,17,8,6,11,13,9,11,20,21,21,0,5,8,7,7,20,7,11,21,7,17,9,8,2,23,19,22,8,3,15,9,11,6,13,10,12,20,19,12,12,9,11,17,11,9,10,22,25,12,19,25,4,5,22,9,5,19,17,9,18,10,25,21,11,10,11,7,8,9,24,24,18,9,11,12,21,10,7,21,4,10,20,20,12,8,9,8
16,21,15,23,10,25,26,8,22,19,8,11,8,6,9,15,6,23,5,10,20,15,22,22,16,8,7,9,17,16,19,10,8,9,15,8,13,20,21,21,5,0,6,9,9,20,5,9,21,5,17,11,7,4,23,19,24,6,5,17,7,9,5,11,8,9,20,20,10,14,7,13,17,9,7,8,22,25,14,19,26,5,7,20,7,3,19,17,11,18,12,26,21,10,12,13,5,9,7,24,23,18,8,9,10,22,12,9,21,6,13,20,22,12,6,12,6
17,20,18,22,7,24,25,4,22,19,11,13,5,2,7,14,2,22,1,7,19,16,22,21,17,5,3,11,20,19,20,13,11,8,18,4,16,19,20,21,8,6,0,12,10,19,6,7,20,2,16,13,3,7,22,18,23,2,8,19,3,6,6,8,4,7,19,19,9,15,7,13,17,7,3,9,21,25,16,18,26,8,10,19,8,5,19,16,10,17,13,26,21,6,11,16,6,10,6,23,21,17,4,6,6,21,12,11,20,7,16,19,21,12,6,15,3
15,18,13,20,15,22,23,12,19,17,5,7,13,11,15,12,10,20,10,15,17,11,20,19,14,13,11,6,15,15,16,8,8,14,13,12,11,17,18,18,5,8,10,0,10,17,10,14,18,10,14,11,11,5,20,16,21,11,5,15,11,14,8,16,13,15,17,17,15,13,12,9,14,14,11,13,19,22,12,16,23,7,8,22,12,8,16,14,6,15,8,23,18,14,6,11,10,11,12,21,21,15,12,14,14,19,8,10,18,6,11,17,18,8,9,10,11
10,23,11,19,10,18,19,10,16,23,9,12,11,10,10,17,10,20,9,12,18,16,16,18,10,11,10,11,14,12,16,11,7,8,11,11,12,24,24,25,10,9,10,11,0,23,8,8,17,10,21,6,10,8,27,23,17,10,9,14,11,12,11,10,11,11,20,20,9,8,9,15,19,9,9,6,18,20,13,20,20,10,7,24,7,10,20,21,15,22,13,20,25,12,15,14,7,4,9,19,27,20,11,10,11,18,13,4,20,11,11,24,18,15,11,13,10
15,7,16,11,27,14,16,23,12,2,19,17,24,21,26,11,21,11,20,26,10,17,12,11,15,24,22,17,12,19,11,17,20,26,17,23,14,18,6,4,20,22,21,19,22,0,22,25,11,21,5,21,22,20,21,2,14,21,19,12,22,24,19,28,24,26,9,9,27,18,24,15,6,26,23,25,11,15,13,8,16,22,19,23,24,20,9,6,15,4,15,16,4,25,14,17,22,23,24,14,21,6,23,26,25,11,14,22,9,18,15,18,11,13,18,17,22
15,23,16,24,9,23,25,7,21,21,10,13,7,7,8,17,5,25,6,9,21,17,21,23,15,8,6,11,18,17,21,12,9,8,16,7,15,21,23,23,7,5,6,11,8,21,0,8,23,5,18,11,6,6,24,20,23,7,7,18,8,10,7,10,8,8,21,21,9,13,6,15,19,8,6,7,23,25,16,21,25,7,9,21,5,6,21,18,12,19,14,25,23,9,13,15,3,8,6,24,24,19,7,8,9,23,14,9,22,8,14,21,23,14,8,14,6
16,25,17,24,4,24,25,6,22,24,12,16,5,8,4,19,8,25,8,6,24,20,21,24,16,5,8,14,20,18,22,15,10,3,17,7,16,24,25,26,12,9,8,15,9,24,8,0,23,8,21,11,7,11,27,23,23,8,12,19,10,8,11,4,5,4,24,24,4,14,4,18,22,3,8,6,24,26,17,24,26,11,10,24,6,10,24,21,15,22,17,25,26,6,16,17,6,8,6,25,27,22,6,4,5,23,17,9,25,12,15,24,24,17,11,17,7
13,9,13,7,26,8,10,22,4,10,18,17,23,20,26,11,20,7,19,25,3,17,7,6,13,23,22,16,10,17,9,17,19,24,14,22,14,17,12,12,19,21,20,18,21,10,21,23,0,21,10,19,21,19,20,10,8,20,19,10,21,24,18,26,23,25,5,5,25,16,24,14,6,24,22,22,6,10,13,5,11,21,18,22,23,20,6,9,14,10,14,11,12,24,13,17,21,21,23,9,21,7,22,25,25,4,13,20,7,18,13,17,6,13,17,17,21
16,21,17,23,7,24,25,3,22,20,11,14,4,3,7,15,3,23,3,6,20,16,21,22,16,5,2,12,19,17,21,14,10,8,17,4,16,20,21,22,9,6,3,12,9,20,4,7,21,0,17,11,3,7,22,19,23,4,8,19,5,8,7,8,4,7,20,20,8,13,5,14,17,7,2,8,22,25,16,19,25,9,10,20,6,6,19,17,11,18,14,25,21,6,12,17,5,8,5,24,22,18,4,6,6,22,13,9,21,8,15,20,22,12,7,16,2
14,8,14,11,24,14,15,20,11,5,16,15,21,18,24,9,18,12,17,23,10,14,12,12,14,21,20,14,11,16,10,14,17,23,14,20,11,15,8,7,17,19,18,16,20,5,19,23,10,19,0,18,19,17,18,3,13,18,17,10,19,21,16,25,21,23,9,9,24,16,22,12,6,23,20,22,12,15,10,8,16,19,16,20,21,17,9,3,12,3,12,16,7,22,11,14,19,20,21,14,19,6,20,23,23,10,11,20,9,15,12,15,9,10,15,14,19
10,22,9,19,12,19,20,12,17,21,7,9,13,12,12,14,12,20,11,14,19,14,16,19,10,13,12,8,11,10,15,8,4,10,8,13,9,22,22,22,9,10,12,10,5,21,11,10,18,12,18,0,12,8,24,20,18,12,9,12,13,14,12,12,13,12,20,21,11,7,11,12,19,11,12,9,19,20,10,20,20,10,4,26,10,11,21,18,12,19,10,20,22,14,12,11,10,6,12,20,26,19,13,12,13,18,11,5,21,10,8,22,17,12,14,10,12
17,22,19,24,6,25,27,2,23,21,11,14,4,2,5,16,3,24,3,5,21,17,23,23,17,3,3,12,21,19,22,14,11,6,18,2,17,21,22,22,9,7,3,12,10,21,6,6,22,3,18,13,0,7,23,20,25,3,8,21,5,7,6,7,3,6,21,21,7,15,6,15,18,6,3,9,23,26,18,20,27,9,11,21,7,6,20,18,12,19,15,27,22,4,13,17,6,10,5,25,23,19,2,5,5,23,14,11,22,8,17,21,23,13,7,16,1
15,20,13,22,13,22,23,9,19,18,5,7,10,8,12,13,7,22,7,12,19,12,22,21,14,10,8,5,15,14,17,8,6,12,13,9,11,19,20,20,2,6,7,6,8,19,7,11,20,7,16,10,8,0,22,18,21,8,2,15,9,11,5,14,10,12,19,18,13,12,10,10,16,11,8,11,21,24,12,18,24,4,5,21,9,5,18,16,8,17,9,25,20,11,9,11,7,8,9,23,23,17,9,11,11,21,9,8,20,3,11,19,19,10,6,10,8
22,21,20,23,26,24,25,22,22,19,21,19,23,20,26,14,20,23,20,25,19,19,22,21,21,23,22,19,20,23,20,19,23,25,20,22,18,6,21,21,22,22,20,21,25,19,21,24,20,21,16,24,21,21,0,18,23,21,22,20,21,24,20,27,23,25,19,19,26,22,23,17,17,25,22,24,22,25,17,19,26,24,22,4,23,21,19,16,17,17,17,26,21,24,16,20,21,25,23,23,6,17,22,25,25,21,16,26,20,20,18,13,21,15,20,20,21
15,8,16,11,26,14,16,23,12,3,18,17,23,21,26,11,21,12,20,26,10,17,12,12,15,24,22,17,12,19,11,17,20,26,17,23,14,18,6,4,20,22,20,19,22,3,21,25,11,21,4,21,22,20,20,0,14,21,19,12,22,24,19,27,23,26,9,9,27,18,24,15,6,26,22,25,11,15,13,8,16,22,18,22,23,20,9,6,15,4,15,16,5,25,14,17,22,23,24,14,22,6,23,25,25,11,13,22,9,18,14,18,11,13,18,17,22
12,14,13,9,23,1,4,23,7,14,19,18,23,23,23,13,23,10,22,24,9,18,4,8,13,23,22,18,11,15,10,17,19,21,14,24,15,21,14,16,22,24,22,22,18,14,22,20,8,22,14,16,23,21,24,13,0,23,22,11,24,24,22,23,24,23,10,11,22,15,22,16,10,22,22,19,9,4,14,10,4,23,18,26,20,23,11,13,18,13,16,5,16,24,17,18,21,18,22,5,25,11,24,22,24,8,15,18,11,21,13,21,10,16,21,18,22
19,23,20,25,8,26,27,4,24,21,12,15,6,2,8,16,4,24,3,7,21,18,24,23,19,5,5,13,22,21,22,15,13,8,20,3,18,21,22,23,10,8,4,13,12,21,7,8,22,4,18,14,3,8,24,20,25,0,9,22,5,7,7,9,5,8,21,21,9,17,8,15,19,8,5,11,23,27,19,21,28,10,12,21,9,7,21,18,12,19,15,28,23,6,13,18,8,12,7,25,24,19,4,7,7,23,14,12,22,9,18,21,23,14,8,17,3
15,20,13,22,13,22,23,9,19,18,5,7,10,8,12,13,7,22,7,12,19,12,22,21,14,10,8,5,15,14,17,8,6,12,13,9,11,19,20,20,2,6,7,6,8,19,8,12,20,7,16,10,8,2,22,18,21,8,0,15,9,11,5,14,10,12,19,19,13,12,10,10,16,12,8,11,21,24,12,18,24,4,6,21,10,5,18,16,8,17,9,25,20,11,9,11,8,9,10,23,23,17,9,12,11,21,9,8,20,3,11,19,19,11,7,10,8
6,15,6,14,21,11,12,21,8,12,13,12,20,20,21,7,19,14,19,22,11,12,10,13,6,21,20,12,2,10,5,10,12,19,7,21,8,16,15,14,15,17,20,15,14,12,18,18,9,19,10,12,21,14,19,12,10,20,14,0,21,22,18,21,21,21,12,12,19,9,19,10,11,19,20,18,13,13,6,12,13,16,11,21,17,17,13,10,14,11,10,14,14,22,13,10,17,15,19,12,20,10,21,20,22,9,9,14,14,16,6,16,8,10,17,11,20
17,20,19,23,8,24,25,5,22,19,11,13,6,3,8,14,3,22,2,8,19,16,22,21,17,6,4,11,20,19,20,14,11,9,18,5,16,19,20,21,8,7,2,12,10,19,6,8,20,3,16,13,4,7,22,18,23,3,8,19,0,7,6,9,5,8,19,19,10,15,8,13,17,8,4,10,21,25,16,19,26,9,11,19,8,6,19,16,10,17,13,26,21,7,11,17,6,10,7,23,22,17,5,7,7,21,12,11,20,7,16,19,21,12,6,15,4
21,24,22,26,10,27,29,8,25,22,14,17,10,6,10,18,7,26,6,9,23,19,25,25,21,7,8,15,24,23,23,17,15,10,22,7,20,23,24,24,12,11,7,15,14,22,9,10,24,7,20,16,7,11,25,22,27,6,12,23,7,0,9,8,7,10,22,22,11,19,10,17,20,9,9,12,25,28,20,22,29,13,14,22,11,9,22,20,14,21,17,29,24,9,14,20,10,14,11,27,25,21,7,9,9,25,15,14,23,10,20,23,24,15,9,19,7
18,18,16,20,11,21,23,8,19,16,8,10,8,6,11,12,6,20,5,10,17,13,19,19,17,9,7,8,18,17,17,11,10,11,16,7,14,17,18,18,7,6,5,9,11,16,6,10,18,6,14,13,7,5,20,16,21,6,5,17,7,9,0,12,8,11,16,16,11,15,9,11,14,10,7,10,19,22,14,16,23,9,9,20,8,5,16,14,8,15,11,23,18,10,8,14,7,10,8,21,21,15,8,10,10,19,9,11,18,4,14,17,18,9,3,13,6
17,26,18,25,5,25,26,7,23,24,13,16,6,8,5,20,8,26,9,6,25,20,22,24,17,5,8,15,20,18,22,15,11,4,18,7,17,25,26,26,13,11,8,15,9,25,9,4,24,8,22,12,7,12,27,24,24,9,13,20,10,6,12,0,5,6,25,25,5,14,6,19,22,4,8,7,25,26,17,24,26,13,11,25,7,11,24,22,16,23,17,26,26,6,17,18,7,9,7,26,27,23,6,4,6,24,17,10,26,13,16,25,24,17,12,17,7
17,24,19,26,4,26,27,3,23,23,13,16,4,4,4,18,5,26,5,3,23,20,23,25,17,1,5,14,21,19,23,16,12,4,19,3,17,23,24,25,11,9,5,14,10,23,8,4,24,5,20,13,4,9,25,22,25,5,10,21,7,7,9,5,0,4,23,23,5,15,4,17,20,4,5,7,25,27,18,22,27,11,12,23,7,8,23,20,14,21,17,27,25,3,15,19,7,10,6,27,25,21,2,3,3,25,16,11,24,10,17,23,25,15,9,18,3
18,24,19,26,6,26,28,3,24,23,13,16,2,6,4,18,6,26,6,3,23,19,24,25,18,4,5,15,21,20,23,16,12,6,19,5,18,23,24,24,12,9,6,15,11,23,7,6,24,5,20,14,5,10,25,22,26,6,11,21,8,9,9,7,4,0,23,23,7,16,4,17,20,4,5,8,25,28,18,22,28,12,12,23,7,9,22,20,14,21,17,28,24,4,15,19,7,11,4,27,25,21,4,4,3,25,16,12,24,11,17,23,25,15,10,17,4
15,8,15,9,26,11,12,22,7,8,17,16,22,20,25,10,20,8,19,25,4,16,10,6,14,23,21,16,12,18,10,16,19,25,16,22,13,17,11,10,19,21,19,18,22,8,21,24,6,20,9,20,21,19,20,8,10,20,18,11,21,23,18,26,23,25,0,2,26,18,23,14,4,25,21,24,7,12,12,2,13,21,18,22,23,19,5,8,14,8,14,13,11,24,13,16,21,22,23,11,21,6,22,24,24,6,12,22,7,17,14,17,6,12,17,16,21
15,8,15,9,25,11,12,22,7,8,17,16,22,20,25,10,20,8,19,24,4,16,9,6,14,23,21,16,12,18,10,16,19,25,16,21,13,17,11,10,19,21,19,18,22,8,20,24,6,20,8,20,21,19,19,8,10,20,18,11,21,23,18,26,22,25,2,0,25,17,23,14,3,25,21,23,7,12,12,2,13,21,18,21,22,19,5,8,14,8,14,13,10,24,13,16,21,22,23,10,21,5,22,24,24,6,12,21,6,17,14,17,6,12,16,16,21
17,27,18,26,5,25,26,7,23,25,14,17,6,8,5,20,8,27,9,6,25,21,22,25,17,5,9,15,21,19,23,16,12,4,18,7,17,25,27,27,13,11,8,16,10,25,9,3,24,8,22,13,7,12,28,24,24,9,13,21,10,8,12,2,5,6,25,25,0,15,6,19,23,4,8,6,25,27,18,25,27,13,11,25,7,11,25,22,16,23,18,27,27,6,17,18,7,9,7,26,28,23,6,5,6,24,18,10,26,13,16,25,25,18,12,18,7
7,19,6,16,15,16,17,15,14,17,8,8,15,15,15,10,15,17,14,16,16,11,13,16,7,16,14,8,8,7,11,6,7,13,5,16,6,19,19,19,11,13,14,11,10,17,14,12,15,14,14,6,15,10,21,16,15,15,10,8,16,16,14,15,16,15,17,17,14,0,14,9,15,14,14,11,16,17,7,17,17,12,7,23,12,13,17,14,12,15,9,17,19,16,10,7,13,10,14,17,23,16,16,15,16,15,7,10,18,12,5,19,14,9,15,8,14
16,24,17,24,6,24,25,6,22,22,10,14,4,6,4,17,6,25,6,6,22,18,21,23,16,6,5,12,18,17,21,13,9,6,16,7,15,22,24,24,9,7,6,13,9,22,4,5,23,5,19,11,6,8,25,21,23,7,9,18,8,10,9,7,6,4,22,22,7,13,0,16,20,4,5,5,24,25,16,22,25,9,9,22,4,8,22,19,13,20,15,25,24,7,14,16,4,8,2,25,25,20,7,4,6,23,15,9,23,10,14,22,23,15,9,15,5
12,14,10,16,18,17,18,14,14,12,7,6,15,12,18,7,12,16,11,17,13,6,16,15,11,15,14,6,11,11,11,8,10,17,9,14,7,13,14,14,10,13,12,9,13,13,13,17,14,13,10,12,13,10,16,12,16,12,9,11,13,15,10,19,15,17,13,12,18,10,16,0,10,17,14,17,15,18,7,12,19,12,9,18,15,12,12,10,5,11,4,19,14,16,3,8,13,13,15,17,17,11,14,17,17,15,3,13,14,9,7,13,13,3,9,6,13
13,7,13,9,23,10,11,19,8,7,15,14,20,17,23,8,17,8,16,22,5,14,8,7,13,20,19,13,10,16,9,13,17,22,14,19,11,14,10,9,16,18,17,15,19,7,18,22,6,18,7,18,18,16,17,6,9,17,16,9,18,20,15,24,20,22,5,5,23,15,21,11,0,22,19,22,7,11,10,4,12,18,15,19,20,16,5,6,11,7,11,12,9,21,10,13,18,20,20,9,18,3,19,22,22,7,10,19,6,14,11,14,8,10,14,14,18
17,25,18,25,4,25,26,4,23,24,12,16,3,6,2,19,7,26,7,4,24,20,22,25,17,4,6,14,20,18,22,15,10,4,18,6,16,24,25,26,11,9,7,15,9,24,6,4,24,6,21,12,6,10,26,23,24,7,11,20,9,8,11,5,4,2,24,24,5,14,2,18,21,0,6,6,25,26,17,23,26,11,10,24,6,10,23,21,15,22,17,26,25,5,16,18,6,9,4,26,26,22,5,1,3,24,17,10,25,12,16,24,24,16,11,17,5
17,23,19,25,7,25,27,3,23,21,12,15,4,3,7,17,4,25,4,6,22,18,23,24,17,4,3,13,21,19,22,15,12,8,18,4,17,22,23,23,10,8,4,13,10,21,6,7,23,4,19,13,3,8,24,21,25,4,9,21,6,9,7,8,4,7,21,21,8,15,6,16,19,7,0,9,24,27,18,21,27,10,11,21,8,7,21,19,13,20,16,27,23,5,13,18,7,10,6,26,24,20,4,6,6,24,14,11,23,9,17,22,23,14,8,17,2
14,24,16,23,7,22,24,8,20,23,11,14,7,8,7,18,8,24,7,9,23,18,20,22,14,8,7,13,18,16,21,13,9,5,15,9,15,23,24,25,11,8,8,13,6,23,7,5,22,8,20,10,8,10,25,22,22,8,11,18,9,10,10,7,8,7,23,23,5,12,5,17,20,5,7,0,22,24,16,22,24,10,9,23,4,9,22,20,14,21,15,24,24,9,15,16,5,7,5,23,25,21,8,6,8,22,15,7,24,11,14,23,22,15,10,15,7
16,7,17,3,26,11,12,23,8,11,19,18,24,21,26,12,21,3,20,26,4,17,8,2,16,24,23,17,14,19,13,17,20,24,17,23,15,18,11,13,20,22,21,19,21,11,22,24,7,21,11,20,22,20,21,10,10,21,20,13,22,24,19,26,24,26,7,7,25,18,25,15,7,25,23,22,0,12,14,7,12,22,19,23,24,20,8,10,15,10,15,13,13,25,14,17,22,22,24,10,22,8,23,26,26,8,14,21,5,18,15,18,9,13,18,18,22
13,14,14,10,24,4,4,24,8,15,20,19,24,24,24,14,24,11,23,25,10,19,5,9,14,24,23,19,12,16,11,18,20,22,15,25,16,22,15,16,23,25,23,23,19,15,23,21,9,23,14,17,24,22,25,14,5,24,23,12,25,25,23,24,25,24,11,11,23,16,23,17,11,23,23,20,9,0,15,11,2,24,19,27,21,24,11,14,19,14,17,3,17,25,18,19,22,19,23,2,26,12,25,23,25,9,16,19,12,22,14,22,11,17,22,19,23
7,13,5,16,18,14,15,18,11,12,8,8,18,16,18,5,16,16,16,19,12,8,13,14,6,18,17,7,6,8,7,6,9,16,6,18,3,13,13,14,11,14,16,11,12,12,15,15,12,16,9,10,17,11,16,11,13,17,11,5,17,19,14,18,19,18,12,12,17,7,16,7,10,16,17,16,15,16,0,12,16,13,8,18,14,14,12,9,10,10,7,17,13,19,8,6,14,12,16,15,17,10,18,17,19,12,5,12,13,12,4,14,10,6,13,6,17
15,8,15,9,26,11,13,22,7,8,18,16,23,20,25,11,20,8,19,25,4,16,9,7,15,23,22,16,12,19,11,16,19,25,16,22,14,17,11,10,19,21,20,18,22,8,21,25,6,20,9,21,21,19,20,8,11,20,19,12,21,23,18,27,23,25,2,1,26,18,23,14,4,25,22,24,7,12,13,0,13,21,18,22,23,19,5,9,14,8,14,13,11,24,13,16,21,23,23,11,21,6,22,25,25,6,13,22,7,17,14,17,7,12,17,17,21
12,13,13,9,23,4,3,23,7,13,19,18,23,22,23,13,22,10,22,24,9,17,4,8,12,23,22,18,11,15,10,17,18,21,14,24,15,21,14,15,22,24,22,22,18,14,21,20,8,22,13,16,23,21,24,13,4,23,21,10,23,24,22,23,23,23,10,10,22,14,22,16,10,21,22,19,8,2,14,10,0,23,18,26,20,23,10,13,18,13,16,3,16,24,17,17,20,18,22,4,24,11,24,22,24,8,15,17,11,21,13,21,10,16,21,18,22
16,22,14,24,12,24,25,9,21,20,6,9,10,8,11,15,7,24,7,12,20,13,22,23,15,10,8,7,16,15,18,9,7,11,14,9,12,20,22,22,3,4,8,7,9,20,6,10,22,7,17,11,8,2,23,19,23,8,3,16,9,11,6,13,10,11,20,20,12,13,8,12,18,10,8,10,23,26,13,20,26,0,6,22,8,5,20,17,10,18,10,26,22,11,11,12,6,9,8,25,24,19,9,10,12,22,10,8,21,5,12,21,20,12,7,11,8
12,21,10,21,11,20,21,11,17,19,4,7,11,10,11,12,9,22,9,13,19,11,18,21,10,12,10,6,12,11,14,6,3,9,9,11,8,19,21,21,5,7,10,6,5,19,8,9,18,9,16,7,11,4,22,18,19,10,5,11,11,13,8,11,12,11,19,19,10,9,9,10,17,10,10,9,21,22,9,19,22,6,0,24,7,7,19,16,10,17,8,22,21,13,10,9,7,5,9,21,23,17,12,10,12,18,8,5,20,6,7,20,16,10,10,8,10
25,23,23,25,24,27,28,20,24,21,23,22,21,18,23,17,18,25,17,23,22,21,25,24,24,21,19,22,23,25,23,22,24,23,23,20,20,10,23,23,20,19,18,24,23,22,19,22,23,18,19,25,19,19,5,21,26,18,20,22,19,21,18,25,21,23,22,21,24,24,21,19,19,23,19,22,24,27,19,21,28,22,23,0,21,19,21,19,20,20,20,28,23,22,19,23,19,23,21,26,9,20,20,23,23,24,18,23,23,19,20,14,23,18,18,22,19
14,24,15,23,6,22,23,7,20,22,10,14,6,8,6,18,7,24,7,8,22,18,20,22,14,7,6,12,18,16,20,13,8,4,15,8,14,23,24,24,10,7,7,13,6,22,6,4,21,7,20,10,7,9,25,22,22,8,10,18,9,9,9,6,7,6,22,22,5,12,4,16,20,4,6,2,22,24,15,22,24,9,8,22,0,8,22,20,14,21,15,24,24,8,14,16,4,7,4,23,25,21,7,5,7,22,15,7,24,10,14,23,22,15,9,15,6
17,20,15,22,10,24,25,7,22,19,8,11,7,5,10,14,5,22,4,9,19,15,22,21,16,8,6,9,17,17,20,11,8,10,15,7,14,19,20,21,6,3,5,9,10,19,5,9,20,4,16,12,6,4,22,18,23,5,5,17,6,9,4,11,7,10,19,19,11,15,7,13,16,9,6,9,21,24,15,18,25,5,7,20,7,0,18,16,10,17,12,25,20,9,11,14,5,10,7,23,22,17,7,9,9,21,12,10,20,5,13,19,21,11,5,12,6
16,8,16,9,26,11,12,22,9,9,17,16,23,20,25,10,20,9,19,25,5,16,9,8,15,23,21,16,12,18,12,16,19,25,16,22,14,17,11,11,19,21,20,18,22,9,21,24,7,20,9,20,21,19,20,9,10,20,18,12,21,23,18,27,23,25,5,5,26,18,23,14,5,25,21,23,8,11,12,5,13,21,18,22,23,19,0,9,14,9,14,12,11,24,13,16,21,22,23,10,21,7,22,24,24,8,12,22,6,17,14,17,9,12,17,16,21
14,9,14,12,24,14,16,20,11,6,15,14,21,18,23,8,18,13,17,23,10,14,12,12,14,21,19,14,11,16,10,14,17,23,14,20,11,15,9,8,17,19,18,16,19,6,19,22,10,18,3,18,19,17,18,5,14,18,16,10,19,21,16,25,21,23,9,9,24,15,21,12,7,23,19,22,12,15,10,9,16,19,16,20,21,17,9,0,12,4,12,16,8,22,11,14,19,20,21,14,19,6,20,22,22,10,10,19,10,15,12,15,10,10,15,14,19
13,13,11,15,16,17,18,12,15,12,8,8,13,10,16,7,10,15,9,15,12,8,15,14,12,13,12,7,13,13,13,9,11,15,11,12,9,12,13,14,8,11,10,7,13,12,11,15,13,11,9,12,11,8,15,11,16,10,7,12,11,13,8,17,13,15,12,12,16,11,14,6,10,15,12,14,14,18,9,11,19,10,10,17,13,9,12,9,0,10,5,19,14,14,2,10,11,14,13,16,16,10,12,15,15,14,4,13,13,7,9,12,14,4,7,8,11
15,8,15,11,25,14,15,21,11,4,17,16,22,19,25,10,19,11,18,24,9,16,12,11,15,22,21,15,12,18,11,15,18,24,15,21,13,16,8,6,18,20,19,17,21,4,20,24,10,20,3,19,20,18,19,3,13,19,18,11,20,23,17,26,22,24,8,8,25,17,23,13,5,24,21,24,11,14,11,8,15,20,17,21,22,19,8,4,13,0,13,15,6,23,12,15,20,21,22,13,20,5,21,24,24,10,12,21,9,17,13,16,10,12,16,15,20
11,15,9,17,18,16,17,16,13,14,6,5,16,13,18,7,13,17,13,18,14,5,16,16,9,16,15,5,10,10,10,6,9,16,8,15,6,14,15,16,9,13,13,9,12,14,14,15,14,14,11,11,15,9,17,13,15,14,9,10,14,17,11,18,16,18,14,14,17,9,16,4,11,17,15,16,16,18,6,13,18,11,8,19,14,12,14,11,6,12,0,19,16,17,4,7,14,12,16,18,18,12,16,17,18,14,2,12,15,10,6,14,13,4,10,5,14
13,15,15,10,24,3,4,24,8,15,21,19,24,24,24,14,24,11,23,25,10,19,5,10,14,25,23,19,12,16,11,18,20,22,16,25,16,22,15,17,23,25,23,23,19,15,23,22,9,24,15,18,24,23,25,14,4,24,23,12,25,26,23,24,25,24,12,12,23,16,23,17,11,23,23,20,10,2,15,11,2,24,19,27,21,25,12,14,19,15,17,0,17,26,18,19,22,20,23,3,26,12,25,24,25,10,16,19,12,22,15,22,11,17,22,19,23
18,8,18,12,28,17,18,24,15,4,20,19,25,22,28,13,22,13,21,27,12,19,15,13,18,25,24,18,15,21,14,18,21,27,18,24,16,19,4,6,21,23,22,20,24,4,23,27,14,23,8,22,23,21,22,5,16,22,21,14,23,26,20,29,25,27,11,11,28,20,26,16,9,27,24,27,12,18,14,11,19,23,20,24,25,22,12,9,16,7,16,19,0,26,15,18,23,24,25,17,23,9,24,27,27,14,15,24,10,20,16,19,13,15,19,18,23
18,24,19,26,5,26,27,4,24,23,13,16,4,4,4,18,5,26,5,4,23,20,24,25,18,2,5,14,22,20,24,16,12,5,19,3,18,23,24,25,11,9,5,14,11,23,8,5,24,5,20,14,4,9,25,22,25,5,10,22,7,7,9,6,2,5,23,23,6,16,5,17,20,5,5,8,25,28,19,22,28,11,12,23,8,8,23,20,14,21,17,28,25,0,15,19,8,11,6,27,25,21,2,4,4,25,16,11,24,10,17,23,25,15,9,18,3
13,14,11,16,17,18,19,14,16,13,8,7,14,12,17,8,12,16,11,16,13,7,16,15,11,14,13,7,13,12,13,8,11,17,10,13,8,13,14,15,9,12,11,8,14,13,12,16,14,12,10,13,13,9,16,12,17,12,9,12,13,15,9,18,14,17,13,13,17,11,15,6,10,16,13,16,15,18,8,12,20,11,10,18,14,11,13,10,4,11,5,19,15,16,0,9,13,14,14,17,17,11,14,16,16,15,5,14,14,9,8,13,15,4,8,7,12
10,16,8,18,16,17,18,15,14,15,6,5,16,14,16,8,13,18,13,18,15,7,17,17,9,16,14,4,10,9,12,3,8,14,7,15,6,15,16,17,8,12,14,8,10,15,13,14,16,13,12,9,14,8,18,14,16,14,8,9,15,17,11,16,16,16,15,15,15,7,14,5,12,15,15,14,17,20,6,14,19,10,6,20,13,11,15,12,7,13,5,20,17,17,6,0,12,10,14,19,19,13,15,16,17,16,4,10,16,9,5,15,14,5,11,3,14
13,22,14,22,7,21,22,7,19,21,8,12,6,6,7,16,6,23,6,8,21,16,18,21,13,8,6,10,16,15,18,11,6,6,14,8,12,21,22,23,7,5,6,11,6,21,3,5,20,6,18,9,7,6,23,20,20,7,7,16,7,9,8,8,8,7,21,21,7,11,5,14,18,5,6,5,21,23,13,20,23,7,6,21,3,6,21,18,12,19,13,23,23,9,13,14,0,6,4,22,23,19,8,6,8,20,13,7,22,9,12,21,21,14,8,13,6
12,25,13,20,10,20,21,11,18,23,9,12,10,10,10,16,10,21,9,12,20,16,17,20,12,11,10,10,15,13,18,11,6,8,12,11,12,24,25,25,9,8,10,11,2,23,7,8,19,10,20,7,11,8,27,22,19,11,9,16,11,12,11,10,11,11,21,22,9,10,9,14,21,9,10,6,20,21,13,21,21,9,6,25,7,9,22,20,14,21,13,21,25,12,15,13,7,0,9,21,27,22,12,10,11,19,13,3,22,10,11,24,19,15,12,13,10
16,24,17,25,6,24,26,5,22,23,11,15,2,7,4,18,7,26,7,5,23,19,22,24,16,5,6,13,19,18,21,14,10,6,17,7,16,23,24,25,10,8,7,14,9,23,5,5,24,6,20,12,6,9,25,22,24,7,10,19,9,9,10,7,6,3,23,23,6,14,3,17,20,4,6,6,24,26,16,22,26,10,10,23,5,9,23,20,14,21,16,26,25,6,15,17,5,9,0,26,25,21,6,3,5,24,16,10,24,11,15,23,24,15,10,15,5
14,13,15,11,24,4,5,24,8,13,21,20,25,24,24,14,24,11,23,26,8,19,6,10,14,25,24,19,13,17,12,19,20,22,16,25,16,21,15,15,23,25,23,22,19,13,23,22,9,24,13,18,24,23,23,13,6,24,22,12,25,26,22,24,25,25,10,10,23,16,23,18,9,23,24,20,10,2,15,10,3,25,19,26,22,23,10,12,18,13,18,3,16,26,17,19,22,20,24,0,25,11,25,24,25,10,16,19,11,21,15,21,11,16,21,19,24
23,21,21,21,28,25,26,24,23,20,22,20,24,22,27,15,22,23,21,27,20,20,23,22,22,25,23,20,21,23,21,20,24,27,21,24,19,8,21,22,23,23,22,22,27,20,22,26,21,22,17,25,23,23,6,19,24,22,23,20,23,25,22,28,25,27,20,20,27,23,25,18,18,26,23,26,22,26,18,20,27,25,23,8,24,22,20,17,18,18,18,27,22,26,17,21,23,26,25,24,0,18,24,27,26,22,17,27,21,21,19,14,22,16,21,20,23
13,8,14,9,23,11,12,20,9,7,15,14,20,18,23,8,18,9,17,22,6,14,9,8,13,21,19,14,10,16,9,14,17,23,14,19,11,15,10,9,16,19,17,16,20,7,18,22,7,18,7,18,19,17,17,7,10,18,16,10,19,21,16,24,20,23,5,5,23,15,21,12,2,22,19,22,8,11,10,5,12,19,16,19,20,17,5,6,12,7,12,12,9,22,11,14,19,20,21,10,19,0,20,22,22,7,10,19,7,15,12,15,8,10,14,14,19
18,23,19,25,6,26,27,2,24,22,13,16,4,4,5,17,4,25,5,5,22,19,23,24,18,3,4,14,22,20,23,16,12,6,19,4,18,22,23,24,10,8,5,14,11,22,6,5,23,4,19,13,3,9,25,21,25,5,10,21,7,8,8,7,3,5,22,22,7,16,6,16,20,6,4,9,24,28,19,21,27,11,12,22,8,7,22,19,13,20,16,27,24,4,14,19,7,11,6,26,24,20,0,4,4,24,15,11,23,9,17,22,24,15,9,17,3
17,25,18,25,3,25,26,4,23,24,13,16,3,6,2,19,6,26,6,3,24,20,22,24,17,3,6,15,20,18,22,15,11,4,18,5,17,24,25,26,12,9,6,15,9,24,7,3,24,6,21,12,5,10,27,23,24,6,12,20,8,7,10,4,3,3,24,24,4,14,3,18,22,3,6,6,25,26,17,24,26,11,11,24,6,9,24,21,15,22,17,26,26,4,16,18,6,9,4,26,27,22,4,0,3,24,17,10,25,11,16,24,24,17,11,17,5
18,25,19,26,5,26,27,4,24,24,14,17,4,6,4,19,6,27,6,2,24,20,23,26,18,3,6,16,22,20,24,17,12,5,19,5,18,24,25,25,12,10,6,16,11,24,8,4,25,6,21,13,5,11,26,23,25,6,12,21,8,8,10,5,3,4,24,24,6,16,4,18,21,4,5,8,26,28,19,23,28,12,12,24,7,9,23,21,15,22,18,27,25,3,16,19,8,10,6,27,26,22,4,3,0,25,17,11,25,11,17,24,26,16,11,18,5
12,10,13,8,25,8,9,24,3,11,18,17,24,21,26,12,21,8,21,26,5,16,7,7,12,24,23,17,10,16,8,16,18,23,14,23,14,18,14,13,20,22,21,20,20,11,22,23,2,22,11,19,23,20,21,10,7,22,20,9,22,25,19,25,24,26,6,6,24,16,24,15,7,24,23,21,7,10,13,6,10,22,17,23,23,21,7,10,15,10,15,11,13,26,15,17,23,21,24,9,22,8,24,25,26,0,14,20,8,19,13,18,5,14,18,17,22
10,14,8,16,18,14,16,14,11,12,6,5,15,12,18,6,12,16,11,17,13,5,14,15,8,15,14,5,9,9,9,5,9,16,7,14,5,12,14,14,9,13,12,9,12,12,13,15,13,13,10,11,13,9,15,12,14,13,9,8,13,16,10,18,15,18,12,12,17,8,16,2,10,17,14,16,15,17,5,12,16,11,8,17,14,12,12,9,5,11,2,17,14,16,5,7,14,12,15,16,16,11,14,17,17,13,0,12,14,10,5,12,11,2,9,6,13
12,23,11,21,10,20,22,11,18,22,7,10,11,10,10,15,10,22,9,12,20,14,18,20,12,11,10,9,14,12,16,9,5,8,10,11,11,22,23,24,7,8,10,9,3,22,8,8,20,10,19,6,10,6,25,21,20,10,7,14,11,12,10,10,11,11,22,22,9,9,9,13,20,9,10,8,20,22,12,22,22,8,5,25,8,9,22,19,12,20,11,22,24,12,13,12,7,4,9,21,26,20,11,10,11,20,11,0,23,8,10,22,19,13,12,11,10
17,4,17,4,27,12,11,24,9,7,19,18,25,22,27,12,22,4,21,27,5,18,10,4,17,25,23,18,14,20,13,18,21,26,18,24,16,19,9,9,21,23,22,20,22,7,23,25,8,22,9,21,23,21,22,7,12,22,20,13,23,25,20,27,25,27,7,7,26,19,25,16,6,26,23,23,4,12,14,7,11,23,20,24,25,21,7,10,16,9,16,13,9,26,15,18,23,23,25,12,21,7,24,26,26,9,14,22,0,19,16,19,10,14,19,18,23
16,19,13,21,12,22,23,9,20,17,5,8,10,7,12,12,7,21,6,11,17,12,20,19,14,9,8,6,15,15,17,8,8,12,13,9,12,17,19,19,4,6,7,6,10,17,8,12,18,6,14,12,8,4,20,16,21,7,3,15,8,10,4,13,9,12,17,17,13,13,11,10,15,12,8,11,20,23,12,17,24,6,7,21,10,5,17,14,8,15,9,24,19,11,9,11,8,10,10,21,21,15,9,11,11,19,9,9,18,0,11,17,19,10,5,10,7
6,16,4,17,15,14,16,15,11,14,7,7,15,15,15,8,14,18,14,16,14,9,14,17,5,16,14,6,6,5,9,4,6,13,4,16,3,16,16,16,9,11,14,9,9,14,12,12,13,14,12,7,15,9,19,14,14,15,9,6,15,16,12,15,16,15,15,15,14,5,13,7,12,14,14,13,17,17,4,14,16,10,5,21,11,12,15,12,9,13,7,17,16,16,8,5,11,9,13,16,20,13,16,14,16,13,5,9,16,10,0,16,12,7,13,5,14
19,17,17,19,26,21,22,22,19,16,17,16,23,20,25,11,20,19,19,25,16,16,19,18,18,23,21,16,17,19,17,16,20,25,17,22,14,10,17,18,19,21,19,18,23,16,21,24,17,20,13,21,21,19,13,15,20,20,18,16,21,23,18,26,23,25,16,16,26,18,23,14,13,25,21,24,18,21,14,15,22,21,19,14,23,19,15,13,14,14,14,22,17,24,13,17,21,23,23,20,14,14,22,24,24,18,12,22,17,17,15,0,18,12,17,16,21
11,11,12,10,25,10,11,23,6,10,16,15,23,21,25,9,21,9,20,25,6,15,10,8,11,24,22,15,8,15,6,14,16,23,13,22,11,18,13,12,19,21,20,19,19,10,21,23,5,21,9,17,22,19,20,9,9,21,19,7,22,24,18,25,23,25,7,7,24,15,23,13,8,24,22,21,8,13,10,7,12,21,15,22,22,20,8,9,15,9,13,13,12,25,14,14,21,19,23,12,22,8,23,25,25,5,12,19,9,18,11,18,0,13,17,14,22
12,13,9,15,18,16,17,14,14,11,9,8,15,12,18,6,12,14,11,17,11,7,14,13,10,15,14,7,11,11,11,8,12,17,10,14,7,11,13,13,11,13,12,10,14,11,13,17,12,13,8,13,13,11,14,10,15,12,10,11,13,16,10,19,15,17,11,11,18,10,16,4,9,17,14,17,13,17,7,11,18,13,10,16,15,12,11,8,5,9,5,18,13,16,5,9,14,15,15,15,15,9,14,17,17,13,3,14,12,10,7,11,13,0,9,8,13
17,17,15,19,11,20,21,8,18,15,7,10,8,5,11,11,5,19,5,10,16,12,18,18,16,8,7,8,16,16,16,11,10,10,15,7,13,16,17,17,6,6,5,8,10,15,6,10,17,6,12,13,7,5,18,14,19,6,5,16,6,9,3,12,8,11,15,15,11,15,9,10,13,10,7,10,18,21,13,15,22,9,9,20,8,5,15,12,6,13,10,22,17,9,7,14,7,10,8,20,20,14,8,10,10,18,8,11,16,4,13,16,17,8,0,12,6
10,17,7,19,16,17,19,15,15,15,5,5,16,14,16,9,13,19,13,18,15,7,17,18,8,16,14,4,9,9,11,3,7,14,7,15,6,15,17,17,8,11,14,8,10,15,13,14,16,13,12,9,14,8,18,14,17,14,8,9,15,17,11,16,16,16,15,15,15,7,14,5,13,15,14,14,18,20,6,15,19,10,6,20,13,11,15,12,8,13,5,20,17,17,6,5,12,10,14,19,19,13,15,16,17,16,4,10,16,9,5,15,14,6,12,0,14
18,23,19,25,7,26,27,3,24,22,12,15,4,3,7,17,4,25,4,6,22,18,23,24,18,4,3,13,21,19,23,15,12,8,19,4,18,22,23,24,10,8,4,13,11,22,6,7,23,4,19,13,3,8,24,21,25,4,9,21,6,8,7,8,4,7,22,22,8,16,6,16,19,7,3,10,24,27,18,21,27,10,12,22,8,7,21,19,13,20,16,27,23,6,14,18,7,10,6,26,24,20,4,6,6,24,15,11,23,9,17,22,24,14,8,17,0
