Name: bar-n5-m4-c2-OD0.2
Type: GPDPOD-IMC
Commodity type: 4
Compartment num: 2
CapacityHD: 100
VehicleHDs: 2
CapacityOD: 50
VehicleODs: 0
ID Xc Yc DEMAND StartT EndT SerT PairedID
0,41.3722496,2.1636008,[0, 0, 0, 0],0,240,0,0
1,41.3830452,2.0762528,[14, 6, 2, 34],56,176,10,3
2,41.4487614,2.2160931,[7, 2, 1, 10],117,237,10,4
3,41.4008741,2.1610253,[-14, -6, -2, -34],88,208,10,1
4,41.4029761,2.1475665,[-7, -2, -1, -10],142,231,10,2
StartID EndID StartX StartY EndX EndY StartT EndT
5,6,41.4439526,2.0660729,41.4510034,2.1897076,0,447
edge
0,17,17,10,10,18,19
16,0,22,17,15,17,20
16,20,0,14,15,20,7
9,15,15,0,5,16,14
9,14,15,5,0,13,13
19,15,21,16,13,0,19
17,18,7,12,12,18,0
