Name: bar-n5-m4-c2-OD0.4
Type: GPDPOD-IMC
Commodity type: 4
Compartment num: 2
CapacityHD: 100
VehicleHDs: 2
CapacityOD: 50
VehicleODs: 0
ID Xc Yc DEMAND StartT EndT SerT PairedID
0,41.3722496,2.1636008,[0, 0, 0, 0],0,240,0,0
1,41.3830452,2.0762528,[14, 6, 2, 34],56,176,10,3
2,41.4487614,2.2160931,[7, 2, 1, 10],117,237,10,4
3,41.4008741,2.1610253,[-14, -6, -2, -34],88,208,10,1
4,41.4029761,2.1475665,[-7, -2, -1, -10],142,231,10,2
StartID EndID StartX StartY EndX EndY StartT EndT
5,7,41.4439526,2.0660729,41.4510034,2.1897076,0,447
6,8,41.4623355,2.2014148,41.3832447,2.074934,75,522
edge
0,17,17,10,10,18,18,19,17
16,0,22,17,15,17,22,20,2
16,20,0,14,15,20,5,7,20
9,15,15,0,5,16,15,14,15
9,14,15,5,0,13,15,13,14
19,15,21,16,13,0,20,19,15
18,20,5,15,14,20,0,7,20
17,18,7,12,12,18,6,0,18
16,1,23,17,15,18,22,21,0
