Name: bar-n45-m4-c2-OD1.0
Type: GPDPOD-IMC
Commodity type: 4
Compartment num: 2
CapacityHD: 100
VehicleHDs: 10
CapacityOD: 50
VehicleODs: 1
ID Xc Yc DEMAND StartT EndT SerT PairedID
0,41.3722496,2.1636008,[0, 0, 0, 0],0,240,0,0
1,41.3671296,2.0692367,[3, 1, 0, 8],2,122,10,23
2,41.3812716,2.1648239,[14, 6, 2, 25],0,240,10,24
3,41.354318,2.0671293,[14, 6, 2, 22],0,240,10,25
4,41.4427396,2.2253295,[14, 6, 2, 28],0,79,10,26
5,41.3297511,2.0991478,[14, 6, 2, 28],127,240,10,27
6,41.3328466,2.0921043,[14, 6, 2, 21],104,224,10,28
7,41.4479353,2.2194344,[3, 6, 1, 4],19,139,10,29
8,41.352645,2.110783,[14, 6, 2, 24],66,186,10,30
9,41.3830452,2.0762528,[14, 6, 2, 34],56,176,10,31
10,41.4160758,2.1764666,[14, 6, 2, 13],0,110,10,32
11,41.4119643,2.1535583,[7, 2, 1, 12],53,173,10,33
12,41.4442047,2.218796,[14, 6, 2, 20],0,84,10,34
13,41.4548986,2.2100092,[14, 6, 2, 29],129,240,10,35
14,41.4407077,2.2267254,[3, 6, 1, 4],97,217,10,36
15,41.3941327,2.1224947,[14, 6, 2, 23],52,172,10,37
16,41.4490414,2.2067515,[14, 6, 2, 23],92,212,10,38
17,41.3544296,2.0735694,[14, 6, 2, 16],25,145,10,39
18,41.4558747,2.2072483,[14, 6, 2, 12],0,240,10,40
19,41.4436929,2.2246727,[14, 6, 2, 23],0,240,10,41
20,41.3597275,2.0909717,[7, 2, 1, 8],114,234,10,42
21,41.4042244,2.1494187,[14, 6, 2, 22],0,240,10,43
22,41.3375512,2.1083287,[14, 6, 2, 11],0,98,10,44
23,41.3520481,2.0742798,[-3, -1, 0, -8],19,139,10,1
24,41.3746145,2.1643053,[-14, -6, -2, -25],0,240,10,2
25,41.4514197,2.2251463,[-14, -6, -2, -22],0,240,10,3
26,41.450472,2.2086465,[-14, -6, -2, -28],18,138,10,4
27,41.4146917,2.162891,[-14, -6, -2, -28],155,228,10,5
28,41.3745313,2.1450922,[-14, -6, -2, -21],125,235,10,6
29,41.3835998,2.1734228,[-3, -6, -1, -4],48,168,10,7
30,41.3701104,2.1271576,[-14, -6, -2, -24],84,204,10,8
31,41.4008741,2.1610253,[-14, -6, -2, -34],88,208,10,9
32,41.4112566,2.1908185,[-14, -6, -2, -13],15,135,10,10
33,41.4368711,2.234578,[-7, -2, -1, -12],78,198,10,11
34,41.3825888,2.1646439,[-14, -6, -2, -20],30,150,10,12
35,41.4525037,2.2152076,[-14, -6, -2, -29],141,222,10,13
36,41.3937005,2.1506405,[-3, -6, -1, -4],128,233,10,14
37,41.4459384,2.0660805,[-14, -6, -2, -23],78,198,10,15
38,41.3798821,2.0507836,[-14, -6, -2, -23],132,222,10,16
39,41.3906531,2.0730443,[-14, -6, -2, -16],48,168,10,17
40,41.4295296,2.1805525,[-14, -6, -2, -12],0,240,10,18
41,41.4349816,2.1930256,[-14, -6, -2, -23],0,240,10,19
42,41.4530228,2.2052872,[-7, -2, -1, -8],144,223,10,20
43,41.4237267,2.1660094,[-14, -6, -2, -22],0,240,10,21
44,41.4080448,2.2096487,[-14, -6, -2, -11],34,154,10,22
StartID EndID StartX StartY EndX EndY StartT EndT
45,90,41.3271083,2.0868381,41.4499142,2.2135352,81,504
46,91,41.4578645,2.0511169,41.3993734,2.1576859,0,453
47,92,41.364272,2.0908178,41.4432,2.22515,49,523
48,93,41.44524,2.2213186,41.3734167,2.0916796,42,495
49,94,41.3717312,2.0889754,41.3599849,2.0740359,115,475
50,95,41.3749395,2.1247574,41.3745945,2.1276042,0,396
51,96,41.3833251,2.0764792,41.4322033,2.1872315,0,477
52,97,41.3550009,2.1001943,41.4292184,2.219643,107,467
53,98,41.4381564,2.219303,41.4048157,2.139768,66,501
54,99,41.4520396,2.2128935,41.4046304,2.2047496,0,426
55,100,41.3872974,2.1778131,41.3557355,2.105888,14,449
56,101,41.437641,2.2298148,41.4692218,2.0813928,0,468
57,102,41.4503532,2.2250068,41.4623983,2.0504567,95,461
58,103,41.3857728,2.091363,41.3613405,2.0847183,70,493
59,104,41.3995238,2.1961495,41.3857565,2.0988148,83,512
60,105,41.4326536,2.2222507,41.3536974,2.0864987,55,520
61,106,41.4316293,2.1786367,41.4183301,2.1435178,61,484
62,107,41.4460569,2.2221081,41.4698459,2.1816529,42,468
63,108,41.3904608,2.1457467,41.4463448,2.1763859,51,480
64,109,41.4382502,2.2077829,41.4113198,2.1872084,38,461
65,110,41.3773527,2.1744796,41.3601525,2.1023202,115,475
66,111,41.3719594,2.1121604,41.4087687,2.1412546,43,469
67,112,41.3736968,2.1209403,41.4077817,2.1493673,66,486
68,113,41.3819329,2.0795768,41.3238794,2.0912046,0,438
69,114,41.4465834,2.2143408,41.4225051,2.1790776,0,432
70,115,41.4404673,2.2378337,41.4449382,2.2241955,0,411
71,116,41.4406203,2.2241249,41.4354096,2.171624,0,720
72,117,41.4474967,2.2216705,41.3908214,2.1745486,104,491
73,118,41.3736106,2.140136,41.3989488,2.1569471,104,482
74,119,41.4250776,2.2272202,41.4251356,2.0984945,0,720
75,120,41.3638313,2.0926901,41.4026572,2.1572714,23,464
76,121,41.4062484,2.1650543,41.4201793,2.2027689,122,476
77,122,41.4582638,2.0713341,41.4065696,2.1451119,0,441
78,123,41.3230732,2.0833273,41.4110871,2.1337089,0,720
79,124,41.4096189,2.1393877,41.409968,2.2022377,15,444
80,125,41.4659771,2.051335,41.3844065,2.1627032,64,508
81,126,41.4397456,2.225673,41.4676564,2.0622343,0,486
82,127,41.4531346,2.2269082,41.4114417,2.1724649,0,720
83,128,41.4298515,2.1820608,41.3849029,2.0854836,56,497
84,129,41.3317926,2.0992391,41.3847151,2.066434,79,508
85,130,41.351608,2.0737941,41.3672918,2.1148142,37,454
86,131,41.4551417,2.2083596,41.4500306,2.2226654,68,476
87,132,41.3636997,2.095824,41.4504896,2.2198529,73,520
88,133,41.4478675,2.2063436,41.4406278,2.1892066,0,408
89,134,41.322348,2.0923512,41.4401413,2.1478097,89,491
edge
0,19,5,15,17,15,16,17,12,17,13,12,18,17,17,10,17,16,16,19,15,14,12,15,2,18,17,12,6,8,10,10,12,15,6,18,8,19,19,19,15,17,17,15,12,16,22,16,18,15,8,17,13,16,17,7,15,18,14,9,15,15,18,7,16,3,12,10,16,16,16,16,18,6,13,16,11,22,16,12,21,16,18,14,14,15,17,16,17,15,17,10,17,15,17,9,16,15,11,11,13,24,23,17,14,15,14,21,19,11,13,14,10,16,13,19,16,8,11,19,11,14,12,12,12,6,20,12,15,19,12,19,18,17,19
17,0,17,6,27,13,14,24,11,7,19,18,24,22,27,12,22,7,21,26,7,18,11,7,17,25,23,18,14,20,13,18,21,27,18,23,15,19,7,9,20,23,21,20,23,14,22,7,27,6,11,7,9,25,23,19,26,24,9,22,25,20,26,14,22,18,10,11,7,23,27,26,25,13,25,7,18,21,14,16,21,26,25,20,12,7,22,8,22,14,22,17,26,7,5,12,22,24,14,23,11,23,23,7,9,8,15,24,18,19,9,15,15,15,20,26,19,19,18,19,18,22,16,14,23,16,20,20,8,9,11,26,24,21,19
6,19,0,16,18,16,17,17,13,17,12,11,18,17,18,11,17,17,16,19,16,13,13,16,5,18,17,11,7,8,11,9,11,16,4,18,7,19,19,19,14,16,17,14,12,17,23,17,18,16,9,17,14,16,17,7,15,18,15,10,15,13,19,7,16,4,12,11,17,16,16,16,18,7,14,17,10,22,18,11,22,16,19,13,15,16,17,17,17,16,17,9,17,16,18,10,15,15,9,12,14,24,23,18,15,16,13,20,18,10,14,13,9,17,12,19,15,8,10,19,10,13,11,11,12,5,20,11,16,19,13,19,18,16,18
15,6,18,0,26,11,10,25,9,9,20,19,25,22,26,13,22,3,22,27,6,19,9,3,16,25,24,18,15,18,14,19,22,24,18,24,16,19,8,11,21,23,22,21,21,10,20,8,26,8,12,9,8,25,23,17,23,25,11,19,23,21,27,15,23,14,11,12,9,23,25,24,26,14,22,8,19,22,10,16,20,24,26,21,10,3,23,8,23,11,23,18,25,9,4,13,23,23,15,20,9,24,20,9,11,6,15,24,19,20,8,16,16,11,21,27,20,18,19,19,19,22,16,15,20,17,20,20,10,11,11,26,25,22,19
17,26,19,26,0,25,27,5,23,25,13,17,4,6,3,20,7,27,7,3,25,21,23,25,17,4,7,15,21,19,23,16,11,4,18,5,17,25,26,27,12,10,7,16,10,27,28,25,3,22,22,25,25,3,5,15,4,4,22,13,5,12,4,18,7,15,24,23,24,6,5,3,4,21,7,24,16,27,27,19,27,4,4,11,25,25,7,25,7,26,5,18,2,23,26,22,12,7,18,12,25,25,27,24,22,24,17,13,11,11,25,19,16,27,13,3,12,16,19,25,18,8,18,17,10,17,26,14,23,26,25,4,4,10,16
12,14,14,9,23,0,4,23,7,14,20,18,23,23,23,13,23,10,22,25,9,18,4,9,13,24,22,18,11,16,10,17,19,21,15,24,15,21,14,16,22,24,23,22,18,3,25,11,24,10,12,14,8,22,23,15,21,24,14,17,20,22,24,14,22,12,12,12,13,22,22,22,24,11,19,10,18,24,4,16,24,22,24,22,2,9,23,11,23,3,22,17,23,11,11,11,23,20,15,17,9,26,25,11,13,9,17,26,21,18,8,18,16,4,20,24,22,16,18,21,18,20,16,16,18,14,22,19,14,16,10,25,24,24,21
12,13,13,9,22,3,0,22,6,13,19,18,23,22,22,12,22,10,21,24,8,17,4,8,12,23,22,17,11,15,10,17,18,20,14,23,14,20,13,15,22,23,22,21,17,5,24,10,23,9,11,13,8,21,22,14,20,23,13,16,20,21,23,13,21,11,11,11,13,21,21,21,23,10,18,10,17,23,5,16,23,21,23,21,3,8,22,10,22,5,22,17,22,10,10,10,23,20,14,16,8,25,24,10,12,8,17,25,20,17,8,17,15,6,19,23,21,15,17,21,17,19,16,15,17,13,22,18,13,15,9,24,23,23,21
17,23,19,25,6,25,27,0,23,21,13,15,3,4,6,17,4,25,4,5,22,18,23,24,17,3,3,13,21,19,22,15,11,7,18,4,17,22,23,23,10,8,4,14,10,27,25,21,5,19,21,21,23,5,3,15,6,3,19,13,7,10,4,18,6,15,21,21,21,2,7,6,3,21,9,21,15,24,27,16,24,6,4,9,25,24,4,21,4,26,2,18,5,20,23,22,10,7,14,12,24,21,24,21,19,21,13,10,8,11,23,15,15,27,11,5,9,16,18,22,17,8,16,14,11,17,23,13,20,23,23,4,4,7,12
11,11,12,8,24,6,8,24,0,11,18,17,24,22,24,11,22,9,21,25,5,16,6,7,11,25,23,16,10,15,8,16,17,22,13,24,13,19,14,13,20,22,21,20,19,8,22,7,24,7,9,11,3,23,23,15,22,25,11,18,21,20,25,12,23,13,6,8,11,23,23,23,25,9,20,6,16,22,9,14,21,23,25,20,6,7,22,7,22,8,23,16,24,8,8,8,22,21,13,18,3,24,23,8,10,6,15,24,19,16,3,15,14,9,18,25,19,15,16,19,16,19,15,14,19,12,20,17,11,13,5,26,24,21,19
16,7,16,11,27,14,16,23,12,0,19,17,24,21,26,11,21,11,20,26,10,17,12,11,15,24,23,17,12,19,11,17,20,26,17,23,14,18,6,4,20,22,21,19,23,16,22,9,26,6,10,1,11,24,22,18,26,24,5,21,24,20,25,13,22,17,8,9,2,22,27,26,25,12,25,8,17,21,15,15,20,26,24,20,14,11,21,9,21,16,22,17,26,6,9,10,22,24,14,22,11,23,21,9,6,9,14,23,18,19,10,15,15,16,19,26,18,18,17,18,17,22,15,13,22,15,19,19,4,4,11,25,23,20,18
12,19,10,21,13,20,21,12,17,17,0,6,12,11,13,11,10,21,10,15,18,10,19,20,11,13,11,4,12,11,14,5,5,12,10,12,8,18,19,19,5,8,10,4,7,22,21,17,13,15,12,17,18,11,11,9,11,13,15,8,10,5,14,9,9,11,15,13,17,11,12,12,14,12,11,17,4,21,23,8,20,12,13,5,19,20,11,17,10,22,11,7,12,16,19,13,7,10,7,7,18,23,22,17,15,17,9,11,9,4,18,9,5,23,3,14,6,7,8,18,6,6,7,9,7,8,19,2,16,19,17,14,12,8,10
12,16,9,18,17,17,18,15,14,14,5,0,16,14,17,8,13,18,13,18,15,7,17,17,10,16,14,4,11,11,12,6,8,15,9,15,7,15,16,16,8,12,13,8,11,19,18,14,17,12,10,14,16,15,14,9,14,16,12,10,14,8,17,7,13,11,12,10,14,14,16,15,17,11,15,14,4,18,20,5,17,15,16,8,16,17,14,14,13,19,14,8,16,13,16,11,10,13,4,10,16,20,19,14,12,14,6,14,11,7,15,6,2,20,7,17,9,8,8,15,6,10,4,6,10,7,16,6,13,16,14,17,15,11,11
18,23,19,25,6,26,27,3,24,22,12,16,0,5,4,17,5,25,5,3,22,18,23,24,18,4,4,14,21,19,23,15,11,6,18,5,17,22,23,23,11,8,5,14,11,27,25,22,4,19,21,22,23,3,4,15,5,4,19,13,5,10,3,18,6,15,21,21,21,2,7,4,2,21,8,21,14,24,27,16,24,4,4,9,25,24,5,22,4,26,3,17,4,20,23,22,11,7,15,12,24,22,24,21,19,21,14,11,9,11,23,16,15,27,12,3,10,16,18,22,16,8,16,14,11,17,23,13,20,23,24,4,4,8,13
18,21,19,23,7,25,26,3,22,19,11,14,5,0,7,15,3,23,2,6,20,16,23,22,18,4,4,12,21,20,21,14,12,7,19,2,17,20,21,21,9,8,3,12,11,26,23,19,7,17,19,20,21,7,2,16,7,4,17,13,8,9,5,17,6,16,19,19,19,3,8,7,5,20,10,19,14,22,25,14,22,7,4,8,24,22,1,20,3,26,2,17,6,18,21,20,10,8,13,12,22,20,22,19,17,19,12,9,7,11,21,14,14,26,10,6,8,17,17,20,16,9,14,12,11,18,21,12,18,21,22,5,3,6,11
16,26,17,24,4,24,25,6,22,24,12,15,4,8,0,19,8,25,9,5,24,19,21,24,16,5,7,14,19,18,21,14,10,4,17,7,16,24,25,26,11,9,9,14,9,26,27,24,4,22,20,24,23,4,7,14,4,6,21,11,4,11,5,16,7,14,23,22,23,6,5,2,4,19,6,24,14,27,26,18,26,2,6,10,23,24,9,24,8,24,7,17,3,22,25,21,11,5,16,10,23,24,27,24,21,24,16,13,11,10,23,18,15,25,11,5,12,14,17,24,16,7,16,17,9,16,25,12,22,26,24,6,6,10,15
10,12,9,14,21,13,15,17,11,11,11,10,18,15,21,0,15,14,14,20,11,9,13,13,9,18,17,10,8,12,7,10,13,20,10,17,7,12,12,12,14,16,15,13,15,15,16,11,20,8,6,11,12,19,16,11,19,18,8,14,19,14,19,6,16,11,7,6,10,16,20,20,19,7,19,10,10,15,16,8,15,20,18,14,13,13,15,11,16,15,16,9,20,9,12,7,16,18,6,15,12,17,16,10,7,10,8,17,12,12,11,9,7,16,12,20,12,11,10,12,10,15,8,7,15,8,13,12,9,12,10,19,17,14,12
16,22,17,24,8,24,25,3,22,20,11,14,5,4,7,16,0,24,3,7,20,17,22,23,16,5,2,12,20,18,21,13,10,8,17,4,16,20,22,22,8,6,3,12,9,26,23,20,7,18,20,20,22,5,3,14,7,4,17,12,6,8,6,17,4,14,20,20,19,3,9,7,5,20,8,20,13,23,26,15,23,7,5,7,23,23,4,20,1,25,2,16,6,18,21,21,9,6,13,10,23,20,23,20,17,20,12,8,7,10,22,14,13,26,10,6,7,15,16,21,15,7,15,13,10,16,22,11,18,22,22,6,4,5,11
16,7,17,4,27,11,12,23,8,10,19,18,24,21,27,12,21,0,20,26,5,18,8,2,17,24,23,17,14,19,13,18,21,25,18,23,15,18,11,12,20,22,21,19,21,12,22,7,27,7,11,10,7,25,22,18,24,24,11,20,24,20,25,14,22,15,10,11,10,22,26,25,25,13,23,7,18,21,12,15,21,25,24,20,10,2,22,7,22,12,22,17,26,8,4,12,22,24,14,21,8,23,22,8,10,5,14,23,18,19,7,15,15,13,20,26,19,19,18,18,18,23,15,14,21,16,19,19,11,12,10,25,23,21,18
18,21,19,23,8,24,25,4,22,19,11,14,6,1,8,15,3,23,0,7,19,16,22,22,18,5,5,12,20,19,20,14,12,8,19,3,16,19,21,21,9,8,3,12,11,26,22,19,8,17,19,19,21,8,2,15,8,5,16,13,9,8,6,17,6,15,19,19,18,4,9,8,6,20,10,19,14,22,25,14,22,8,5,7,23,22,2,19,3,26,3,17,7,18,20,20,10,8,12,12,22,19,22,19,16,19,11,8,6,11,21,13,13,26,10,7,7,16,17,20,16,9,14,12,11,17,21,12,17,21,21,6,4,6,10
17,26,18,25,3,25,26,4,23,24,13,16,3,6,2,19,6,26,7,0,24,20,22,25,17,3,6,15,20,18,22,15,11,4,18,5,17,24,26,26,12,9,6,15,9,26,27,24,3,22,21,24,24,3,5,15,3,3,21,12,5,11,3,17,7,15,24,23,23,5,4,3,3,20,6,24,15,27,26,18,26,3,3,10,24,25,7,24,6,25,5,17,1,22,25,22,11,6,17,11,24,24,27,24,21,24,16,12,11,11,24,18,16,26,12,2,11,15,18,24,17,8,17,17,10,16,25,13,22,26,24,4,4,9,15
15,9,16,7,26,11,12,22,7,10,17,16,23,20,25,10,20,6,19,25,0,16,9,5,15,23,21,16,13,18,11,16,19,25,16,22,14,17,12,11,19,21,20,18,22,12,20,6,25,6,10,10,5,23,21,18,24,23,9,20,23,18,24,12,21,15,9,9,9,21,26,25,24,12,23,5,17,20,11,14,19,25,23,19,10,5,20,5,20,12,21,16,24,7,6,11,21,23,12,21,7,22,21,6,9,4,13,22,17,18,5,13,14,12,18,24,17,17,16,17,16,21,14,12,22,14,18,18,9,12,8,24,22,19,17
10,16,7,19,18,17,18,17,14,15,7,6,18,15,18,8,15,18,14,19,15,0,16,17,8,18,16,6,9,9,11,5,9,16,7,17,5,14,16,17,10,14,15,10,12,19,18,15,18,13,10,15,15,16,16,7,15,18,12,10,15,10,19,5,15,9,11,10,14,16,17,16,19,9,16,15,6,17,19,4,17,16,18,10,16,17,15,15,15,19,16,6,17,13,16,10,12,14,3,11,15,19,18,15,11,15,7,17,12,8,14,7,3,20,9,19,11,7,6,14,5,11,4,5,12,6,15,8,13,17,13,19,17,13,12
11,14,12,11,25,8,9,25,5,14,18,16,25,24,25,11,24,12,23,26,8,16,0,10,11,25,24,16,9,15,9,15,17,23,13,25,13,20,16,16,20,22,24,20,19,10,24,10,25,11,10,14,6,24,24,15,22,25,14,18,22,20,26,12,23,13,9,10,14,23,23,23,25,9,21,10,16,23,10,14,23,23,26,20,7,10,24,10,24,10,24,16,24,11,12,9,22,22,13,19,6,25,24,11,14,9,17,26,21,16,6,17,14,11,18,26,21,15,16,21,16,19,14,14,19,12,22,17,14,16,8,26,25,23,21
15,7,17,3,26,10,11,23,8,11,19,17,24,21,26,11,21,3,20,26,4,17,7,0,16,24,23,17,14,18,12,17,20,24,17,23,15,18,11,13,20,22,21,19,20,11,22,7,26,7,11,11,7,24,22,17,23,24,11,19,23,20,25,14,22,14,10,10,10,22,25,24,25,13,22,6,18,21,11,15,21,24,24,20,9,1,21,7,21,11,22,17,25,8,5,12,22,23,14,20,8,23,21,8,10,4,14,23,18,19,7,15,15,12,19,26,18,18,17,18,18,22,15,13,20,16,19,19,10,13,9,25,23,20,18
2,18,6,16,18,15,16,18,12,17,13,13,18,17,18,10,17,17,17,19,15,14,12,15,0,18,17,12,6,9,10,10,12,16,7,19,8,19,18,19,15,17,17,15,13,17,22,16,18,15,8,17,13,17,17,8,15,18,14,10,15,15,19,7,16,4,11,10,16,16,17,16,19,6,14,16,11,22,17,12,21,16,19,15,14,15,18,16,17,16,17,10,17,15,17,9,16,15,11,12,13,24,23,17,14,15,14,21,19,11,13,14,11,17,13,19,16,9,11,19,11,14,12,12,12,6,20,12,15,19,12,19,19,18,19
18,24,20,26,5,26,28,4,24,22,13,16,4,4,5,18,4,26,5,4,23,19,24,25,18,0,5,14,22,20,24,16,13,5,19,3,18,23,24,24,10,9,5,14,11,28,26,22,5,20,22,22,24,5,3,16,5,2,20,14,6,10,3,19,7,16,22,22,22,4,6,5,4,22,8,22,15,25,28,17,25,5,1,9,26,25,5,22,5,27,3,18,4,21,24,23,11,8,15,12,25,22,25,22,20,22,14,11,9,12,24,16,16,28,12,4,10,17,19,23,17,9,17,15,11,18,24,14,21,24,24,4,2,7,14
17,21,18,23,7,24,26,3,22,19,10,13,4,3,6,15,1,23,2,6,20,16,22,22,17,4,0,11,20,19,21,13,11,7,18,3,16,20,21,21,7,6,2,11,10,26,23,19,6,17,19,19,21,6,2,15,7,4,17,12,7,7,5,17,5,15,19,19,19,2,8,7,5,20,9,19,12,22,25,14,22,7,4,6,24,22,3,19,2,25,2,15,6,18,21,20,8,7,12,11,22,20,22,19,17,19,12,8,6,10,21,13,13,26,9,5,7,15,16,20,14,8,14,12,10,16,21,11,18,21,21,5,3,4,11
12,17,10,19,16,18,20,14,16,16,4,3,15,12,15,10,12,19,11,16,16,8,18,18,11,14,13,0,12,12,13,5,7,14,10,13,8,16,17,18,7,10,12,6,9,20,19,16,16,13,12,16,17,13,12,10,13,14,13,9,13,6,15,8,12,11,13,12,15,13,15,14,15,12,14,15,3,19,21,6,18,14,14,7,18,18,12,16,11,20,12,8,15,14,17,12,9,12,5,9,17,21,20,15,13,15,7,13,11,6,16,8,3,21,5,16,7,8,8,16,7,9,5,7,9,8,17,5,14,17,15,15,14,10,10
5,15,5,14,19,10,12,19,8,12,11,11,19,19,19,7,18,14,18,21,10,12,10,13,4,20,19,11,0,8,5,9,11,17,6,20,6,17,15,14,14,16,19,14,13,12,20,12,20,11,4,12,9,17,19,8,17,20,11,11,16,13,20,5,16,7,7,5,12,18,18,18,20,2,17,11,10,19,13,10,19,18,20,13,10,13,19,12,18,12,19,9,19,10,14,5,15,16,9,13,9,21,20,13,10,12,12,20,17,9,9,13,9,13,11,20,15,8,9,17,10,12,10,10,13,5,18,11,11,15,8,21,20,16,17
9,20,6,19,17,17,18,17,14,18,10,10,18,17,17,12,17,20,16,18,17,12,16,18,7,18,17,9,9,0,12,7,9,15,6,18,7,20,20,20,12,14,17,12,11,19,23,18,17,16,11,18,16,16,17,5,14,18,16,8,15,12,18,8,15,7,14,12,18,16,16,16,18,9,14,18,8,23,20,10,22,16,18,12,16,18,17,18,17,19,17,8,17,17,20,11,14,15,9,11,16,25,24,19,16,18,11,19,17,8,16,12,8,20,10,18,13,5,8,20,9,11,10,11,11,5,21,9,17,20,15,18,18,15,16
9,14,9,13,23,10,11,22,7,12,14,13,23,20,23,7,20,12,19,24,8,12,10,11,8,23,22,12,6,12,0,12,14,21,10,22,9,17,15,14,17,19,20,16,17,12,20,10,23,10,4,12,8,21,21,12,20,23,10,15,20,16,24,7,20,11,6,4,12,21,22,21,24,5,19,9,12,19,13,10,19,21,23,16,9,11,20,10,21,12,21,11,22,10,12,3,18,19,9,16,8,21,21,11,10,10,13,22,17,13,7,13,10,13,15,24,18,12,12,17,12,16,11,10,17,9,18,14,11,14,6,24,22,19,17
9,17,7,19,16,17,18,16,14,15,6,5,16,14,16,9,14,19,13,18,16,9,17,18,8,17,15,5,9,8,11,0,7,14,7,16,5,17,17,17,9,11,14,9,10,19,20,16,16,14,10,16,16,14,15,6,14,16,13,9,13,8,17,6,13,8,12,10,15,15,15,15,17,9,14,15,4,20,20,7,19,15,17,9,16,18,14,16,13,19,14,4,15,14,17,10,10,13,6,10,16,22,21,16,13,16,8,15,13,6,15,9,5,20,7,17,10,6,5,17,4,9,7,7,10,5,18,5,14,17,14,18,16,11,12
12,21,10,21,10,20,21,10,18,20,5,8,10,10,10,13,10,22,9,12,20,12,17,20,11,11,9,7,12,12,14,7,0,8,10,11,9,20,21,22,6,7,9,8,4,22,24,20,10,18,13,20,19,8,10,9,8,11,17,6,7,6,11,9,7,10,16,15,19,9,9,8,11,12,8,20,7,23,22,11,23,8,11,5,19,20,10,20,9,21,9,10,9,18,21,14,7,6,9,4,19,24,24,20,17,20,11,12,10,3,19,12,8,22,5,11,7,7,10,21,9,3,9,11,4,9,22,6,18,22,17,12,11,8,13
16,26,18,25,5,24,26,7,22,24,13,16,6,8,6,20,9,26,9,7,24,20,22,24,16,6,9,14,20,18,22,15,11,0,17,8,16,24,26,26,13,11,9,15,8,26,27,24,6,22,21,24,24,6,8,14,3,6,21,12,4,13,6,17,9,14,24,22,23,8,3,4,6,20,4,24,15,27,26,18,27,4,6,12,24,24,9,24,9,25,8,17,5,22,25,21,13,6,17,10,24,24,27,24,21,24,16,13,11,11,23,18,16,26,12,6,12,15,17,25,17,8,17,17,9,16,26,13,22,26,24,7,7,11,15
5,17,3,17,17,14,15,17,11,15,9,9,17,16,17,9,16,17,16,18,14,10,14,16,4,17,16,8,6,5,9,6,8,15,0,18,4,17,17,17,11,13,16,11,11,16,20,15,17,13,7,15,12,15,17,5,14,17,13,8,14,11,18,5,14,5,11,9,15,16,15,15,17,6,13,15,7,20,16,8,19,15,18,10,13,16,17,15,15,16,16,6,16,14,17,8,12,13,7,10,12,22,21,16,13,15,10,17,15,7,12,11,7,17,9,18,12,5,7,17,7,10,8,9,11,2,18,8,14,17,11,18,18,13,15
18,22,19,24,7,26,27,3,24,21,12,15,4,2,6,16,3,24,3,6,21,18,23,23,18,4,4,13,21,20,22,14,12,7,19,0,18,21,22,23,9,8,3,13,11,27,24,21,6,19,21,21,22,6,1,16,7,4,18,13,8,9,5,18,6,16,21,20,20,2,8,7,5,21,10,20,14,24,27,15,23,7,4,8,25,23,3,21,3,26,2,17,6,19,22,21,10,8,14,12,23,21,23,21,18,21,13,10,8,12,22,15,15,27,11,5,8,16,17,21,16,9,15,14,11,18,22,12,19,23,23,5,3,6,12
7,14,5,17,17,15,16,17,12,13,8,7,16,16,17,6,15,17,15,18,13,8,14,15,5,17,16,6,7,7,9,5,8,15,5,17,0,14,14,15,10,13,15,10,10,17,18,13,17,11,7,13,13,15,16,6,14,17,10,9,14,10,18,2,14,6,9,8,12,15,16,15,17,6,15,13,5,17,17,6,17,15,18,10,14,16,16,13,15,17,16,5,16,11,14,8,12,13,5,10,13,19,18,13,10,13,8,17,13,7,13,9,5,18,8,18,11,6,6,14,5,10,6,6,10,3,15,7,11,14,11,18,17,13,13
19,18,17,20,26,21,23,23,19,16,18,17,23,20,26,12,20,20,20,25,17,16,19,19,18,23,22,16,18,20,17,17,21,25,18,22,15,0,18,18,19,21,20,19,23,23,7,16,26,14,16,16,18,24,21,19,25,23,14,22,24,19,24,14,21,19,16,16,16,21,26,25,24,17,25,16,17,7,22,14,8,25,23,19,21,19,21,16,21,23,21,17,25,15,17,17,21,23,13,23,19,9,9,16,14,16,13,22,17,19,18,14,14,23,19,25,18,19,18,11,17,22,14,12,23,16,7,18,15,18,18,24,23,20,17
18,7,18,10,28,17,16,24,15,5,20,18,25,22,27,12,22,11,21,27,12,18,14,11,18,25,23,18,15,20,14,18,21,27,18,24,15,19,0,6,21,23,22,20,23,16,20,11,27,8,12,5,13,25,23,19,26,25,8,22,25,20,26,14,23,19,11,11,6,23,28,27,26,14,26,11,18,22,17,16,20,27,25,21,16,10,22,11,22,17,23,17,27,8,10,13,23,25,15,23,13,24,20,11,9,12,15,24,19,20,13,16,16,17,20,26,19,19,18,19,18,23,16,14,23,16,20,20,8,6,13,26,24,21,19
18,9,18,12,28,16,18,25,14,3,20,19,25,23,28,13,23,13,22,27,12,19,14,13,17,26,24,19,14,21,13,19,22,28,19,24,16,20,6,0,21,24,22,21,24,18,23,11,28,8,12,4,13,26,24,20,27,25,7,23,26,21,27,15,23,20,10,11,4,24,28,27,26,14,27,10,19,22,17,17,22,27,26,22,16,12,23,11,23,18,23,18,27,8,10,13,24,25,15,24,13,24,23,11,8,11,16,25,19,20,12,16,16,18,21,27,20,20,19,20,19,23,17,15,24,17,21,21,5,3,13,27,25,22,20
15,21,13,23,12,23,24,9,20,19,5,8,10,8,11,14,7,23,7,12,20,13,21,22,14,10,8,6,15,14,17,8,6,11,13,9,11,20,21,21,0,5,8,7,7,25,23,19,12,17,15,20,21,9,8,12,11,10,17,9,9,3,11,12,7,13,18,16,19,9,12,11,11,15,10,19,7,23,25,11,22,11,10,2,22,22,8,20,7,24,8,10,11,18,21,16,4,9,10,7,21,22,24,19,17,19,10,9,8,5,21,12,8,25,4,12,4,10,11,20,9,6,10,12,7,11,21,6,18,21,20,11,9,5,10
16,21,15,23,10,25,26,8,22,19,8,11,8,6,9,15,6,23,5,10,20,15,22,22,16,8,7,9,17,16,19,10,8,9,15,8,13,20,21,21,5,0,6,9,9,26,23,20,9,17,18,20,21,7,6,14,9,8,17,11,7,5,10,14,5,14,19,19,19,6,10,9,9,17,8,19,10,23,25,13,22,9,9,4,24,22,6,20,5,25,6,13,9,18,21,18,5,7,12,9,22,20,23,19,17,19,12,8,6,7,21,14,11,26,7,10,6,12,13,20,12,7,12,12,9,13,21,8,18,21,22,10,8,3,11
17,20,18,22,7,24,25,4,22,19,11,13,5,2,7,14,2,22,1,7,19,16,22,21,17,5,3,11,20,19,20,13,11,8,18,4,16,19,20,21,8,6,0,12,10,26,22,19,7,17,19,19,20,7,3,15,7,4,16,13,8,8,6,16,6,15,18,18,18,3,9,7,6,19,9,18,13,22,25,13,21,7,5,7,23,21,2,19,2,25,3,16,6,17,20,19,8,8,12,11,21,19,21,19,16,19,11,8,6,10,20,13,13,26,9,6,7,15,16,19,15,8,13,12,11,16,20,11,17,21,21,6,4,5,10
15,18,13,20,15,22,23,12,19,17,5,7,13,11,15,12,10,20,10,15,17,11,20,19,14,13,11,6,15,15,16,8,8,14,13,12,11,17,18,18,5,8,10,0,10,23,20,17,15,14,15,17,18,12,11,13,14,13,14,11,12,5,14,12,10,14,16,15,16,11,15,14,14,15,13,16,7,20,22,9,19,14,13,5,21,19,11,17,10,23,11,11,14,15,18,16,7,12,8,10,19,22,21,16,14,16,6,11,9,8,18,9,7,23,4,14,6,11,11,17,10,8,8,8,10,11,18,7,15,18,18,14,12,8,8
10,23,11,19,10,18,19,10,16,23,9,12,11,10,10,17,10,20,9,12,18,16,16,18,10,11,10,11,14,12,16,11,7,8,11,11,12,24,24,25,10,9,10,11,0,20,28,20,11,19,16,23,17,9,10,8,8,11,21,6,7,9,11,13,8,8,19,17,23,9,9,9,11,14,6,20,11,27,20,15,27,9,11,8,17,18,10,20,10,19,10,13,10,20,20,16,10,7,13,3,18,24,27,20,21,18,15,13,11,7,17,16,12,20,9,11,11,9,14,24,13,5,13,15,4,11,26,9,22,25,18,12,11,10,15
12,13,13,9,23,4,3,23,7,13,19,18,23,22,23,13,22,10,22,24,9,17,4,8,12,23,22,18,11,15,10,17,18,21,14,24,15,21,14,15,22,24,22,22,18,0,24,10,23,10,11,14,8,22,22,14,20,23,13,16,20,21,24,14,21,11,11,12,13,21,22,21,24,10,19,10,18,24,2,16,23,21,24,21,4,8,23,10,22,3,22,17,22,11,11,10,23,20,15,17,8,26,24,10,13,8,17,26,21,18,8,17,16,3,20,24,21,15,17,21,18,19,16,16,17,13,22,19,13,16,10,24,24,23,21
23,21,21,23,30,25,26,26,23,20,21,20,27,24,29,15,24,23,23,29,20,20,23,22,22,27,25,20,21,23,21,20,24,29,21,26,18,7,21,22,23,25,23,22,27,26,0,20,29,17,20,20,21,27,25,22,28,27,17,25,27,22,28,18,25,23,19,19,19,25,30,29,28,20,28,19,20,6,25,18,5,29,27,23,24,22,24,20,24,26,25,21,28,18,21,20,25,27,16,26,22,9,3,19,17,19,17,23,21,23,21,17,17,26,22,28,21,22,21,14,20,26,18,16,26,19,6,22,18,21,22,28,26,23,21
15,8,15,9,25,11,12,22,7,8,17,16,22,20,25,10,20,8,19,24,4,16,9,6,14,23,21,16,12,18,10,16,19,25,16,21,13,17,11,10,19,21,19,18,22,13,20,0,25,3,9,8,6,23,21,17,24,22,8,20,23,18,24,12,20,16,7,9,8,21,25,25,23,11,23,2,16,19,12,14,19,24,23,19,10,7,20,2,20,12,21,16,24,5,6,10,21,22,12,21,6,21,21,5,8,6,13,22,16,18,4,13,13,13,18,24,17,17,16,17,16,21,14,12,21,14,18,18,8,10,6,24,22,19,17
18,24,19,26,6,26,28,3,24,23,13,16,2,6,4,18,6,26,6,3,23,19,24,25,18,4,5,15,21,20,23,16,12,6,19,5,18,23,24,24,12,9,6,15,11,28,26,23,0,20,22,23,24,4,5,16,6,4,20,14,6,11,3,18,7,16,22,22,22,3,7,4,2,21,8,22,15,25,28,17,25,4,4,10,26,25,6,23,5,27,4,18,4,21,24,23,12,7,16,13,25,23,25,22,20,22,15,12,10,12,24,17,16,28,13,3,11,16,19,23,17,9,17,15,12,17,24,13,21,24,25,4,4,9,14
13,7,13,9,23,10,11,19,8,7,15,14,20,17,23,8,17,8,16,22,5,14,8,7,13,20,19,13,10,16,9,13,17,22,14,19,11,14,10,9,16,18,17,15,19,12,18,5,22,0,7,7,6,21,18,15,22,20,7,18,21,16,21,10,18,15,6,6,6,18,23,22,21,9,22,4,14,17,11,11,17,22,20,16,9,7,17,5,18,11,18,13,22,3,6,8,18,20,10,19,7,19,18,5,6,5,10,19,14,15,6,11,11,12,15,22,14,15,13,14,14,18,11,10,19,12,15,15,7,9,8,21,19,16,14
8,13,8,13,22,11,12,22,8,10,13,12,22,20,22,7,20,11,19,23,8,11,11,10,7,22,21,11,5,11,3,11,13,20,9,21,8,16,13,12,16,18,19,15,16,13,19,9,22,9,0,10,7,20,20,11,19,22,8,14,19,15,23,6,19,10,4,2,10,21,21,20,23,4,20,9,11,19,14,10,18,20,23,15,10,11,20,9,20,13,20,10,21,8,11,2,17,18,8,15,7,21,20,11,8,10,12,22,16,12,7,12,9,14,14,23,17,11,11,16,11,15,10,10,16,8,17,13,9,12,5,23,22,18,17
15,7,16,11,27,14,16,23,12,2,19,17,24,21,26,11,21,11,20,26,10,17,12,11,15,24,22,17,12,19,11,17,20,26,17,23,14,18,6,4,20,22,21,19,22,16,21,9,26,6,10,0,11,24,22,18,25,24,5,21,24,19,25,13,22,17,8,9,2,22,27,26,25,12,25,8,17,21,15,15,20,26,24,20,14,11,21,9,21,16,22,16,26,6,9,10,22,24,14,22,11,23,21,9,6,9,14,23,18,19,10,15,15,16,19,25,18,18,17,18,17,22,15,13,22,15,19,19,4,4,11,25,23,20,18
13,9,13,7,26,8,10,22,4,10,18,17,23,20,26,11,20,7,19,25,3,17,7,6,13,23,22,16,10,17,9,17,19,24,14,22,14,17,12,12,19,21,20,18,21,11,21,5,25,6,9,10,0,24,21,16,23,23,10,19,23,19,24,13,21,14,7,8,10,21,25,24,24,10,22,5,17,20,10,14,20,24,23,19,8,6,20,5,21,10,21,16,25,7,7,9,21,23,13,20,4,22,21,6,9,4,13,22,17,18,3,14,14,11,19,25,18,17,17,17,17,21,14,13,20,13,18,18,10,12,6,24,22,20,17
16,24,17,24,6,24,25,6,22,22,10,14,4,6,4,17,6,25,6,6,22,18,21,23,16,6,5,12,18,17,21,13,9,6,16,7,15,22,24,24,9,7,6,13,9,25,25,22,4,20,19,22,23,0,5,13,5,6,19,11,3,9,6,16,4,13,22,21,21,4,7,4,5,18,5,22,13,25,25,16,24,4,6,8,23,24,7,22,5,24,5,16,4,20,23,20,9,4,15,10,23,22,25,22,19,22,14,11,9,9,23,16,14,25,10,6,10,14,16,22,15,6,15,15,9,15,23,11,20,24,23,7,7,8,13
18,22,19,24,7,26,27,3,24,21,12,15,4,2,6,16,3,24,3,6,21,17,23,23,18,4,4,13,21,20,22,14,12,7,19,2,18,21,22,23,9,8,3,13,11,27,24,21,7,18,21,21,22,6,0,16,7,4,18,13,8,9,5,18,6,16,20,20,20,2,8,7,5,21,10,20,14,23,26,15,23,7,4,8,25,23,2,21,3,26,2,17,6,19,22,21,10,8,14,12,23,21,23,20,18,20,13,10,8,12,22,15,15,27,11,5,8,16,17,21,16,9,15,13,11,18,22,12,19,22,23,5,3,6,12
7,19,6,16,15,16,17,15,14,17,8,8,15,15,15,10,15,17,14,16,16,11,13,16,7,16,14,8,8,7,11,6,7,13,5,16,6,19,19,19,11,13,14,11,10,17,22,17,15,15,10,17,15,14,15,0,12,16,14,6,12,10,16,7,14,4,13,11,16,14,14,14,16,8,11,17,7,21,17,9,21,14,16,10,15,16,15,17,14,16,14,7,15,16,18,11,12,12,7,9,15,23,23,17,14,16,10,17,15,7,15,11,7,17,9,16,12,3,7,19,8,10,9,9,10,5,20,8,15,19,14,16,16,13,15
16,25,17,24,4,24,25,6,22,24,12,16,5,8,4,19,8,25,8,6,24,20,21,24,16,5,8,14,20,18,22,15,10,3,17,7,16,24,25,26,12,9,8,15,9,26,27,24,4,22,20,24,23,4,7,14,0,5,21,11,4,12,5,17,8,14,23,22,23,7,4,3,5,19,6,24,14,27,26,18,26,3,5,11,23,24,8,24,8,24,7,17,4,22,25,21,11,6,17,10,23,24,27,24,21,24,16,13,11,10,23,18,15,25,12,5,12,14,17,24,17,7,17,17,9,16,25,13,22,26,24,6,6,10,15
17,24,19,26,4,26,27,3,23,23,13,16,4,4,4,18,5,26,5,3,23,20,23,25,17,1,5,14,21,19,23,16,12,4,19,3,17,23,24,25,11,9,5,14,10,27,26,23,4,20,22,23,24,4,3,15,4,0,20,13,6,10,2,18,8,15,22,22,22,4,5,4,3,21,7,22,16,25,27,17,25,4,2,9,25,25,5,23,5,26,3,18,3,21,24,22,11,7,16,12,25,23,25,23,20,22,15,11,9,12,24,17,16,27,12,3,10,16,19,23,18,9,17,15,11,17,24,14,21,25,25,3,2,8,14
14,8,14,11,24,14,15,20,11,5,16,15,21,18,24,9,18,12,17,23,10,14,12,12,14,21,20,14,11,16,10,14,17,23,14,20,11,15,8,7,17,19,18,16,20,16,19,9,23,6,8,5,10,22,19,16,23,21,0,18,22,17,22,10,19,16,7,8,3,19,24,23,22,10,22,8,14,18,15,12,18,23,21,17,13,12,18,9,19,16,19,14,23,6,9,9,19,21,11,19,10,20,19,9,3,9,11,20,15,16,9,12,12,16,16,23,15,15,14,15,14,19,12,10,20,12,16,16,3,7,9,22,20,17,15
10,22,9,19,12,19,20,12,17,21,7,9,13,12,12,14,12,20,11,14,19,14,16,19,10,13,12,8,11,10,15,8,4,10,8,13,9,22,22,22,9,10,12,10,5,20,25,21,12,19,13,21,18,11,12,7,10,13,18,0,10,9,13,10,11,8,17,15,20,11,11,11,13,12,9,20,8,24,20,12,24,11,13,8,18,19,12,20,12,19,12,10,12,19,21,14,10,10,11,4,18,26,26,21,18,19,12,15,14,4,18,13,9,20,7,13,10,5,11,22,10,7,10,12,5,8,23,7,19,22,17,14,13,11,14
15,24,16,23,5,23,24,7,21,22,10,13,6,7,5,18,7,24,7,7,23,18,20,23,15,6,6,12,18,17,20,13,8,5,15,7,14,23,24,24,10,7,7,13,7,25,26,22,5,20,19,22,22,3,6,13,4,6,20,10,0,9,6,15,5,13,22,20,22,5,5,3,6,18,3,22,12,25,25,16,25,3,7,8,22,23,8,22,6,23,6,15,4,21,24,19,9,3,15,9,22,22,25,22,20,22,14,11,10,8,22,16,13,24,10,6,10,13,15,23,14,5,15,15,8,14,24,10,21,24,23,7,7,8,14
15,20,13,22,13,22,23,9,19,18,5,7,10,8,12,13,7,22,7,12,19,12,22,21,14,10,8,5,15,14,17,8,6,12,13,9,11,19,20,20,2,6,7,6,8,24,22,19,12,16,15,19,20,10,8,12,12,10,16,10,10,0,11,12,8,14,17,15,18,8,13,12,11,15,11,18,7,22,24,10,21,12,10,2,21,21,8,19,7,24,8,11,12,17,20,16,4,10,9,8,21,21,23,18,16,18,9,8,7,6,20,11,7,25,3,11,3,11,11,19,10,6,9,11,8,11,20,6,17,20,19,11,9,5,9
19,25,20,27,6,27,28,4,25,23,14,17,2,6,5,19,6,27,7,4,24,20,24,26,19,4,5,15,22,21,24,16,12,7,19,6,18,24,25,25,12,10,7,16,12,28,27,23,2,21,22,23,25,4,5,17,6,4,21,14,6,12,0,19,8,17,23,23,23,4,7,5,2,22,8,23,16,26,29,18,26,5,5,11,26,26,7,23,6,27,5,19,4,22,24,23,12,7,16,13,26,23,26,23,21,23,15,12,10,12,25,17,17,28,13,3,11,17,19,24,18,9,18,16,12,18,25,14,22,25,25,4,5,9,14
7,13,5,16,18,14,15,18,11,12,8,8,18,16,18,5,16,16,16,19,12,8,13,14,6,18,17,7,6,8,7,6,9,16,6,18,3,13,13,14,11,14,16,11,12,16,17,12,18,10,6,12,12,16,17,7,15,19,9,10,15,11,19,0,15,7,8,6,11,17,17,16,19,5,16,12,6,16,16,7,16,16,19,11,13,15,17,12,16,16,17,6,17,10,13,7,13,14,5,11,12,18,17,12,9,12,8,17,13,8,11,9,5,17,9,19,12,7,6,14,6,11,7,6,12,4,15,8,10,13,10,19,18,14,13
15,23,16,24,9,23,25,7,21,21,10,13,7,7,8,17,5,25,6,9,21,17,21,23,15,8,6,11,18,17,21,12,9,8,16,7,15,21,23,23,7,5,6,11,8,25,24,21,8,19,19,21,23,6,6,13,8,8,18,11,6,7,9,16,0,13,21,21,20,5,9,8,8,18,7,21,12,24,25,15,24,7,8,6,23,23,7,21,5,24,6,15,8,19,22,20,7,5,14,10,23,21,24,21,18,21,13,10,8,9,22,15,13,25,9,9,8,14,15,21,14,6,14,14,9,15,23,10,19,23,23,9,7,6,12
6,20,7,15,16,15,16,16,13,19,12,12,17,16,16,13,16,16,15,18,15,14,12,15,5,17,16,12,9,7,12,10,11,14,7,17,9,21,20,21,15,17,16,15,11,16,25,17,17,16,11,19,14,15,16,6,14,17,17,8,14,14,17,8,15,0,14,13,19,15,15,15,17,9,12,16,11,24,16,12,24,15,17,14,14,15,16,16,16,15,16,10,16,17,17,12,16,14,11,10,14,26,25,17,16,15,13,20,18,10,14,14,10,16,12,18,16,7,10,21,11,13,12,13,11,7,22,12,18,21,14,18,17,17,19
11,10,11,12,25,12,13,21,7,8,16,15,22,19,24,9,19,10,18,24,7,14,11,9,11,22,20,14,8,15,7,14,16,23,12,21,11,16,11,10,18,20,19,17,19,14,19,7,24,6,5,8,6,22,20,14,22,22,8,17,22,17,23,9,20,13,0,4,8,20,24,23,23,7,23,7,14,19,14,13,18,23,22,18,11,9,19,7,19,14,20,13,23,6,10,6,20,21,11,18,6,21,20,10,8,9,12,21,16,15,6,12,12,15,17,23,16,14,14,16,14,18,13,11,18,11,17,16,8,10,4,23,21,18,16
9,11,9,13,23,13,14,22,9,9,14,13,22,20,23,7,20,12,19,24,8,12,12,11,9,23,21,12,6,13,5,12,14,21,10,21,8,17,12,11,17,19,19,16,16,15,20,9,23,8,3,9,8,20,21,12,20,22,8,15,20,16,24,7,20,11,3,0,8,21,21,21,23,5,21,9,12,19,15,11,19,21,23,16,12,11,20,9,20,15,20,11,22,7,11,4,18,19,9,16,7,21,21,10,8,10,13,22,16,13,7,13,10,16,14,24,17,12,12,17,12,16,11,10,16,9,18,14,9,11,5,24,22,19,17
15,8,16,11,26,14,16,23,12,3,18,17,23,21,26,11,21,12,20,26,10,17,12,12,15,24,22,17,12,19,11,17,20,26,17,23,14,18,6,4,20,22,20,19,22,16,21,9,26,6,10,3,11,24,22,18,25,23,4,21,24,19,25,13,21,17,8,9,0,22,27,26,24,12,25,8,17,20,15,15,20,25,24,20,14,11,21,9,21,16,22,16,25,6,9,10,22,23,13,22,11,22,22,9,6,9,14,23,18,18,10,14,14,16,19,25,18,18,17,18,17,22,15,13,22,15,19,19,4,5,11,25,23,20,18
16,22,17,24,7,24,25,2,22,20,12,15,3,3,6,16,3,24,4,5,20,17,21,23,16,4,2,13,20,18,21,14,10,7,17,3,16,20,22,22,9,6,4,13,9,26,23,20,5,18,20,20,22,5,2,14,7,4,17,12,6,9,4,17,4,14,20,20,19,0,8,6,3,20,8,20,14,23,26,14,23,6,4,8,23,23,4,20,3,25,2,17,5,18,21,21,9,6,13,10,23,20,23,20,17,20,12,9,7,10,21,14,14,26,11,4,8,15,17,20,16,7,14,13,10,16,22,12,18,22,22,5,3,6,11
17,27,18,26,5,25,26,7,23,25,14,17,6,8,5,20,8,27,9,6,25,21,22,25,17,5,9,15,21,19,23,16,12,4,18,7,17,25,27,27,13,11,8,16,10,27,28,25,6,23,21,25,24,6,7,15,3,5,22,13,5,13,6,18,9,15,24,23,24,7,0,4,6,21,6,25,16,28,27,19,27,4,6,12,24,25,9,25,8,26,7,18,5,23,26,22,13,7,18,11,24,25,28,25,22,25,17,14,12,11,24,19,16,27,13,6,13,15,18,25,18,8,18,18,10,17,26,14,23,27,25,6,6,11,16
17,25,18,25,4,25,26,4,23,24,12,16,3,6,2,19,7,26,7,4,24,20,22,25,17,4,6,14,20,18,22,15,10,4,18,6,16,24,25,26,11,9,7,15,9,26,27,24,2,21,21,24,24,2,5,14,4,4,21,12,4,11,3,17,6,15,23,22,23,5,5,0,3,20,6,23,15,26,26,18,26,3,4,10,24,25,7,24,6,25,5,17,1,22,25,21,11,6,17,11,24,24,26,23,21,23,16,13,11,10,24,18,15,26,12,3,12,15,18,24,17,7,17,16,10,16,25,13,22,25,24,5,5,10,15
18,24,19,26,4,26,27,2,24,22,13,17,3,5,3,18,5,26,6,2,23,19,23,25,18,2,4,15,21,19,23,16,12,5,19,4,18,23,24,24,11,9,5,15,10,27,26,22,3,20,22,22,24,4,4,15,4,2,20,13,6,11,1,18,7,16,22,22,22,3,5,4,0,21,7,22,16,25,27,17,25,4,3,10,25,25,6,22,5,26,3,18,2,21,23,23,11,7,15,12,25,22,25,22,20,22,14,11,9,12,24,16,16,27,13,2,10,16,19,23,18,9,17,15,11,17,24,14,21,24,24,3,3,8,13
6,15,6,14,21,11,12,21,8,12,13,12,20,20,21,7,19,14,19,22,11,12,10,13,6,21,20,12,2,10,5,10,12,19,7,21,8,16,15,14,15,17,20,15,14,13,20,12,21,11,4,12,9,19,20,9,18,21,10,12,18,14,22,6,18,8,7,5,12,19,19,19,21,0,18,12,11,19,13,10,19,19,22,14,10,13,20,12,19,13,20,10,20,10,14,4,16,17,9,14,9,21,20,13,10,12,13,21,17,11,9,13,10,14,13,22,16,10,10,16,11,14,10,10,14,7,18,12,11,14,8,22,21,17,17
14,24,16,23,7,22,24,8,20,23,11,14,7,8,7,18,8,24,7,9,23,18,20,22,14,8,7,13,18,16,21,13,9,5,15,9,15,23,24,25,11,8,8,13,6,24,26,23,7,20,19,23,22,5,8,12,5,8,20,10,3,11,8,16,7,12,22,21,22,7,5,5,8,18,0,22,13,25,24,17,25,5,8,10,22,22,8,23,8,23,7,16,6,21,24,20,10,4,15,7,22,23,25,22,20,22,15,12,10,9,22,17,14,24,11,8,11,13,16,23,15,6,15,15,7,15,24,11,21,24,22,9,8,9,14
15,8,15,9,26,11,13,22,7,8,18,16,23,20,25,11,20,8,19,25,4,16,9,7,15,23,22,16,12,19,11,16,19,25,16,22,14,17,11,10,19,21,20,18,22,13,21,1,25,4,10,8,6,23,21,18,25,23,9,21,23,19,24,13,21,16,8,9,8,21,26,25,24,12,24,0,17,20,12,14,20,25,23,19,11,7,20,2,20,13,21,16,25,6,7,10,21,23,13,22,6,22,21,5,9,6,13,22,17,18,5,14,14,13,18,25,17,17,16,17,17,21,14,12,22,15,18,18,8,11,7,24,22,19,17
10,18,8,20,15,18,19,14,15,16,4,4,14,13,14,10,12,20,12,16,17,9,18,19,9,15,13,3,10,9,12,3,6,13,8,14,6,17,18,18,7,10,12,7,8,20,20,16,15,14,11,16,17,12,13,7,12,15,14,7,12,7,16,7,11,9,13,11,16,13,13,13,15,10,13,16,0,20,21,7,19,13,15,7,17,19,13,17,12,20,13,5,14,15,18,11,9,11,6,8,17,22,21,16,14,16,8,13,11,5,16,8,4,21,5,16,8,5,6,17,4,8,6,8,8,6,18,4,15,18,15,16,14,10,10
22,21,20,23,26,24,25,22,22,19,21,19,23,20,26,14,20,23,20,25,19,19,22,21,21,23,22,19,20,23,20,19,23,25,20,22,18,6,21,21,22,22,20,21,25,26,6,19,25,17,19,19,20,23,21,22,24,23,16,24,23,22,24,17,21,22,19,18,18,21,26,25,24,20,24,19,20,0,25,17,5,25,23,21,23,22,21,19,21,25,21,20,25,17,20,19,24,23,16,26,21,4,6,19,16,19,16,18,20,22,20,17,17,26,21,25,20,21,20,13,20,23,17,15,26,18,4,21,17,21,21,24,22,21,20
13,14,14,10,24,4,4,24,8,15,20,19,24,24,24,14,24,11,23,25,10,19,5,9,14,24,23,19,12,16,11,18,20,22,15,25,16,22,15,16,23,25,23,23,19,2,25,11,24,11,12,15,9,23,24,16,21,25,14,17,21,23,25,15,23,12,12,13,14,23,23,23,25,12,20,11,19,25,0,17,24,23,25,22,5,9,24,11,23,3,23,18,23,12,12,11,24,21,16,18,9,27,26,11,14,9,18,27,22,19,9,19,17,3,21,25,22,16,19,22,19,21,17,17,19,15,23,20,14,17,11,25,25,24,22
12,14,10,16,18,17,18,14,14,12,7,6,15,12,18,7,12,16,11,17,13,6,16,15,11,15,14,6,11,11,11,8,10,17,9,14,7,13,14,14,10,13,12,9,13,19,16,12,17,10,10,13,14,16,13,10,17,15,10,12,16,9,16,7,13,11,11,10,12,13,18,17,16,11,17,12,7,16,18,0,15,17,15,10,16,15,12,13,13,19,13,8,17,11,14,11,12,15,3,13,15,18,17,12,10,12,3,14,9,9,14,3,4,19,9,17,9,9,8,13,6,12,4,3,13,8,14,8,11,14,13,16,14,12,9
22,20,19,21,28,23,25,24,21,18,20,19,24,22,27,14,22,22,21,27,19,18,21,21,20,25,23,18,20,22,19,19,23,27,20,24,17,8,20,20,21,23,22,21,25,25,4,18,27,16,18,18,20,25,23,21,26,25,16,24,25,21,26,16,22,21,18,18,18,23,27,26,25,19,26,18,19,5,24,16,0,26,25,21,23,21,22,18,22,25,23,19,26,17,20,19,23,24,15,25,21,7,2,18,16,18,16,21,19,21,20,16,16,25,21,26,20,21,20,13,19,25,16,14,25,18,2,20,17,20,20,26,24,22,20
16,25,17,24,4,24,25,6,22,24,12,15,4,8,3,19,8,25,9,5,24,19,21,24,16,5,7,13,19,18,21,14,10,4,17,7,16,24,25,26,11,9,8,14,8,25,27,24,4,21,20,24,23,4,7,14,3,5,21,11,4,11,5,16,7,14,23,21,23,6,5,2,4,19,5,23,14,26,26,17,26,0,6,10,23,24,9,24,8,24,7,16,3,22,25,21,11,5,16,10,23,24,26,24,21,23,16,13,11,10,23,18,15,25,11,5,12,14,17,24,16,7,16,17,9,15,25,12,22,26,24,6,6,10,15
18,24,19,26,5,26,27,4,24,22,14,16,5,5,5,18,5,26,5,4,23,19,23,25,18,2,5,14,22,20,24,16,12,6,19,4,18,23,24,24,11,9,5,15,11,28,26,23,5,20,22,23,24,6,4,16,5,2,20,13,7,11,4,19,8,16,22,22,22,4,7,5,4,22,8,22,16,25,28,17,25,5,0,10,25,25,5,23,5,27,4,19,4,21,24,23,11,8,16,12,25,23,25,22,20,22,15,11,10,12,24,17,16,27,12,4,10,16,19,23,18,9,17,15,11,18,24,14,21,24,25,4,3,8,14
15,20,13,22,13,22,23,9,19,18,5,7,10,8,12,13,7,22,7,12,19,12,22,21,14,10,8,5,15,14,17,8,6,12,13,9,11,19,20,20,2,6,7,6,8,24,22,18,12,16,15,19,20,10,8,12,11,10,16,10,10,2,11,12,7,14,17,15,18,8,13,11,11,15,11,18,7,22,24,10,21,11,10,0,21,21,8,19,7,24,8,11,11,17,20,16,4,9,9,8,21,21,23,18,16,18,9,8,6,5,20,11,7,25,3,11,3,10,11,19,10,6,9,10,8,11,20,6,17,20,19,11,9,5,9
12,14,13,9,23,1,4,23,7,14,19,18,23,23,23,13,23,10,22,24,9,18,4,8,13,23,22,18,11,15,10,17,19,21,14,24,15,21,14,16,22,24,22,22,18,4,25,11,23,10,11,14,8,22,23,15,20,24,14,16,20,22,24,14,22,11,11,12,13,22,22,22,24,11,19,10,18,24,4,16,24,22,24,21,0,9,23,10,22,4,22,17,22,11,11,10,23,20,15,17,8,26,25,11,13,9,17,26,21,18,8,18,16,5,20,24,21,15,18,21,18,20,16,16,18,14,22,19,13,16,10,24,24,23,21
16,7,17,3,26,11,12,23,8,11,19,18,24,21,26,12,21,3,20,26,4,17,8,2,16,24,23,17,14,19,13,17,20,24,17,23,15,18,11,13,20,22,21,19,21,12,22,7,26,7,11,11,7,25,22,18,24,24,11,20,24,20,25,14,22,15,10,10,10,22,25,25,25,13,22,7,18,21,12,15,21,25,24,20,10,0,21,7,21,12,22,17,26,8,5,12,22,24,14,20,8,23,22,8,10,5,14,23,18,19,7,15,15,13,19,26,18,19,17,18,18,22,15,13,21,16,19,19,10,13,9,25,23,20,18
19,23,20,25,8,26,27,4,24,21,12,15,6,2,8,16,4,24,3,7,21,18,24,23,19,5,5,13,22,21,22,15,13,8,20,3,18,21,22,23,10,8,4,13,12,28,24,21,8,19,21,21,22,8,2,17,8,5,18,14,9,9,6,19,7,17,21,20,20,4,9,8,6,22,11,21,15,24,27,15,23,8,5,8,25,23,0,21,4,27,3,18,7,19,22,21,10,9,14,13,23,21,24,21,18,21,13,10,8,12,22,15,15,28,11,7,9,17,18,21,17,10,15,14,12,18,22,13,19,23,23,6,4,7,12
15,8,15,9,26,11,12,22,7,8,17,16,22,20,25,10,20,8,19,25,4,16,10,6,14,23,21,16,12,18,10,16,19,25,16,22,13,17,11,10,19,21,19,18,22,13,20,2,25,4,9,8,6,23,21,18,24,23,9,20,23,18,24,12,21,16,7,9,8,21,26,25,24,11,24,2,16,20,12,14,19,25,23,19,10,7,20,0,20,13,21,16,24,6,7,10,21,23,12,21,6,22,21,5,8,6,13,22,17,18,4,13,13,13,18,24,17,17,16,17,16,21,14,12,22,14,18,18,8,11,6,24,22,19,17
16,21,17,23,7,24,25,3,22,20,11,14,4,3,7,15,3,23,3,6,20,16,21,22,16,5,2,12,19,17,21,14,10,8,17,4,16,20,21,22,9,6,3,12,9,25,23,20,7,17,20,20,21,5,3,13,7,4,17,11,6,8,6,16,4,14,19,19,19,3,8,7,5,19,8,19,14,22,25,14,22,7,5,7,23,22,4,20,0,24,2,16,6,18,21,20,9,6,13,10,22,20,22,19,17,19,12,9,7,10,21,14,14,25,10,6,8,14,17,20,16,7,14,12,9,16,21,12,18,21,22,6,4,6,11
14,15,15,11,25,3,5,25,9,15,21,20,25,24,25,15,24,12,24,26,10,19,6,10,14,25,24,20,13,17,12,19,20,23,16,26,17,22,16,17,24,26,24,24,20,2,26,12,25,11,13,15,10,24,24,16,22,25,15,18,22,23,26,16,23,13,13,14,15,23,24,23,26,12,21,12,20,25,3,18,25,23,26,23,4,10,25,12,24,0,24,19,24,12,13,12,25,22,17,19,10,27,26,12,14,10,18,27,22,20,10,19,18,2,22,26,23,17,19,22,20,21,18,18,19,15,24,21,15,17,12,26,26,25,22
18,23,19,25,7,26,27,3,24,22,12,15,4,3,7,17,4,25,4,6,22,18,23,24,18,4,3,13,21,19,23,15,12,8,19,4,18,22,23,24,10,8,4,13,11,27,25,22,7,19,22,22,23,6,2,16,7,4,19,13,8,9,6,18,6,16,21,21,21,2,8,7,5,21,10,21,15,24,27,16,24,7,5,8,25,24,4,22,4,26,0,18,6,20,23,22,10,8,15,12,24,22,24,21,19,21,14,10,8,12,23,16,15,27,11,6,9,16,18,22,17,9,16,14,11,18,23,13,20,23,24,6,4,7,13
10,17,8,19,17,17,19,16,15,15,6,5,16,14,17,9,14,19,14,18,16,7,17,18,9,17,15,5,10,9,12,4,8,15,8,16,6,15,17,17,9,12,14,8,10,20,19,15,17,13,11,15,16,15,15,7,14,16,13,9,14,8,18,6,14,9,12,11,14,15,16,15,17,10,15,15,4,18,20,5,18,15,17,9,17,18,15,15,14,19,15,0,16,14,16,11,11,13,4,10,16,20,19,15,12,15,6,15,12,7,15,7,3,20,7,18,10,6,1,15,4,10,5,6,10,6,16,6,13,17,14,18,16,12,12
17,25,18,25,3,25,26,4,23,24,13,16,3,6,2,19,6,26,6,3,24,20,22,24,17,3,6,15,20,18,22,15,11,4,18,5,17,24,25,26,12,9,6,15,9,26,27,24,3,22,21,24,24,3,5,14,3,3,21,12,5,12,3,17,7,14,24,22,23,5,4,3,3,20,6,24,15,27,26,18,26,3,3,10,24,25,6,24,6,25,5,17,0,22,25,22,11,6,17,11,24,24,27,24,21,24,16,12,11,11,24,18,16,26,12,3,11,15,18,24,17,8,17,17,10,16,25,13,22,26,24,4,4,9,15
13,8,14,9,23,11,12,20,9,7,15,14,20,18,23,8,18,9,17,22,6,14,9,8,13,21,19,14,10,16,9,14,17,23,14,19,11,15,10,9,16,19,17,16,20,12,18,5,23,2,8,7,7,21,19,15,22,20,7,18,21,16,22,10,18,15,6,7,7,19,23,22,21,10,22,5,14,17,11,12,17,22,21,17,10,8,18,5,18,12,19,13,22,0,7,8,19,20,10,19,7,19,19,5,6,5,11,20,14,16,7,11,11,12,16,22,15,15,14,15,14,19,12,10,19,12,16,16,7,9,8,22,20,17,15
17,4,17,4,27,12,11,24,9,7,19,18,25,22,27,12,22,4,21,27,5,18,10,4,17,25,23,18,14,20,13,18,21,26,18,24,16,19,9,9,21,23,22,20,22,11,22,7,27,6,11,7,8,25,23,19,25,25,9,21,25,20,26,14,23,16,10,10,7,23,26,26,26,13,23,7,19,22,12,16,21,26,25,21,12,4,22,7,22,13,23,18,26,7,0,12,23,25,14,21,9,24,21,7,10,6,15,24,19,20,8,16,16,13,20,26,19,19,18,19,18,23,16,14,22,16,20,20,9,9,10,26,24,21,19
7,12,7,14,21,11,13,21,8,10,12,11,21,19,21,6,19,12,18,23,9,10,11,11,7,22,20,11,4,11,4,10,12,19,8,21,7,15,12,12,15,17,18,15,15,13,19,10,21,9,2,10,8,19,20,10,19,22,8,13,18,15,22,6,18,9,5,3,9,20,20,20,22,3,19,10,11,18,14,9,18,20,22,15,11,11,19,10,19,13,20,10,20,8,12,0,16,18,8,15,8,20,19,11,8,10,12,21,16,11,7,11,9,14,13,22,16,10,10,15,11,14,9,9,15,7,16,12,9,12,6,23,21,18,16
16,22,14,24,12,24,25,9,21,20,6,9,10,8,11,15,7,24,7,12,20,13,22,23,15,10,8,7,16,15,18,9,7,11,14,9,12,20,22,22,3,4,8,7,9,26,24,20,11,18,17,20,22,8,8,13,10,10,17,11,9,3,11,13,6,14,18,17,19,8,12,10,11,16,10,20,8,23,26,12,23,10,10,2,23,23,8,20,7,25,8,11,10,19,21,17,0,8,10,8,22,22,24,20,17,20,11,9,7,6,22,13,9,26,5,12,5,11,12,21,11,7,10,12,8,12,22,7,18,22,20,11,9,5,11
14,24,15,23,6,22,23,7,20,22,10,14,6,8,6,18,7,24,7,8,22,18,20,22,14,7,6,12,18,16,20,13,8,4,15,8,14,23,24,24,10,7,7,13,6,24,26,22,6,20,19,22,21,4,7,12,4,7,20,10,2,10,7,15,6,12,22,20,22,6,5,4,7,18,2,22,13,25,24,16,25,4,7,9,22,22,8,22,7,23,6,15,5,21,24,19,9,0,15,8,22,22,25,22,20,22,14,11,9,8,21,16,14,24,10,7,10,13,16,23,15,5,15,15,7,14,24,11,21,24,22,8,7,8,13
10,14,8,16,18,14,16,14,11,12,6,5,15,12,18,6,12,16,11,17,13,5,14,15,8,15,14,5,9,9,9,5,9,16,7,14,5,12,14,14,9,13,12,9,12,16,16,12,18,10,8,12,13,16,13,8,15,15,10,11,15,9,16,5,13,9,9,7,12,13,17,17,16,8,16,12,6,15,17,2,15,16,15,9,14,15,13,12,13,16,13,6,17,11,14,8,11,14,0,11,13,17,16,12,9,12,5,14,9,8,12,5,3,17,8,17,10,8,7,12,6,11,2,2,12,6,14,7,11,14,11,16,14,12,9
10,23,11,19,12,18,20,12,16,22,8,11,12,12,12,15,12,20,11,13,19,15,16,18,10,12,11,9,14,12,17,10,5,10,10,13,11,23,24,24,9,10,11,11,3,20,26,20,12,20,15,22,18,11,12,8,9,12,19,4,9,8,13,12,10,8,18,17,21,11,11,10,13,14,8,20,10,26,20,13,25,10,13,8,18,18,12,20,11,19,11,12,11,21,21,16,10,9,12,0,18,26,27,20,19,18,14,15,13,5,18,14,10,20,8,13,10,8,12,23,12,6,12,14,3,10,24,9,20,24,18,13,13,10,15
12,10,13,8,25,8,9,24,3,11,18,17,24,21,26,12,21,8,21,26,5,16,7,7,12,24,23,17,10,16,8,16,18,23,14,23,14,18,14,13,20,22,21,20,20,10,22,6,26,7,9,11,2,24,22,16,23,24,11,19,23,20,26,13,22,14,6,8,10,23,24,24,25,9,21,6,17,21,10,15,21,24,25,20,7,7,22,6,22,10,22,16,25,8,8,8,22,23,14,19,0,23,22,7,10,5,15,23,18,17,2,15,15,11,19,26,19,16,17,18,17,20,15,14,20,13,20,18,10,13,5,26,24,21,18
25,23,23,25,24,27,28,20,24,21,23,22,21,18,23,17,18,25,17,23,22,21,25,24,24,21,19,22,23,25,23,22,24,23,23,20,20,10,23,23,20,19,18,24,23,28,10,21,23,19,21,22,23,21,19,24,22,21,19,25,21,20,22,19,19,24,21,21,21,19,24,23,22,22,22,21,22,5,27,19,8,23,21,19,26,24,18,22,18,28,19,22,23,20,23,22,22,21,18,24,24,0,9,21,19,21,19,16,18,23,23,19,19,28,22,23,19,24,23,14,22,21,20,18,23,21,7,23,20,23,23,22,20,19,23
23,21,21,21,28,25,26,24,23,20,22,20,24,22,27,15,22,23,21,27,20,20,23,22,22,25,23,20,21,23,21,20,24,27,21,24,19,8,21,22,23,23,22,22,27,27,3,20,27,18,20,20,21,25,23,23,26,25,17,25,25,23,26,18,22,23,20,19,19,23,27,26,25,20,26,20,21,6,26,18,2,26,25,23,24,22,22,20,22,26,23,21,27,18,21,20,25,24,17,27,22,8,0,20,17,20,17,21,21,23,21,18,18,27,22,26,21,22,21,14,20,25,18,16,27,19,4,22,18,22,22,26,24,22,21
16,8,16,9,26,11,12,22,9,9,17,16,23,20,25,10,20,9,19,25,5,16,9,8,15,23,21,16,12,18,12,16,19,25,16,22,14,17,11,11,19,21,20,18,22,13,20,5,25,5,10,9,7,23,21,18,24,23,9,20,23,18,24,12,21,16,8,9,9,21,26,25,24,12,23,5,17,20,11,14,19,25,23,19,10,8,20,5,20,12,21,16,24,7,6,11,21,23,12,21,8,22,21,0,9,5,13,22,17,18,6,13,14,12,18,24,17,17,16,17,16,21,14,12,22,14,18,18,9,11,9,24,22,19,17
14,9,14,12,24,14,16,20,11,6,15,14,21,18,23,8,18,13,17,23,10,14,12,12,14,21,19,14,11,16,10,14,17,23,14,20,11,15,9,8,17,19,18,16,19,16,18,9,23,7,8,6,10,21,19,15,22,21,3,18,21,16,22,10,19,16,7,8,5,19,24,23,22,10,22,9,14,18,15,12,17,23,21,17,14,12,18,9,18,16,19,13,22,6,10,9,19,21,10,19,10,20,19,9,0,9,11,20,15,16,9,11,12,16,16,22,15,15,14,15,14,19,12,10,19,12,16,16,4,8,10,22,20,17,15
15,7,16,6,25,10,11,22,7,9,17,16,22,20,25,10,20,5,19,24,3,16,8,3,15,23,21,16,12,18,11,16,19,24,16,21,13,17,11,11,19,21,19,18,21,11,20,5,25,5,10,9,5,23,21,17,23,22,9,19,23,18,24,12,20,14,8,9,9,21,25,25,23,12,22,5,16,19,10,14,19,24,23,19,9,3,20,5,20,11,21,16,24,6,4,10,21,22,12,20,6,21,21,6,8,0,13,22,16,18,5,13,13,11,18,24,17,17,16,17,16,21,14,12,21,14,18,18,9,12,8,24,22,19,17
13,14,11,16,17,18,19,14,16,13,8,7,14,12,17,8,12,16,11,16,13,7,16,15,11,14,13,7,13,12,13,8,11,17,10,13,8,13,14,15,9,12,11,8,14,20,17,13,17,10,12,13,14,15,12,11,16,14,10,13,15,9,16,8,12,12,12,12,12,13,17,16,15,12,16,12,8,16,18,6,16,16,15,9,17,15,12,13,12,19,12,9,16,11,14,12,11,14,5,13,15,18,17,13,10,12,0,14,8,10,14,5,4,19,8,16,9,10,9,13,7,12,5,4,14,9,14,9,11,15,15,16,14,11,9
21,23,20,25,15,26,27,11,24,21,12,15,12,9,15,17,9,25,8,14,22,18,24,24,21,12,11,13,22,21,22,15,13,14,20,11,18,22,23,23,10,10,9,13,14,28,23,21,14,19,21,21,23,13,10,19,14,12,19,17,13,9,13,19,10,19,21,21,20,10,15,14,13,22,13,21,15,21,27,16,22,14,12,8,25,24,9,21,9,28,10,18,14,20,22,22,12,12,14,14,24,18,23,21,18,21,13,0,8,12,23,15,15,28,11,14,9,17,18,22,17,12,16,14,15,18,22,13,19,23,23,13,11,8,12
17,17,15,19,11,20,21,8,18,15,7,10,8,5,11,11,5,19,5,10,16,12,18,18,16,8,7,8,16,16,16,11,10,10,15,7,13,16,17,17,6,6,5,8,10,22,19,15,11,13,15,15,17,9,6,15,10,8,12,13,9,5,10,13,6,15,15,15,14,6,11,10,9,16,10,15,10,18,21,10,18,10,9,5,19,18,6,15,6,22,6,13,10,14,16,16,9,8,8,12,18,20,20,15,12,15,7,7,0,9,17,9,9,22,6,10,4,13,14,16,12,8,10,8,11,13,17,9,13,17,17,9,8,5,6
12,21,10,21,11,20,21,11,17,19,4,7,11,10,11,12,9,22,9,13,19,11,18,21,10,12,10,6,12,11,14,6,3,9,9,11,8,19,21,21,5,7,10,6,5,22,23,19,11,17,12,19,18,9,10,9,9,12,16,7,8,5,12,9,8,10,15,14,18,10,10,10,12,11,9,19,6,22,22,10,22,9,12,4,19,21,10,19,9,21,10,9,10,17,20,13,6,7,8,4,18,24,23,19,16,19,10,11,10,0,18,11,7,22,4,12,6,7,9,20,8,4,8,10,5,8,21,4,17,21,16,13,12,7,12
11,9,12,8,25,8,9,22,4,9,17,16,23,20,25,10,20,7,19,25,3,15,8,6,11,23,22,15,8,15,7,15,17,23,13,22,12,17,12,11,19,21,20,18,20,10,21,5,25,5,7,9,3,23,21,15,23,23,9,18,23,19,24,11,21,13,5,6,9,21,24,24,24,8,21,4,16,20,11,13,20,24,23,19,7,6,20,5,20,10,21,15,25,6,7,7,21,23,12,19,3,22,21,6,9,5,13,22,17,16,0,14,13,11,18,25,17,15,15,17,15,19,14,12,20,12,18,17,9,11,3,24,22,19,17
13,16,11,19,20,18,20,17,16,15,9,8,17,15,20,10,15,18,14,19,15,7,18,17,12,18,16,7,13,12,13,9,12,18,11,16,8,15,16,17,12,15,14,11,14,20,19,15,20,13,12,15,16,18,16,11,18,17,12,13,17,11,19,9,15,13,13,12,14,16,19,19,18,12,18,15,8,18,21,6,18,19,18,12,18,17,15,15,15,20,16,9,19,13,16,12,14,17,5,14,17,20,19,15,12,15,6,17,11,10,16,0,5,21,10,19,12,11,9,15,8,13,5,5,14,9,16,9,13,17,15,19,17,14,12
10,14,8,16,17,16,17,15,13,13,5,4,15,12,17,7,12,16,12,17,13,5,16,15,9,15,14,4,10,9,11,5,8,15,8,14,6,13,14,15,8,12,12,7,10,18,17,13,17,10,9,13,14,15,13,8,14,15,10,10,14,8,17,6,13,10,11,9,12,14,16,15,16,10,15,12,4,16,18,4,16,15,16,8,15,15,13,13,13,18,13,6,16,11,14,10,10,13,3,10,15,18,17,12,10,12,4,14,9,7,14,5,0,19,6,17,9,8,7,13,4,10,3,4,10,6,14,6,11,14,13,16,15,11,9
13,15,15,10,24,3,4,24,8,15,21,19,24,24,24,14,24,11,23,25,10,19,5,10,14,25,23,19,12,16,11,18,20,22,16,25,16,22,15,17,23,25,23,23,19,2,26,12,24,11,13,15,9,23,24,16,22,25,15,18,21,23,25,15,23,13,13,13,14,23,23,23,25,12,20,11,19,25,2,17,25,23,25,23,4,10,24,12,24,2,23,18,24,12,12,12,24,21,16,18,10,27,26,12,14,10,18,27,22,19,9,19,17,0,21,25,22,16,19,22,19,21,17,17,19,15,23,20,15,17,11,26,25,25,22
13,19,11,21,12,21,22,10,18,18,3,6,11,9,12,12,8,21,8,13,18,11,20,20,12,11,9,4,13,12,15,6,5,11,11,10,9,18,19,20,3,7,9,5,7,23,22,18,12,15,14,18,19,10,9,10,11,11,15,9,9,3,12,10,8,12,16,14,17,10,12,11,12,13,10,17,6,21,23,9,21,11,11,3,20,20,9,18,8,23,9,9,11,16,19,14,5,9,8,7,20,22,22,18,15,17,8,10,8,4,19,10,6,24,0,13,4,9,9,18,8,5,8,10,7,9,19,4,16,20,18,12,10,6,9
18,25,19,26,5,26,27,4,24,24,14,17,4,6,4,19,6,27,6,2,24,20,23,26,18,3,6,16,22,20,24,17,12,5,19,5,18,24,25,25,12,10,6,16,11,28,27,24,4,21,22,24,25,4,5,16,4,3,21,13,6,12,3,19,8,16,23,23,23,4,6,4,3,21,8,23,16,26,28,18,26,4,3,11,25,26,6,24,6,26,5,19,3,22,25,23,12,7,17,12,25,24,26,23,21,23,16,12,11,12,25,18,17,27,14,0,11,16,19,24,18,9,18,16,11,18,25,14,22,25,26,3,4,9,15
16,19,13,21,12,22,23,9,20,17,5,8,10,7,12,12,7,21,6,11,17,12,20,19,14,9,8,6,15,15,17,8,8,12,13,9,12,17,19,19,4,6,7,6,10,24,21,17,12,15,16,17,18,11,7,13,12,9,14,12,11,3,11,12,8,14,17,16,16,8,13,12,10,15,11,17,8,20,23,10,20,12,10,4,21,20,7,17,6,23,7,11,11,15,18,16,6,10,9,9,19,21,21,17,14,17,9,8,5,7,18,11,8,24,4,11,0,11,11,17,10,8,9,10,9,12,18,6,15,19,19,11,9,5,8
7,18,5,17,14,15,17,15,13,16,8,7,15,15,15,9,15,18,14,16,15,10,14,16,6,15,14,7,7,6,10,5,7,12,4,16,5,18,18,18,10,12,14,10,9,17,21,17,15,14,9,16,14,13,15,3,12,15,13,5,12,9,15,6,13,5,12,10,15,13,13,13,15,7,12,16,6,20,18,8,20,13,15,9,15,16,15,17,14,17,14,6,14,15,18,10,11,12,7,8,14,22,22,16,13,16,9,16,14,6,14,10,6,18,8,16,11,0,6,18,7,9,8,8,9,4,19,7,14,18,13,16,16,12,14
10,16,8,18,16,17,18,15,14,15,6,5,16,14,16,8,13,18,13,18,15,7,17,17,9,16,14,4,10,9,12,3,8,14,7,15,6,15,16,17,8,12,14,8,10,19,18,15,16,12,10,15,16,14,14,7,14,16,12,9,13,8,17,6,13,9,12,10,14,15,15,15,17,9,14,14,3,18,20,5,17,15,16,8,16,17,14,15,13,19,14,5,16,13,16,11,10,13,4,10,16,20,19,15,12,15,6,15,11,6,15,7,3,20,7,17,9,6,0,15,3,9,5,5,10,6,16,6,13,17,14,17,15,11,12
19,17,17,19,26,21,22,22,19,16,17,16,23,20,25,11,20,19,19,25,16,16,19,18,18,23,21,16,17,19,17,16,20,25,17,22,14,10,17,18,19,21,19,18,23,22,14,16,25,13,16,16,17,23,21,18,24,23,13,21,23,18,24,14,21,19,15,15,15,21,26,25,24,16,24,15,16,13,21,14,13,25,23,19,20,18,20,16,20,22,21,17,24,14,17,16,21,23,12,22,18,14,14,15,13,15,13,22,17,19,17,13,13,22,18,24,17,18,17,0,16,22,14,12,22,15,11,18,14,17,18,24,22,19,17
10,17,7,19,16,17,19,15,15,15,5,5,16,14,16,9,13,19,13,18,15,7,17,18,8,16,14,4,9,9,11,3,7,14,7,15,6,15,17,17,8,11,14,8,10,19,19,15,16,13,10,15,16,14,14,7,14,16,12,9,13,8,17,6,13,9,12,11,14,15,15,15,17,9,14,15,3,18,20,5,18,15,16,8,17,18,14,15,13,19,14,5,16,13,16,11,10,13,4,10,16,20,19,15,12,15,6,15,12,6,15,7,3,20,7,17,9,6,5,15,0,9,5,6,10,6,16,6,13,17,14,17,15,11,12
14,23,12,23,9,22,23,9,20,22,7,10,8,9,9,15,9,24,8,11,22,14,20,22,13,10,8,9,14,14,16,9,5,7,12,10,11,22,23,24,7,7,8,9,4,24,26,22,9,20,15,22,21,7,9,11,7,10,19,9,6,7,10,11,6,12,18,17,21,7,8,7,10,14,7,22,9,25,24,13,25,7,10,6,21,22,9,22,8,23,8,11,8,20,23,16,7,5,11,6,21,23,26,22,19,22,13,12,10,5,21,14,10,24,6,10,8,9,12,22,11,0,11,13,5,11,24,7,20,24,19,11,10,7,14
11,15,9,17,18,16,17,16,13,14,6,5,16,13,18,7,13,17,13,18,14,5,16,16,9,16,15,5,10,10,10,6,9,16,8,15,6,14,15,16,9,13,13,9,12,18,18,14,18,11,9,14,14,16,14,9,15,16,11,11,15,9,18,6,14,10,11,9,13,15,17,17,17,10,16,13,6,17,18,4,17,16,17,9,15,16,14,14,14,18,14,7,17,12,15,10,11,14,2,11,14,19,18,14,11,13,4,15,10,8,14,4,2,19,8,18,10,8,7,14,5,11,0,4,12,7,15,7,12,16,13,17,16,12,10
12,13,9,15,18,16,17,14,14,11,9,8,15,12,18,6,12,14,11,17,11,7,14,13,10,15,14,7,11,11,11,8,12,17,10,14,7,11,13,13,11,13,12,10,14,18,15,11,17,9,10,11,12,16,13,10,17,15,8,13,16,10,16,7,13,11,11,10,10,13,18,17,16,11,17,11,8,14,17,4,14,17,15,11,15,13,12,11,13,17,13,9,17,9,12,11,13,15,3,14,13,16,15,11,8,11,5,14,9,10,12,5,5,18,10,17,10,10,9,11,8,14,5,0,14,8,12,9,9,13,13,16,14,12,9
12,23,11,21,10,20,22,11,18,22,7,10,11,10,10,15,10,22,9,12,20,14,18,20,12,11,10,9,14,12,16,9,5,8,10,11,11,22,23,24,7,8,10,9,3,22,26,22,11,20,15,22,20,9,10,9,8,11,19,6,8,7,11,12,8,10,18,17,21,9,9,9,11,14,8,22,9,25,22,13,25,9,11,6,20,20,10,22,10,21,10,12,10,20,23,16,8,8,11,3,20,25,26,22,19,20,13,13,12,5,19,14,10,22,6,11,8,8,12,22,11,4,11,13,0,10,23,7,20,24,19,12,11,9,14
5,17,2,16,16,13,14,17,10,15,9,8,16,16,16,8,16,17,15,18,13,10,13,15,3,17,16,8,5,5,8,6,8,14,2,17,4,17,17,17,11,13,16,11,10,15,20,14,17,13,7,15,12,15,16,5,14,17,12,7,14,11,17,4,14,4,10,8,14,15,15,15,17,5,13,14,7,19,16,8,19,15,17,10,12,15,16,14,15,15,16,6,16,13,16,7,12,13,7,10,12,21,21,15,12,14,10,17,15,7,12,10,6,16,9,17,12,5,7,17,7,10,8,8,10,0,18,8,13,17,11,18,18,13,15
20,19,18,21,27,22,23,23,20,17,19,18,24,21,27,12,21,21,20,26,17,17,20,19,19,24,23,17,18,21,18,18,21,26,18,23,16,6,19,19,20,22,21,19,24,24,5,17,26,15,17,17,18,25,22,20,26,24,14,22,25,20,25,15,22,20,17,16,16,22,27,26,25,18,25,17,18,4,23,15,2,26,24,20,21,20,21,17,21,23,22,18,26,15,18,18,22,24,14,24,20,6,4,17,14,17,14,20,18,20,18,15,15,24,19,26,18,19,18,12,18,23,15,13,24,16,0,19,15,19,19,25,23,20,18
11,18,9,20,14,19,20,13,16,16,3,4,13,11,13,10,11,20,10,15,16,8,18,19,10,13,12,3,11,10,13,4,5,12,9,13,7,16,18,18,6,9,11,5,7,21,20,16,14,14,12,16,17,11,11,8,11,13,13,7,11,5,15,8,10,10,13,12,15,12,13,12,14,11,12,16,4,19,21,7,19,12,14,6,18,19,11,16,10,21,11,6,13,14,17,12,8,10,5,7,17,21,20,16,13,16,7,12,10,4,17,8,4,22,4,15,7,6,7,16,6,7,5,7,7,7,18,0,14,18,15,15,13,9,9
15,8,15,11,25,14,15,21,11,4,17,16,22,19,25,10,19,11,18,24,9,16,12,11,15,22,21,15,12,18,11,15,18,24,15,21,13,16,8,6,18,20,19,17,21,15,20,8,24,5,9,4,10,23,20,17,24,22,3,19,23,18,23,11,20,17,8,8,3,20,25,24,23,11,24,8,16,19,14,13,19,24,22,18,13,11,19,8,20,15,20,15,24,5,9,10,20,22,12,21,10,21,20,8,4,8,12,21,16,17,10,13,13,15,18,24,17,16,15,16,15,20,13,12,21,13,17,17,0,6,10,23,21,19,16
18,8,18,12,28,17,18,24,15,4,20,19,25,22,28,13,22,13,21,27,12,19,15,13,18,25,24,18,15,21,14,18,21,27,18,24,16,19,4,6,21,23,22,20,24,19,23,11,27,9,13,4,14,26,23,20,27,25,8,22,26,21,26,14,23,20,11,12,5,23,28,27,26,14,27,11,19,22,18,16,22,27,25,21,16,12,22,11,23,18,23,18,27,9,10,13,23,25,15,24,14,24,23,12,9,12,15,24,19,20,13,16,16,19,21,27,20,19,18,19,18,23,16,15,24,16,20,20,7,0,13,26,24,22,19
11,11,12,10,25,10,11,23,6,10,16,15,23,21,25,9,21,9,20,25,6,15,10,8,11,24,22,15,8,15,6,14,16,23,13,22,11,18,13,12,19,21,20,19,19,12,21,7,25,8,6,10,5,23,22,15,23,23,9,17,22,19,25,10,21,13,3,5,9,22,24,24,24,7,21,7,14,20,13,13,20,24,24,19,9,8,21,7,21,12,22,14,25,8,9,5,21,22,12,19,5,22,22,8,9,7,14,23,17,15,4,14,13,13,17,25,18,14,14,18,14,18,13,13,19,11,19,16,9,12,0,25,23,20,18
18,24,19,26,5,26,27,4,24,23,13,16,4,4,4,18,5,26,5,4,23,20,24,25,18,2,5,14,22,20,24,16,12,5,19,3,18,23,24,25,11,9,5,14,11,28,26,23,5,20,23,23,24,5,3,16,5,2,20,14,6,10,3,19,8,16,22,22,22,4,6,5,4,22,8,22,16,25,28,17,25,5,2,9,25,25,5,23,5,27,3,19,4,21,24,23,11,8,16,12,25,23,25,23,20,22,15,11,9,12,24,17,16,28,12,4,10,17,19,23,18,9,17,15,11,18,24,14,21,25,25,0,2,8,14
18,23,19,25,6,26,27,2,24,22,13,16,4,4,5,17,4,25,5,5,22,19,23,24,18,3,4,14,22,20,23,16,12,6,19,4,18,22,23,24,10,8,5,14,11,27,25,22,5,20,22,22,23,6,3,16,5,3,19,13,7,10,4,19,6,16,22,21,21,3,7,6,5,21,9,21,15,25,28,16,24,5,3,9,25,24,5,22,4,26,3,18,4,20,23,22,11,8,15,12,24,22,24,22,19,22,14,11,9,12,23,16,16,27,12,4,9,17,19,22,17,9,16,15,11,18,23,13,20,24,24,4,0,7,13
17,20,15,22,10,24,25,7,22,19,8,11,7,5,10,14,5,22,4,9,19,15,22,21,16,8,6,9,17,17,20,11,8,10,15,7,14,19,20,21,6,3,5,9,10,25,23,19,10,16,18,19,20,7,6,15,9,7,16,12,8,5,9,15,5,15,18,18,18,6,11,9,8,17,9,18,10,22,24,13,22,9,8,4,23,21,5,19,4,25,6,13,9,17,20,19,5,7,12,10,21,20,22,18,16,18,11,7,5,7,20,13,11,25,7,9,5,12,14,19,12,7,12,11,10,14,20,9,17,20,21,9,7,0,10
17,16,14,18,17,19,21,13,17,14,10,11,14,11,16,10,11,18,10,16,15,11,17,17,15,14,12,9,16,16,15,11,13,16,14,13,12,15,16,16,10,11,10,9,15,21,18,14,16,12,14,14,16,14,12,15,15,14,12,14,14,9,15,12,12,16,14,14,14,12,17,16,15,15,15,14,10,18,20,9,17,16,14,10,19,17,11,14,11,21,12,13,15,13,16,15,12,14,7,15,17,20,19,14,12,14,6,13,8,11,16,8,8,21,9,15,7,14,13,15,11,13,9,7,15,12,16,10,13,16,16,15,13,10,0
