Name: bar-n15-m4-c2-OD0.2
Type: GPDPOD-IMC
Commodity type: 4
Compartment num: 2
CapacityHD: 100
VehicleHDs: 4
CapacityOD: 50
VehicleODs: 0
ID Xc Yc DEMAND StartT EndT SerT PairedID
0,41.3722496,2.1636008,[0, 0, 0, 0],0,240,0,0
1,41.4493932,2.2198353,[14, 6, 2, 19],43,163,10,8
2,41.4487614,2.2160931,[7, 2, 1, 10],117,237,10,9
3,41.3597275,2.0909717,[7, 2, 1, 8],114,234,10,10
4,41.4480155,2.2171536,[7, 2, 1, 12],128,240,10,11
5,41.3783978,2.1277763,[14, 6, 2, 7],42,162,10,12
6,41.3328466,2.0921043,[14, 6, 2, 21],104,224,10,13
7,41.3638313,2.0926901,[14, 6, 2, 18],23,143,10,14
8,41.4477782,2.2093682,[-14, -6, -2, -19],57,177,10,1
9,41.4029761,2.1475665,[-7, -2, -1, -10],142,231,10,2
10,41.4530228,2.2052872,[-7, -2, -1, -8],144,223,10,3
11,41.3949328,2.12944,[-7, -2, -1, -12],158,231,10,4
12,41.441527,2.2275919,[-14, -6, -2, -7],73,193,10,5
13,41.3745313,2.1450922,[-14, -6, -2, -21],125,235,10,6
14,41.4026572,2.1572714,[-14, -6, -2, -18],50,170,10,7
StartID EndID StartX StartY EndX EndY StartT EndT
15,18,41.4474967,2.2216705,41.3908214,2.1745486,104,491
16,19,41.44524,2.2213186,41.3734167,2.0916796,42,495
17,20,41.4436929,2.2246727,41.4349816,2.1930256,0,720
edge
0,18,17,15,17,8,16,16,16,10,17,10,17,6,11,18,18,19,8,15,17
18,0,3,22,2,20,27,22,4,16,5,18,7,22,17,5,7,6,17,20,8
16,2,0,21,1,19,26,20,3,15,3,17,6,20,16,3,5,5,15,19,7
15,23,21,0,21,10,12,5,21,14,20,12,25,13,16,24,25,25,17,7,21
17,3,2,21,0,19,26,21,3,16,4,17,7,21,17,4,6,5,16,19,7
7,22,20,10,21,0,13,11,20,8,19,6,21,4,11,22,22,23,11,8,17
12,23,22,8,22,11,0,10,21,15,22,13,22,11,17,23,23,24,15,10,23
15,23,21,4,22,10,13,0,21,14,20,12,25,12,17,24,25,25,17,6,21
16,3,2,21,2,19,26,20,0,15,3,17,6,20,15,4,6,6,15,19,7
9,17,15,14,16,7,17,14,15,0,14,5,17,9,5,18,18,19,7,12,14
17,4,3,19,3,17,25,18,3,13,0,15,7,20,15,6,7,7,15,17,6
9,18,16,11,17,4,14,11,16,6,15,0,20,7,9,19,20,20,10,10,16
17,5,5,25,6,21,26,24,7,17,7,20,0,20,17,4,4,4,15,23,9
5,20,19,10,19,4,12,11,18,9,19,7,19,0,10,20,20,21,8,10,16
10,16,14,15,15,9,19,15,14,3,14,7,16,9,0,17,16,18,6,13,11
18,2,3,23,3,21,27,22,5,17,5,19,4,21,18,0,3,2,16,21,9
18,3,4,23,4,21,28,22,5,17,6,19,5,21,17,2,0,3,16,21,9
17,4,5,24,5,21,26,24,7,17,6,20,3,20,17,3,3,0,15,22,9
7,15,14,15,15,9,17,16,13,6,14,9,14,7,7,15,15,16,0,15,12
13,20,19,6,19,8,12,5,18,12,17,10,23,10,14,21,23,22,15,0,19
16,8,7,20,7,17,26,19,6,13,6,15,10,17,12,9,9,10,12,18,0
