Name: bar-n5-m4-c2-OD1.0
Type: GPDPOD-IMC
Commodity type: 4
Compartment num: 2
CapacityHD: 100
VehicleHDs: 2
CapacityOD: 50
VehicleODs: 1
ID Xc Yc DEMAND StartT EndT SerT PairedID
0,41.3722496,2.1636008,[0, 0, 0, 0],0,240,0,0
1,41.3830452,2.0762528,[14, 6, 2, 34],56,176,10,3
2,41.4487614,2.2160931,[7, 2, 1, 10],117,237,10,4
3,41.4008741,2.1610253,[-14, -6, -2, -34],88,208,10,1
4,41.4029761,2.1475665,[-7, -2, -1, -10],142,231,10,2
StartID EndID StartX StartY EndX EndY StartT EndT
5,10,41.4439526,2.0660729,41.4510034,2.1897076,0,447
6,11,41.4166572,2.1910521,41.386186,2.1769304,112,478
7,12,41.3736968,2.1209403,41.4077817,2.1493673,66,486
8,13,41.4552567,2.2151101,41.3626952,2.0778621,85,502
9,14,41.4623355,2.2014148,41.3832447,2.074934,75,522
edge
0,17,17,10,10,18,12,10,19,18,19,7,10,17,17
16,0,22,17,15,17,20,9,22,22,20,18,15,8,2
16,20,0,14,15,20,11,20,3,5,7,14,14,21,20
9,15,15,0,5,16,7,10,16,15,14,6,5,16,15
9,14,15,5,0,13,9,9,16,15,13,7,3,14,14
19,15,21,16,13,0,20,15,21,20,19,18,13,16,15
14,19,10,6,9,19,0,15,11,10,9,10,7,20,19
9,9,21,12,10,16,14,0,21,20,19,12,10,11,9
19,22,3,16,16,22,12,21,0,6,9,16,16,22,22
18,20,5,15,14,20,12,19,5,0,7,16,14,20,20
17,18,7,12,12,18,9,17,7,6,0,15,12,18,18
6,17,14,5,7,18,8,11,16,15,15,0,7,17,17
10,13,14,5,3,12,8,9,14,13,12,8,0,13,13
16,7,22,17,15,17,20,9,22,21,20,18,14,0,6
16,1,23,17,15,18,21,9,23,22,21,18,15,9,0
