Name: bar-n5-m4-c2-OD1.2
Type: GPDPOD-IMC
Commodity type: 4
Compartment num: 2
CapacityHD: 100
VehicleHDs: 2
CapacityOD: 50
VehicleODs: 1
ID Xc Yc DEMAND StartT EndT SerT PairedID
0,41.3722496,2.1636008,[0, 0, 0, 0],0,240,0,0
1,41.3830452,2.0762528,[14, 6, 2, 34],56,176,10,3
2,41.4487614,2.2160931,[7, 2, 1, 10],117,237,10,4
3,41.4008741,2.1610253,[-14, -6, -2, -34],88,208,10,1
4,41.4029761,2.1475665,[-7, -2, -1, -10],142,231,10,2
StartID EndID StartX StartY EndX EndY StartT EndT
5,11,41.4439526,2.0660729,41.4510034,2.1897076,0,447
6,12,41.388833,2.0858048,41.3914257,2.1634969,89,521
7,13,41.4166572,2.1910521,41.386186,2.1769304,112,478
8,14,41.4552567,2.2151101,41.3626952,2.0778621,85,502
9,15,41.3736968,2.1209403,41.4077817,2.1493673,66,486
10,16,41.4623355,2.2014148,41.3832447,2.074934,75,522
edge
0,17,17,10,10,18,18,12,19,10,18,19,7,7,17,10,17
16,0,22,17,15,17,7,20,22,9,22,20,16,18,8,15,2
16,20,0,14,15,20,22,11,3,20,5,7,15,14,21,14,20
9,15,15,0,5,16,17,7,16,10,15,14,4,6,16,5,15
9,14,15,5,0,13,15,9,16,9,15,13,4,7,14,3,14
19,15,21,16,13,0,17,20,21,15,20,19,15,18,16,13,15
16,4,22,17,15,17,0,20,22,10,22,20,15,18,10,14,4
14,19,10,6,9,19,20,0,11,15,10,9,8,10,20,7,19
19,22,3,16,16,22,23,12,0,21,6,9,17,16,22,16,22
9,9,21,12,10,16,12,14,21,0,20,19,9,12,11,10,9
18,20,5,15,14,20,21,12,5,19,0,7,17,16,20,14,20
17,18,7,12,12,18,19,9,7,17,6,0,14,15,18,12,18
7,14,14,4,5,15,16,6,16,9,15,14,0,4,15,4,14
6,17,14,5,7,18,18,8,16,11,15,15,4,0,17,7,17
16,7,22,17,15,17,11,20,22,9,21,20,15,18,0,14,6
10,13,14,5,3,12,14,8,14,9,13,12,5,8,13,0,13
16,1,23,17,15,18,7,21,23,9,22,21,16,18,9,15,0
