Name: bar-n30-m4-c2-OD-large
Type: GPDPOD-IMC
Commodity type: 4
Compartment num: 2
CapacityHD: 100
VehicleHDs: 8
CapacityOD: 50
VehicleODs: 36
ID Xc Yc DEMAND StartT EndT SerT PairedID
0,41.3722496,2.1636008,[0, 0, 0, 0],0,240,0,0
1,41.3622657,2.1282718,[14, 6, 2, 28],0,102,10,16
2,41.4417277,2.237108,[7, 2, 1, 9],0,119,10,17
3,41.4483316,2.1889956,[7, 2, 1, 14],78,198,10,18
4,41.4448559,2.1718679,[3, 1, 6, 3],72,192,10,19
5,41.3773527,2.1744796,[14, 6, 2, 36],115,235,10,20
6,41.411396,2.1370889,[14, 6, 2, 10],111,231,10,21
7,41.4582638,2.0713341,[14, 6, 2, 28],0,99,10,22
8,41.4385892,2.2330345,[14, 6, 2, 10],4,124,10,23
9,41.445783,2.2219608,[3, 1, 6, 3],0,118,10,24
10,41.4465834,2.2143408,[3, 1, 6, 3],0,102,10,25
11,41.455319,2.2086932,[14, 6, 2, 23],0,240,10,26
12,41.3609936,2.0825021,[14, 6, 2, 28],4,124,10,27
13,41.4259211,2.1671663,[14, 6, 2, 19],13,133,10,28
14,41.4534576,2.2083022,[14, 6, 2, 14],0,240,10,29
15,41.469147,2.2341853,[14, 6, 2, 27],95,215,10,30
16,41.3727858,2.1291242,[-14, -6, -2, -28],15,135,10,1
17,41.4459049,2.1886791,[-7, -2, -1, -9],21,141,10,2
18,41.3728648,2.1198847,[-7, -2, -1, -14],111,231,10,3
19,41.3887837,2.1773587,[-3, -1, -6, -3],96,216,10,4
20,41.3601525,2.1023202,[-14, -6, -2, -36],141,229,10,5
21,41.4394006,2.1672105,[-14, -6, -2, -10],129,223,10,6
22,41.4065696,2.1451119,[-14, -6, -2, -28],27,147,10,7
23,41.4147387,2.2121477,[-14, -6, -2, -10],21,141,10,8
24,41.4064027,2.1558441,[-3, -1, -6, -3],29,149,10,9
25,41.4225051,2.1790776,[-3, -1, -6, -3],24,144,10,10
26,41.4173957,2.2100637,[-14, -6, -2, -23],0,240,10,11
27,41.4496721,2.2373738,[-14, -6, -2, -28],48,168,10,12
28,41.4691634,2.0755153,[-14, -6, -2, -19],44,164,10,13
29,41.3928679,2.1517648,[-14, -6, -2, -14],0,240,10,14
30,41.4105332,2.208314,[-14, -6, -2, -27],124,228,10,15
StartID EndID StartX StartY EndX EndY StartT EndT
31,67,41.4397456,2.225673,41.4676564,2.0622343,0,486
32,68,41.440759,2.2378881,41.4533651,2.2357165,0,408
33,69,41.4068073,2.162526,41.413884,2.1832137,0,720
34,70,41.4516487,2.2359664,41.4345712,2.2231087,0,720
35,71,41.3271083,2.0868381,41.4499142,2.2135352,81,504
36,72,41.4520389,2.2273956,41.4168684,2.179132,93,498
37,73,41.4433485,2.1807613,41.3737407,2.1591137,15,462
38,74,41.4502702,2.2114644,41.4373567,2.2074204,0,408
39,75,41.4659771,2.051335,41.3844065,2.1627032,64,508
40,76,41.4439526,2.0660729,41.4510034,2.1897076,0,447
41,77,41.441985,2.2115016,41.4033864,2.1443981,43,475
42,78,41.3944368,2.108011,41.4603961,2.2397338,80,503
43,79,41.4625923,2.2045488,41.4082703,2.1708935,101,488
44,80,41.4377659,2.2303137,41.3931826,2.1079653,0,441
45,81,41.4548604,2.234691,41.3746212,2.0992452,21,495
46,82,41.4242744,2.1855493,41.4573228,2.2032651,0,414
47,83,41.4351401,2.2133467,41.4501494,2.219724,94,478
48,84,41.4569328,2.0624987,41.3711077,2.1131479,90,510
49,85,41.3622974,2.0931396,41.3948773,2.1903514,0,720
50,86,41.457734,2.212668,41.4532509,2.0740358,64,523
51,87,41.3745388,2.1254753,41.383981,2.0602456,81,501
52,88,41.4552567,2.2151101,41.3626952,2.0778621,85,502
53,89,41.4460569,2.2221081,41.4698459,2.1816529,42,468
54,90,41.4531346,2.2269082,41.4114417,2.1724649,0,720
55,91,41.437641,2.2298148,41.4692218,2.0813928,0,468
56,92,41.4544532,2.2186274,41.4528571,2.2348045,0,411
57,93,41.401785,2.1156419,41.3723636,2.1601655,43,478
58,94,41.36181,2.0787349,41.3708687,2.1286978,17,440
59,95,41.44524,2.2213186,41.3734167,2.0916796,42,495
60,96,41.352645,2.110783,41.3701104,2.1271576,66,480
61,97,41.4368981,2.2348379,41.4303138,2.1855012,127,466
62,98,41.3741969,2.1245221,41.4012738,2.1441641,140,440
63,99,41.3717312,2.0889754,41.3599849,2.0740359,115,475
64,100,41.4512399,2.215386,41.4217479,2.1417851,0,426
65,101,41.4119643,2.1535583,41.4368711,2.234578,53,488
66,102,41.4479774,2.226761,41.4025067,2.1510921,0,444
edge
0,9,17,17,18,3,12,22,15,19,16,17,16,15,18,19,8,18,10,7,13,17,12,13,12,13,13,16,21,8,13,16,16,10,17,16,18,18,17,21,18,18,12,19,15,17,13,16,21,14,18,9,19,18,18,15,19,12,18,18,12,15,9,15,17,12,18,20,17,12,15,17,13,3,16,6,19,11,18,11,12,13,17,17,12,9,22,19,17,21,12,24,18,3,9,15,10,16,9,17,15,15,10
8,0,22,19,17,10,12,20,20,23,21,21,10,18,22,24,4,20,6,11,6,17,12,18,13,15,18,21,19,10,17,21,21,13,22,10,23,19,21,20,17,22,10,23,20,22,16,20,20,8,22,5,23,23,23,20,24,10,11,23,5,20,5,9,22,14,22,19,22,15,20,22,15,8,20,9,20,10,23,13,10,9,21,22,7,14,21,16,11,23,14,22,23,7,3,10,5,18,10,11,15,20,12
16,21,0,10,11,14,16,27,3,5,7,8,24,15,8,7,21,11,22,15,24,12,17,9,18,13,7,4,25,17,9,4,4,15,4,26,5,11,7,27,24,8,20,10,3,5,11,6,27,23,7,22,7,5,5,3,5,18,25,5,22,3,22,22,6,16,4,26,4,12,5,6,13,18,8,16,11,18,6,13,19,23,9,5,24,13,28,26,25,13,13,24,4,18,21,23,22,11,18,26,16,3,17
22,24,17,0,9,20,14,20,15,14,11,10,22,13,11,13,22,9,23,19,24,10,17,14,18,12,13,16,18,19,15,15,16,15,16,29,14,8,10,20,20,13,18,12,14,15,11,12,21,21,11,22,12,14,13,15,13,16,23,15,25,15,22,20,11,16,14,20,15,14,14,11,13,23,11,19,8,16,13,14,17,20,10,12,23,18,22,24,23,4,14,17,15,23,22,21,23,12,18,23,14,15,18
18,17,13,4,0,16,8,19,11,10,7,6,15,7,7,9,16,5,16,14,17,4,10,10,11,6,9,12,18,12,11,11,12,10,12,23,10,4,6,19,16,9,12,8,10,11,7,8,19,15,7,16,8,10,9,11,9,10,17,11,19,11,16,14,7,10,9,18,11,10,10,7,8,18,7,14,5,10,9,9,11,14,6,8,17,14,20,18,16,8,9,21,11,18,16,14,17,8,11,17,7,11,11
6,11,16,16,18,0,13,24,14,18,15,16,16,15,17,18,11,17,13,6,14,17,12,12,12,12,12,15,23,9,12,15,15,10,16,16,17,17,16,24,21,17,14,18,14,16,13,15,23,14,17,12,18,17,17,14,18,14,18,17,13,14,12,16,16,12,17,22,16,12,14,16,12,7,15,7,18,11,17,11,14,16,16,16,14,8,25,21,17,20,12,26,17,8,11,17,12,15,10,17,15,14,10
11,10,18,10,8,11,0,15,16,16,13,12,11,8,13,15,9,11,10,9,13,8,4,15,6,9,14,17,14,6,14,17,18,7,17,18,15,10,12,14,11,14,6,13,16,17,10,14,14,10,13,10,13,16,15,16,14,5,12,17,13,17,10,9,13,7,15,13,17,10,15,13,9,11,13,7,11,3,15,7,6,10,11,13,11,12,15,13,12,14,8,17,17,11,9,10,10,12,4,13,5,17,5
22,20,26,19,19,22,15,0,24,25,21,20,18,20,21,24,19,21,19,21,20,19,17,24,18,21,23,26,4,17,25,25,26,19,26,26,24,20,21,5,6,23,15,22,24,25,22,22,4,18,21,19,22,24,23,24,23,13,20,25,22,25,19,17,21,19,24,4,25,22,24,21,21,22,21,18,20,16,23,20,14,17,20,22,20,24,3,21,19,18,21,4,25,21,19,17,20,23,16,20,17,25,18
15,20,3,8,10,13,15,26,0,5,7,8,22,13,8,7,20,10,21,13,22,11,16,7,17,11,6,4,24,15,8,3,2,14,5,25,5,10,7,25,23,7,19,10,1,6,10,6,26,22,8,20,7,5,5,2,5,17,24,5,21,1,20,21,7,15,4,25,5,11,3,6,11,16,8,15,10,17,6,12,18,21,8,6,23,12,27,25,23,12,12,23,5,17,20,21,21,10,16,24,14,1,15
19,23,8,8,10,17,15,26,6,0,4,7,23,15,7,9,22,10,24,17,25,11,18,11,19,13,10,7,24,18,11,5,7,15,7,28,4,10,6,26,23,5,19,9,6,7,12,6,26,22,7,23,6,3,4,6,5,17,24,2,25,6,23,21,6,17,4,25,7,13,6,5,13,20,7,18,10,17,9,14,18,21,7,5,24,15,27,25,23,12,14,23,7,21,23,22,24,11,18,24,14,6,18
16,21,8,5,7,14,12,23,6,4,0,4,19,12,3,8,20,6,21,14,21,8,14,8,15,11,7,7,21,16,9,6,8,14,7,26,4,7,2,23,20,4,16,6,6,6,9,4,23,19,4,20,3,4,4,7,3,14,21,5,22,7,20,18,2,15,4,22,7,11,6,2,11,17,5,16,7,14,7,12,15,18,4,2,21,13,24,22,20,9,12,20,6,18,20,18,21,8,15,21,11,7,15
19,22,9,6,8,17,13,24,8,6,4,0,20,12,2,7,21,7,22,17,22,9,15,11,16,11,10,9,22,18,12,8,9,15,8,28,6,7,3,24,21,7,17,5,8,8,10,7,24,20,3,21,4,6,5,8,5,15,22,8,24,8,21,19,3,15,6,23,8,13,9,3,12,20,8,18,8,15,7,13,16,19,4,4,22,15,25,23,21,10,13,21,7,21,21,19,22,9,16,22,12,8,16
15,11,26,18,16,15,11,19,24,24,21,20,0,16,21,23,11,19,10,16,6,15,13,22,14,18,22,25,18,12,22,24,25,16,25,12,23,17,20,19,16,22,8,21,24,24,19,22,19,3,20,10,21,24,23,24,22,8,3,25,8,24,10,5,21,16,23,18,25,18,23,20,18,15,21,14,19,13,22,16,8,6,19,21,9,19,20,9,3,21,17,21,25,14,10,6,11,20,13,3,13,24,14
15,16,15,8,8,14,9,20,13,14,11,10,16,0,11,13,15,9,16,11,18,7,8,11,9,4,10,14,19,11,10,13,15,7,15,24,13,8,10,20,17,13,13,12,13,15,5,11,20,16,11,15,12,14,13,13,12,11,18,15,19,14,15,15,11,7,13,19,15,7,12,10,5,15,9,11,10,9,13,5,12,15,10,11,17,11,21,19,17,11,6,22,15,15,15,15,16,6,9,18,7,14,9
18,21,9,5,7,16,12,23,8,6,4,3,20,11,0,7,20,6,21,16,22,8,15,10,16,10,9,9,21,17,11,8,9,13,8,27,6,6,3,23,20,6,16,5,8,8,9,6,23,19,3,20,4,6,5,8,5,14,21,8,23,8,20,18,3,14,5,22,8,12,9,3,11,19,7,17,7,14,7,12,15,18,3,4,21,14,24,22,20,9,12,20,7,20,20,19,21,8,15,21,11,8,16
21,24,10,7,9,19,14,25,10,9,8,6,22,14,7,0,22,9,23,19,24,10,17,13,18,13,12,7,23,19,14,9,11,17,6,29,7,9,7,25,22,11,18,7,9,6,12,11,25,21,7,22,7,9,7,10,6,16,23,10,25,10,22,20,7,17,8,24,6,15,10,7,14,22,10,20,9,16,3,15,17,20,6,7,23,17,26,24,23,11,15,22,7,23,22,21,23,12,18,23,14,10,18
8,5,21,17,15,10,10,18,19,23,20,19,11,16,20,23,0,19,3,10,7,15,10,18,11,14,16,20,17,7,16,20,21,11,21,12,23,17,20,18,15,21,8,21,19,21,14,19,18,9,20,2,21,23,22,19,22,8,12,22,8,20,2,9,20,12,22,17,22,13,19,20,13,7,18,8,18,8,22,12,8,7,19,21,5,14,19,13,12,21,13,20,22,7,2,8,3,17,8,12,13,20,10
17,19,11,2,5,15,10,21,9,8,5,5,17,8,6,8,18,0,19,13,19,4,12,9,13,7,8,10,20,14,10,9,11,10,10,25,7,3,4,21,18,7,14,6,9,9,5,7,21,17,5,18,6,8,7,9,6,12,19,10,21,10,18,16,5,11,7,20,10,8,8,5,8,18,6,14,4,12,7,8,13,16,4,6,19,13,22,20,18,6,8,18,9,17,18,16,19,5,13,19,9,10,13
9,7,22,17,15,11,11,19,20,23,20,19,10,16,20,23,4,19,0,11,7,15,11,19,12,14,17,21,18,8,17,21,22,11,23,15,23,17,20,19,16,22,8,21,20,22,15,20,18,9,20,3,21,23,22,20,22,8,10,23,8,21,3,7,20,13,23,17,23,14,20,20,14,8,19,9,18,9,22,13,7,5,19,21,4,15,20,11,10,21,14,21,23,8,4,6,5,18,9,11,13,21,11
8,11,14,13,14,5,9,21,12,15,13,14,17,10,15,16,10,14,11,0,14,12,9,10,8,8,10,13,20,6,9,13,13,5,14,18,15,13,14,21,18,15,12,16,12,14,8,13,21,16,15,11,16,15,15,12,15,11,18,15,13,12,11,15,15,7,14,20,14,7,12,14,8,8,13,4,15,7,15,6,12,14,14,15,13,4,22,19,18,16,7,23,15,7,10,16,11,11,7,19,11,12,6
11,6,25,18,16,13,12,20,23,24,21,20,6,17,21,23,6,19,5,14,0,16,14,21,15,18,21,24,19,12,21,24,24,15,25,10,23,18,20,20,16,23,9,21,23,25,18,22,19,4,21,7,21,24,23,23,22,9,7,25,4,23,7,5,21,16,23,18,25,17,23,21,17,11,21,12,19,12,23,16,8,5,20,22,5,18,20,12,6,22,17,22,25,10,6,6,7,21,12,7,14,23,14
17,16,13,5,3,16,7,18,11,11,8,7,14,4,8,10,15,6,15,13,16,0,9,11,10,5,10,12,17,11,11,12,13,9,12,22,10,5,7,18,15,9,11,8,11,12,6,9,18,14,8,15,8,11,10,11,9,9,16,12,18,12,15,13,8,9,10,16,12,8,10,8,7,17,8,13,6,9,10,7,10,13,7,8,16,13,19,17,15,8,7,20,12,17,15,13,16,7,10,16,6,12,10
11,10,17,12,10,10,4,17,15,18,15,13,13,8,14,17,9,13,10,8,14,9,0,14,4,8,12,17,16,6,12,16,17,5,18,18,17,11,14,17,13,16,8,15,15,18,8,15,16,12,14,10,15,18,17,15,16,7,15,18,13,16,10,11,15,5,17,15,18,8,15,14,7,11,14,7,13,4,16,5,8,12,13,15,12,11,17,15,14,15,7,19,18,11,9,12,10,11,4,15,6,16,4
13,17,8,8,10,10,14,26,6,10,8,9,22,10,10,10,17,10,18,10,20,11,13,0,14,8,1,7,24,13,3,7,8,10,9,22,10,10,9,26,23,9,19,10,6,9,7,7,26,20,10,18,10,10,10,6,10,17,24,9,19,7,18,21,9,12,9,25,9,8,6,9,8,14,6,12,10,14,9,9,18,21,9,9,20,9,27,25,23,12,9,23,9,15,17,22,18,8,14,23,14,7,13
11,13,17,13,12,10,6,19,15,19,16,15,15,10,16,18,12,13,13,7,17,11,5,13,0,8,12,16,18,7,12,16,16,4,17,21,18,12,15,18,15,17,11,17,15,17,8,14,18,14,16,12,16,19,17,15,17,9,16,18,16,16,12,13,16,6,18,17,18,8,15,15,7,11,14,7,14,5,18,6,11,14,15,16,14,10,19,17,16,16,7,21,18,11,12,14,13,11,5,17,8,16,4
13,16,13,7,7,12,9,21,10,12,10,9,17,4,10,12,14,7,15,9,19,5,8,8,8,0,7,12,20,10,7,11,12,5,13,23,12,6,8,21,17,11,14,10,10,13,2,9,20,16,10,15,10,12,11,11,11,11,19,12,18,11,15,15,9,6,11,19,13,5,9,9,3,13,8,9,8,9,12,4,13,16,9,10,17,9,21,19,18,10,4,22,13,13,14,16,15,5,9,19,8,11,8
13,17,8,8,10,11,14,26,6,10,7,9,22,10,10,10,17,10,18,10,20,11,13,2,13,8,0,7,24,12,4,7,7,10,8,22,9,10,9,25,22,9,18,10,6,8,7,6,25,20,9,17,10,9,9,6,10,16,24,9,19,6,18,21,9,12,9,24,8,8,6,8,8,14,6,12,10,14,9,8,18,21,8,9,20,9,26,24,23,12,9,23,9,15,17,21,18,7,14,23,14,6,13
17,21,5,10,12,14,17,27,5,6,8,9,24,15,9,5,21,11,22,15,24,12,17,9,18,13,7,0,26,17,9,4,6,15,2,26,5,11,8,27,24,9,21,10,5,3,11,7,27,23,9,22,8,6,5,5,6,18,25,6,23,5,22,22,8,16,5,26,2,12,5,7,13,18,9,16,12,18,4,13,20,23,9,7,24,13,28,26,25,14,13,25,2,19,21,23,22,12,18,26,16,6,17
21,19,26,18,18,21,14,4,24,24,20,20,17,19,21,23,18,20,18,20,19,18,16,23,17,20,22,25,0,16,24,24,25,18,25,25,23,19,20,4,7,22,14,21,24,24,22,21,5,17,20,18,21,24,23,24,22,12,19,24,21,24,18,16,21,18,23,3,25,22,23,20,20,21,20,17,19,15,22,19,13,16,19,21,19,23,6,20,18,18,20,3,25,20,18,16,19,22,15,19,16,24,17
8,9,16,13,12,7,6,17,14,18,15,15,13,10,16,18,8,14,9,5,13,12,6,12,6,8,11,15,16,0,11,15,15,4,16,17,17,13,15,17,14,16,8,17,14,16,8,14,17,12,16,8,17,17,17,14,17,7,14,17,12,15,8,11,16,6,17,15,17,7,14,16,7,8,13,3,15,4,17,6,8,10,15,16,10,9,18,15,13,16,7,19,17,7,8,12,9,11,3,14,9,15,4
12,16,10,10,12,10,14,27,8,11,9,10,21,10,11,12,17,11,18,10,19,11,13,3,13,8,3,9,26,12,0,9,9,10,10,21,11,11,11,26,23,10,18,12,8,10,7,8,26,19,11,17,12,11,11,8,11,17,23,11,18,8,17,21,11,12,10,25,10,8,8,10,8,13,7,12,12,13,11,8,18,21,10,11,20,8,27,25,22,14,9,25,11,14,17,22,18,8,13,22,14,8,12
16,20,5,9,11,14,16,26,3,5,6,9,23,13,8,8,20,11,21,14,23,12,16,8,17,11,7,5,25,16,8,0,5,14,5,25,6,11,7,26,23,6,20,11,3,6,10,5,26,22,8,21,7,5,6,3,6,17,25,4,22,4,21,21,7,15,5,25,6,11,3,7,11,17,7,15,11,17,7,12,19,22,9,6,23,12,27,25,24,13,12,24,6,18,20,22,21,9,17,25,15,4,16
17,22,1,10,12,15,17,28,3,6,7,8,24,15,8,7,21,11,23,15,24,13,18,9,18,13,8,5,26,17,9,4,0,15,5,27,5,12,7,27,25,8,21,10,3,6,12,7,27,24,8,22,7,6,6,3,6,19,26,6,23,4,22,23,7,17,5,26,5,13,5,7,13,18,9,17,12,18,6,14,20,23,9,6,25,13,29,27,25,14,14,25,5,19,22,23,23,12,18,26,16,4,17
10,13,15,10,10,9,6,19,12,15,13,12,15,7,13,15,11,10,12,6,16,9,5,11,4,5,10,14,18,7,9,14,14,0,15,20,15,9,11,18,15,14,11,13,12,15,6,12,18,14,13,12,13,15,14,13,14,9,16,15,16,13,12,13,12,3,14,17,15,5,12,12,4,10,11,6,11,6,15,3,11,14,12,13,14,8,19,17,16,13,4,21,15,10,11,14,12,8,6,17,7,13,5
18,22,6,9,11,16,16,27,6,6,7,8,23,16,7,6,22,10,24,16,25,12,18,10,19,14,9,3,25,18,10,6,8,16,0,28,4,11,6,27,24,9,20,9,6,2,13,8,27,23,7,23,6,6,4,6,5,18,25,7,24,7,23,22,6,17,5,26,2,14,7,6,14,19,10,18,11,18,5,14,19,22,8,5,25,14,28,26,24,13,15,24,3,20,23,22,24,12,19,25,15,7,18
12,7,22,22,20,11,16,24,20,24,21,22,10,21,23,24,10,23,12,14,8,20,16,18,17,20,19,21,23,14,18,21,22,17,23,0,24,22,23,23,20,23,12,24,20,22,20,21,23,8,23,10,24,24,24,20,24,12,11,23,7,21,10,10,23,18,23,22,23,19,20,22,19,12,22,13,23,14,23,18,12,11,22,23,11,15,24,16,11,26,19,26,23,12,9,11,10,23,14,11,18,21,16
18,23,6,8,10,16,15,26,5,3,4,5,22,13,5,6,23,8,23,17,24,10,17,10,18,13,9,5,24,19,11,5,6,16,4,28,0,9,4,25,22,7,19,7,5,3,11,7,25,22,5,23,4,3,1,5,3,16,24,5,24,5,23,21,4,16,2,24,4,14,6,4,13,20,8,18,9,17,6,14,18,21,6,3,24,15,27,24,23,11,14,23,3,20,23,21,24,10,18,24,14,5,18
18,18,12,4,3,16,9,20,10,10,7,6,16,7,7,9,16,5,17,15,18,4,11,10,12,7,9,11,19,13,10,10,12,11,11,23,9,0,6,19,16,8,13,7,10,10,7,8,19,15,6,16,7,10,9,10,8,10,17,11,19,11,16,14,7,10,9,18,11,9,9,7,8,19,7,14,5,11,8,9,12,15,5,7,17,14,20,18,17,7,9,20,11,18,17,15,18,7,12,18,8,11,12
17,22,7,5,7,15,13,23,6,4,2,3,20,11,3,7,20,6,21,15,22,8,15,9,16,10,8,7,22,17,10,6,7,13,6,27,4,6,0,23,20,5,17,5,6,6,9,5,23,19,3,20,3,4,3,6,3,14,21,6,23,6,20,18,1,14,4,22,6,11,7,1,11,18,6,17,7,15,7,11,16,19,3,2,21,13,24,22,21,9,12,21,5,19,21,19,22,8,16,22,12,6,16
22,20,28,21,19,21,14,5,26,26,23,22,18,19,23,25,18,22,19,20,20,18,16,26,18,21,25,27,4,16,26,26,27,19,27,25,25,20,22,0,8,24,14,23,26,27,22,24,5,17,23,18,23,26,25,26,24,12,19,27,21,27,18,16,23,19,25,2,27,22,25,23,21,21,23,18,22,15,25,19,14,17,22,23,19,24,6,20,19,21,20,7,27,21,19,17,19,23,15,20,16,27,17
19,17,26,18,16,18,11,6,24,24,21,20,15,16,21,23,15,19,16,17,17,15,14,24,15,18,23,25,7,13,23,24,25,16,25,22,23,17,20,8,0,22,11,21,24,24,19,22,5,14,20,15,21,24,23,24,22,9,16,25,18,25,15,13,21,16,23,6,25,19,23,20,18,18,21,15,19,12,22,16,11,14,19,21,16,21,6,17,16,22,18,8,25,18,16,14,17,20,12,17,13,25,14
16,20,9,5,7,13,12,22,7,5,2,5,19,11,4,8,19,6,20,14,21,8,14,8,15,10,7,9,21,15,8,6,8,12,8,25,6,7,3,22,19,0,16,6,7,8,9,3,22,18,5,20,5,5,5,7,5,13,20,6,22,8,20,17,3,14,6,21,8,10,5,3,10,17,4,15,7,14,8,10,15,18,5,4,20,12,23,21,20,9,11,20,7,18,20,18,21,7,15,21,11,8,15
12,9,21,13,11,13,6,14,19,19,16,15,8,12,16,18,8,14,8,12,10,10,8,19,10,13,18,20,13,8,18,19,21,11,20,16,18,12,15,14,11,17,0,16,19,19,14,17,14,7,15,8,16,19,18,19,17,3,10,20,11,20,8,7,16,11,18,13,20,14,18,16,13,11,16,10,14,7,17,11,2,7,14,16,9,15,15,10,9,17,13,16,20,11,8,7,9,15,7,10,9,20,10
19,22,11,6,8,17,13,23,10,8,6,3,20,12,4,7,20,7,21,17,22,8,15,11,16,11,10,10,21,17,12,10,11,15,9,27,8,7,4,23,20,8,16,0,9,9,10,8,23,19,4,20,5,8,7,10,6,14,21,10,23,10,20,18,5,15,7,22,9,13,10,5,12,20,8,18,7,15,7,13,16,19,2,6,21,15,24,22,21,9,13,20,9,21,21,19,21,10,16,22,12,10,16
14,19,4,7,9,12,14,25,2,6,7,8,22,12,8,8,19,9,20,12,21,10,15,6,16,10,5,5,23,15,7,3,3,13,5,24,5,9,7,25,22,7,18,9,0,6,9,5,25,21,8,20,7,5,5,1,6,16,23,5,20,2,20,20,7,14,5,24,6,10,3,7,10,16,7,14,9,16,7,11,17,20,7,6,22,11,26,24,22,11,11,22,6,16,19,21,20,10,16,23,13,2,15
18,23,7,9,11,16,16,27,6,6,6,7,23,15,7,6,22,10,24,16,25,12,18,10,19,14,9,3,25,18,10,6,8,16,2,28,4,11,6,26,24,9,20,9,6,0,13,8,26,23,7,23,6,6,4,6,5,18,25,7,24,7,23,22,6,18,5,25,2,14,7,6,14,19,10,18,11,18,5,14,19,22,8,5,25,14,28,26,24,13,15,24,3,20,23,22,24,12,19,25,15,7,18
14,16,11,6,7,12,10,22,9,11,9,8,19,6,9,11,14,6,16,9,20,6,8,7,9,4,6,11,21,10,7,10,11,6,12,24,11,6,8,22,19,10,14,9,9,12,0,8,22,18,9,15,9,11,10,10,10,13,20,11,19,10,15,17,8,7,11,21,12,4,8,8,4,14,7,10,7,10,11,4,14,17,8,9,17,9,23,21,19,9,4,22,12,13,15,18,15,3,10,20,10,10,9
15,20,8,7,9,13,14,25,6,7,5,7,22,12,7,11,19,9,20,13,22,10,15,7,15,10,6,8,23,15,8,6,8,12,9,25,8,9,6,25,22,5,18,9,6,9,9,0,25,21,8,20,7,7,8,6,7,16,23,6,21,7,20,20,6,14,8,24,9,10,4,5,10,16,4,14,9,16,10,11,17,20,7,6,22,12,26,24,22,11,11,22,9,17,19,21,20,8,16,23,14,7,15
21,19,28,20,18,21,14,3,26,26,23,22,17,19,23,25,18,21,18,20,19,18,16,26,17,20,25,27,5,16,25,27,28,18,27,25,25,20,22,5,5,24,14,23,26,27,21,24,0,17,23,18,23,26,25,26,24,11,19,27,21,27,18,16,23,18,25,4,27,21,25,23,20,20,23,17,21,15,25,19,13,16,22,23,19,23,4,19,18,20,20,6,27,20,18,16,19,22,15,19,16,27,17
14,8,25,16,14,15,10,18,22,22,19,18,4,15,19,21,9,17,8,15,3,14,12,22,13,16,21,24,17,11,20,23,24,14,23,12,22,16,18,18,14,21,7,20,22,23,18,20,17,0,19,8,19,22,21,23,20,7,5,23,6,23,8,4,19,14,21,16,23,17,22,19,16,13,19,13,17,12,21,15,6,5,18,20,6,18,18,10,4,20,16,20,23,13,8,5,9,19,12,5,12,23,13
20,23,10,7,9,18,14,24,8,7,5,3,21,13,4,8,22,8,22,18,23,10,16,12,17,12,11,9,23,18,13,8,9,16,8,28,6,9,4,24,21,8,18,5,8,8,11,8,24,20,0,22,2,6,5,8,4,15,22,8,25,8,22,19,4,16,6,23,8,14,9,4,13,21,9,19,9,16,7,14,17,20,5,4,22,16,25,23,22,11,14,22,7,22,22,20,23,10,17,23,13,8,17
7,5,21,17,15,9,9,18,19,23,20,19,11,16,20,22,2,18,3,10,8,15,9,17,10,13,16,20,17,7,16,20,20,10,21,13,22,17,19,18,15,21,8,21,19,21,14,18,18,9,20,0,20,22,22,19,21,7,12,22,8,19,2,9,20,11,22,17,21,13,19,20,13,7,18,8,18,8,22,12,8,7,19,21,5,14,19,13,12,21,13,20,22,6,2,8,3,16,8,12,13,19,10
19,23,8,7,9,17,14,25,6,5,4,4,21,13,4,8,22,8,22,17,23,9,16,11,17,12,10,7,23,18,12,7,8,15,7,29,4,8,3,24,22,7,18,6,6,6,11,7,25,21,3,22,0,5,4,7,3,16,23,6,25,7,22,20,3,16,4,23,7,13,8,3,13,20,8,19,9,16,7,13,17,20,5,3,23,15,26,24,22,11,13,22,6,21,22,20,23,10,17,23,13,7,17
19,23,8,8,10,17,15,26,6,1,4,7,23,15,7,10,23,10,24,17,25,11,18,11,19,13,10,7,24,18,11,5,7,16,7,28,4,10,6,26,23,5,19,9,6,7,12,6,26,22,7,23,6,0,5,6,5,17,24,2,25,6,23,21,6,17,4,25,7,13,6,5,13,20,7,18,10,17,9,14,18,21,7,5,24,15,27,25,24,12,14,23,7,21,23,22,24,11,19,24,15,7,18
18,23,7,7,10,16,15,25,5,4,4,5,22,13,5,6,22,8,23,16,24,10,17,10,18,12,9,4,24,18,10,5,7,16,4,28,2,9,4,25,22,7,19,7,5,3,11,7,25,21,5,22,4,4,0,5,3,16,23,5,24,6,23,20,4,16,3,24,4,14,6,4,13,19,8,18,9,17,5,14,18,21,6,3,23,14,26,24,23,11,14,23,3,20,23,21,24,10,18,24,14,6,18
16,21,5,9,11,14,16,27,3,6,7,8,23,14,8,8,20,11,22,14,23,12,17,8,17,12,7,5,25,16,8,3,4,14,5,26,5,11,7,26,24,7,20,10,3,6,11,5,26,23,8,21,7,5,5,0,6,18,25,4,22,3,21,22,7,16,5,25,5,12,4,7,12,17,7,16,11,17,7,12,19,22,9,6,24,12,28,26,24,13,13,24,6,18,21,22,22,10,17,25,15,3,16
19,23,8,7,9,17,14,24,6,5,3,3,21,13,3,7,22,7,22,17,23,9,16,11,17,12,10,7,23,18,11,6,8,15,7,28,4,8,3,24,21,6,18,5,6,6,10,7,24,20,3,22,2,5,4,6,0,15,22,6,25,7,22,19,3,16,4,23,6,13,7,3,12,20,7,19,8,16,6,13,17,20,5,2,22,15,25,23,22,11,13,22,6,21,22,20,23,9,17,23,13,7,17
12,10,20,11,9,12,5,12,17,17,14,13,8,10,14,16,8,12,9,11,10,9,7,17,8,11,16,19,11,7,16,18,19,10,18,15,17,11,13,12,9,16,5,15,17,18,13,15,12,7,14,8,14,17,16,18,16,0,9,18,11,18,8,6,14,9,16,11,18,13,17,14,11,11,14,9,12,6,16,10,4,7,13,15,9,15,13,10,9,15,11,14,18,11,8,7,9,14,6,10,7,18,8
16,12,27,19,17,16,12,20,25,25,22,21,2,18,22,24,12,20,11,18,7,16,15,23,16,19,23,26,20,14,23,26,27,17,26,13,24,18,21,20,17,23,9,22,25,25,20,23,20,4,21,11,22,25,24,25,23,9,0,26,10,26,11,6,22,17,24,19,26,19,24,22,19,16,22,15,20,14,23,17,9,7,20,22,10,20,21,9,1,23,19,22,26,16,11,7,12,21,14,2,15,26,16
18,23,7,8,10,16,15,25,5,3,3,6,22,14,6,9,22,9,23,17,24,11,17,11,18,13,9,7,24,18,11,4,7,15,7,28,4,9,5,25,22,4,19,8,5,7,12,5,25,21,7,23,6,3,4,6,4,16,23,0,24,6,23,20,5,16,3,24,7,13,5,4,13,20,7,17,10,17,8,13,18,21,7,5,23,15,26,24,23,12,13,23,6,20,22,21,23,10,18,24,14,6,18
11,6,24,20,18,13,14,22,21,25,23,22,7,19,23,25,8,21,7,14,3,18,15,19,16,18,20,23,21,13,20,23,23,16,24,8,25,19,22,21,18,24,10,23,21,24,19,22,21,5,23,9,23,25,25,22,24,10,9,24,0,22,9,7,23,17,24,20,24,18,22,23,18,11,23,12,21,13,24,16,10,7,21,23,6,17,22,14,8,24,17,24,24,10,7,8,8,21,13,8,16,22,15
16,21,4,9,11,14,16,27,3,6,8,9,23,14,9,8,21,11,22,14,23,12,17,8,18,12,7,6,25,16,9,4,3,15,6,26,6,11,8,27,24,8,20,11,2,7,11,6,27,23,9,21,8,6,6,3,6,18,25,6,22,0,22,22,8,16,5,26,6,12,4,8,12,18,8,16,11,18,7,13,19,22,9,7,24,13,28,26,24,13,13,24,6,18,21,22,22,11,18,25,15,1,17
8,6,21,17,15,9,10,18,19,23,20,19,10,16,20,23,3,19,2,10,7,15,10,18,11,14,16,20,17,7,16,20,21,11,21,13,23,17,20,18,15,21,8,21,19,21,14,19,18,8,20,2,21,23,22,19,22,8,12,22,8,20,0,9,20,12,22,17,22,13,19,20,13,7,18,8,18,8,22,12,7,6,19,21,4,14,19,13,11,21,13,20,22,7,2,8,3,17,8,11,13,20,10
13,10,24,15,13,15,9,17,22,21,18,17,4,14,18,20,8,16,8,14,6,13,11,21,12,15,20,23,16,10,20,22,23,13,23,12,21,15,17,17,13,20,6,19,21,22,17,19,16,4,18,7,19,21,20,22,20,6,6,22,8,22,7,0,18,14,21,15,22,16,21,18,15,12,18,12,16,11,20,14,5,4,17,19,6,17,18,10,5,19,15,19,22,12,8,3,9,18,11,6,11,22,12
17,22,7,5,7,15,13,23,5,4,2,3,20,11,3,7,20,6,21,15,22,8,15,9,16,10,8,7,22,17,10,6,7,13,6,27,4,6,2,23,20,5,17,5,5,6,9,5,23,19,3,21,3,4,3,6,2,14,21,6,23,6,21,18,0,14,3,22,6,11,7,1,11,19,6,17,7,15,7,12,16,19,4,2,21,14,24,22,21,9,12,21,5,19,21,19,22,8,16,22,12,6,16
12,12,16,11,10,11,5,18,14,17,14,14,14,8,15,17,10,12,11,9,15,10,4,13,4,7,11,15,17,7,11,15,16,4,17,19,16,11,13,17,14,16,10,15,14,17,7,14,17,13,14,11,15,17,16,14,15,8,15,17,14,15,11,12,14,0,16,16,17,7,14,14,6,12,13,7,13,5,16,4,10,13,13,15,13,9,18,16,15,14,6,20,17,11,11,13,12,10,5,16,7,15,5
17,22,6,9,11,15,16,27,5,4,6,7,24,15,6,8,22,10,23,16,25,11,18,10,19,14,8,5,25,18,10,5,6,16,5,27,4,10,5,27,24,7,20,9,5,5,12,8,27,23,6,23,6,4,4,5,4,18,25,5,24,6,23,22,5,17,0,26,5,13,6,5,14,19,9,17,11,18,7,14,19,23,7,4,25,14,28,26,25,13,14,24,4,20,22,23,23,12,19,26,16,6,18
20,18,28,19,17,20,13,4,25,25,22,21,16,18,22,24,17,20,18,19,18,17,15,25,16,19,24,27,3,15,24,26,27,17,26,24,25,19,21,2,6,24,13,23,25,26,21,23,4,16,22,17,23,25,24,26,24,11,18,26,20,26,17,15,22,18,24,0,26,21,25,22,19,20,22,16,20,14,24,18,12,15,21,23,18,22,5,19,17,20,19,6,26,19,17,15,18,22,14,18,15,26,16
18,23,6,9,11,16,16,27,6,6,7,8,23,16,7,5,22,11,24,16,25,12,18,10,19,14,9,2,25,18,10,6,7,16,2,28,4,11,6,27,24,9,20,9,6,2,13,8,27,23,7,23,6,6,4,6,5,18,25,7,24,7,23,22,6,18,5,26,0,14,7,6,14,19,10,18,11,18,4,14,19,22,8,5,25,14,28,26,24,13,15,24,3,20,23,22,24,13,19,25,15,7,18
13,15,12,8,9,12,9,22,10,14,11,11,18,5,12,14,14,9,15,9,19,7,8,8,8,3,7,11,21,9,6,11,11,5,12,23,13,8,10,21,18,12,14,12,10,12,3,9,21,17,11,14,12,13,13,10,12,12,19,12,18,10,14,16,11,7,13,20,13,0,9,11,3,13,9,9,10,9,13,3,14,17,10,12,17,8,22,20,19,12,3,24,13,13,14,17,15,6,9,20,9,11,8
15,20,7,8,10,13,15,26,4,7,6,9,22,12,8,9,19,10,21,14,23,11,15,7,16,10,6,6,24,15,8,4,6,13,7,25,7,10,7,25,23,6,19,10,4,8,9,4,26,22,9,20,8,7,7,5,7,17,24,6,21,5,20,21,7,14,6,25,7,10,0,6,10,17,6,15,10,16,8,11,18,21,8,7,22,12,27,25,23,12,11,23,7,17,20,21,20,8,16,24,14,5,15
18,22,9,6,8,16,14,24,7,6,2,4,21,12,4,8,22,7,22,16,23,9,16,10,17,11,9,8,23,18,10,7,8,14,7,27,5,7,3,24,21,6,18,6,7,7,10,6,24,20,4,22,4,6,5,7,4,15,22,7,24,8,22,19,3,15,5,23,7,13,8,0,12,19,6,18,8,16,8,13,17,20,5,3,22,14,25,23,22,10,13,22,7,20,22,20,23,9,17,23,13,8,17
12,14,12,7,8,11,8,21,10,13,10,10,17,5,11,13,13,8,14,8,18,6,7,8,7,2,7,11,20,8,7,11,12,4,13,22,13,7,9,20,17,11,13,11,10,12,3,9,20,16,11,13,11,13,12,10,12,11,18,12,17,11,13,15,10,6,12,19,13,3,10,10,0,12,8,8,9,8,13,2,13,16,9,11,16,8,21,19,18,11,2,23,13,12,13,16,14,5,8,19,8,11,7
3,8,19,17,17,5,11,20,17,20,18,19,15,14,20,21,7,18,8,7,12,16,11,15,11,12,14,18,19,6,14,18,18,9,19,15,20,17,19,20,17,19,11,20,17,19,12,17,20,14,20,8,20,20,20,17,20,10,17,20,10,17,8,13,19,11,19,19,19,11,17,19,12,0,16,5,19,9,20,10,10,12,19,19,10,10,21,17,16,20,11,22,20,2,7,13,8,15,8,17,14,17,9
15,20,10,6,8,13,14,24,7,9,6,7,21,9,8,10,19,7,20,13,22,8,14,7,14,8,6,9,23,15,8,7,9,11,10,25,9,7,6,24,21,7,17,8,7,10,7,5,24,20,8,20,8,9,8,8,8,15,22,8,21,8,20,19,7,12,9,23,10,9,6,6,9,17,0,14,8,15,10,10,17,20,7,7,22,12,25,23,22,10,10,21,10,17,19,20,20,5,15,23,13,8,14
5,8,16,14,14,4,8,19,14,17,15,16,15,11,17,18,7,15,8,3,12,13,8,13,8,9,11,15,18,4,11,15,15,6,16,15,17,14,16,19,16,16,10,18,14,16,9,14,19,14,17,8,18,17,17,14,18,10,16,17,10,14,8,13,17,8,16,18,16,8,14,16,9,5,13,0,16,7,17,7,10,11,16,17,10,7,20,17,16,17,8,21,17,4,7,13,8,12,5,16,11,14,6
17,19,12,3,4,15,10,21,10,10,7,5,17,9,6,9,18,4,18,15,19,6,12,10,13,8,9,11,20,14,10,10,11,12,11,25,9,4,6,21,18,8,14,7,10,10,7,8,20,17,6,18,7,10,9,10,8,12,19,11,21,10,18,16,7,12,9,19,11,10,9,6,9,19,7,15,0,12,8,10,13,16,5,7,19,14,22,20,18,6,10,19,10,19,18,16,19,7,13,19,9,10,13
9,10,17,11,9,9,3,16,15,18,14,13,13,10,14,17,9,13,10,7,13,9,3,14,4,8,13,17,15,4,12,17,17,5,18,17,17,11,14,16,13,16,8,15,15,18,9,15,16,12,14,9,15,17,16,16,16,7,14,18,12,16,9,11,14,5,17,15,18,8,15,14,7,10,14,5,12,0,16,6,8,11,13,15,11,10,17,15,14,15,7,18,18,9,9,12,10,11,2,15,6,16,4
19,24,7,8,10,17,15,26,7,8,8,7,22,15,8,3,23,10,24,17,24,11,17,11,18,14,10,4,24,19,12,7,8,17,4,29,5,10,8,26,23,11,19,8,7,3,13,9,26,22,7,23,8,8,6,7,7,17,24,9,25,8,23,21,8,18,7,25,4,15,8,8,15,20,11,19,10,17,0,16,18,21,7,7,24,16,27,25,23,12,16,23,5,21,23,21,24,13,18,24,14,8,18
10,13,13,10,10,9,7,20,11,15,13,12,16,7,13,15,11,10,12,6,16,9,6,10,5,4,9,13,19,6,8,12,13,2,14,20,15,9,12,19,16,13,12,13,11,14,5,11,19,15,13,11,13,15,14,11,14,10,17,14,15,12,12,14,12,4,14,18,14,4,11,12,4,10,11,6,11,7,14,0,11,14,12,13,14,7,20,18,17,13,3,22,14,10,11,15,12,8,7,18,7,12,5
12,9,21,13,11,13,6,14,19,19,16,15,8,11,16,18,7,14,8,12,10,10,8,19,10,13,18,20,13,8,17,19,20,11,20,15,18,12,15,14,11,17,2,16,19,19,14,17,14,7,15,7,16,19,18,19,17,3,9,20,11,20,8,6,16,11,18,13,20,14,18,15,12,11,16,9,14,7,17,11,0,6,14,16,9,15,15,10,9,17,12,16,20,11,8,7,9,15,7,9,8,20,9
11,9,24,15,13,13,9,17,21,21,18,17,7,14,18,20,7,16,6,14,6,13,11,21,12,15,20,23,16,10,19,22,23,13,22,14,21,15,17,17,13,20,6,19,21,22,17,19,16,7,18,6,18,21,20,22,20,6,8,22,8,22,6,4,18,13,20,15,22,16,21,18,15,11,18,11,16,11,20,14,5,0,17,19,5,17,17,9,8,19,15,19,22,10,6,4,7,18,11,9,11,22,12
17,20,10,4,6,15,11,21,8,7,4,3,18,10,4,7,19,6,19,15,20,7,13,9,14,9,8,9,20,15,10,8,10,13,8,25,6,6,3,21,18,7,15,2,8,8,9,6,21,17,3,19,4,7,6,8,5,12,19,8,22,9,19,16,4,13,6,20,8,11,9,3,11,18,6,17,6,13,6,11,14,17,0,4,19,14,22,20,19,8,11,19,8,19,19,17,20,8,14,20,10,9,14
18,22,8,7,9,16,14,24,7,5,3,5,21,13,4,8,22,7,22,16,23,9,16,10,17,12,9,8,23,18,10,7,8,15,7,27,5,8,3,24,21,5,18,7,7,6,10,5,24,20,5,22,4,5,4,7,4,15,22,7,24,7,22,19,3,16,4,23,7,13,8,3,13,19,6,18,9,16,8,13,17,20,5,0,22,14,25,23,22,11,13,22,6,20,22,20,23,9,17,23,13,7,17
10,6,23,17,15,12,11,19,21,23,20,19,9,16,20,22,5,18,3,12,5,15,12,20,13,16,18,22,18,9,18,22,23,13,24,13,23,17,19,19,15,22,8,21,21,23,16,21,18,7,20,4,21,23,22,21,22,8,10,24,7,22,4,7,20,14,22,17,24,15,21,20,15,9,20,10,18,10,22,14,7,5,19,21,0,16,19,11,10,21,15,21,24,9,5,6,6,19,10,10,13,22,12
9,13,13,12,12,6,10,23,11,14,12,13,19,9,14,15,12,12,14,4,17,11,9,9,10,7,9,12,22,8,7,12,12,7,13,19,14,12,14,23,19,14,14,15,11,13,7,11,22,17,14,13,15,14,14,11,15,13,20,14,16,11,13,17,14,8,13,21,13,6,11,13,7,10,11,7,14,10,14,5,14,17,13,14,15,0,23,21,20,15,6,25,14,10,12,18,13,10,9,20,10,11,8
23,21,28,21,20,23,16,3,26,26,23,22,20,21,23,25,20,23,21,22,22,20,18,26,19,23,25,27,6,18,27,27,28,20,27,27,26,22,22,7,7,24,16,24,26,27,24,24,5,19,23,20,24,26,25,26,25,14,21,27,23,27,20,18,23,21,25,6,27,24,25,23,22,23,23,20,22,17,25,21,15,18,22,24,21,25,0,22,20,20,22,6,27,23,20,19,21,25,17,21,18,27,19
19,16,29,21,19,20,14,22,27,27,24,23,10,19,24,26,14,22,13,19,13,18,16,26,18,21,25,28,21,15,25,27,28,18,28,18,26,20,23,22,19,25,11,24,27,27,22,25,22,11,23,13,24,27,26,27,25,11,9,28,15,27,13,9,24,19,26,21,28,21,26,23,21,18,24,17,22,16,25,19,11,9,22,24,12,22,23,0,10,25,21,24,28,18,14,9,14,23,16,10,16,28,18
16,12,27,19,17,16,12,20,25,25,22,21,3,17,22,24,11,20,10,17,7,16,15,23,16,19,23,26,19,13,23,25,26,17,26,13,24,18,21,20,17,23,9,22,25,25,20,23,20,4,21,10,22,25,24,25,23,9,1,26,9,26,10,5,22,17,24,19,26,19,24,21,19,15,22,15,20,14,23,17,9,7,20,22,10,20,21,8,0,23,19,22,26,15,11,6,12,21,14,2,15,26,16
21,23,16,7,8,19,13,21,13,13,10,9,21,12,10,12,21,8,22,18,23,9,16,13,17,11,12,15,19,18,14,14,15,14,14,28,13,7,9,22,21,12,17,11,13,14,10,11,23,20,10,21,11,13,12,14,12,15,22,14,24,14,21,19,10,15,12,22,14,13,13,10,12,22,10,18,7,15,12,13,16,19,9,11,22,17,23,23,21,0,13,18,14,22,21,20,22,11,16,22,13,14,17
11,13,13,9,9,10,7,19,11,15,12,11,15,6,12,14,12,10,13,7,17,8,5,9,6,4,8,13,18,7,8,12,13,3,14,21,14,9,11,19,16,13,11,13,11,14,4,11,19,15,12,12,13,15,14,11,13,10,17,14,16,12,13,14,12,4,14,18,14,4,11,11,3,11,10,7,11,7,14,2,11,14,11,12,14,7,20,18,16,12,0,21,14,11,12,14,13,7,7,17,7,12,6
25,23,24,17,18,24,17,5,22,22,19,18,21,23,19,21,21,19,22,23,23,19,20,22,21,22,21,23,4,19,23,23,24,22,23,28,22,18,18,8,10,20,18,20,22,23,21,20,7,20,19,21,20,22,21,22,21,15,22,23,24,23,21,19,19,22,21,7,23,23,21,19,23,24,19,21,18,19,21,22,17,20,18,20,22,26,7,23,22,16,23,0,23,24,22,20,23,21,18,23,20,23,20
18,22,6,9,11,16,16,27,6,6,6,7,23,15,7,6,22,10,24,16,25,12,18,10,19,14,9,2,25,18,10,5,8,16,1,27,3,11,6,26,23,9,20,8,6,2,13,8,26,23,7,23,6,6,3,6,5,17,25,7,24,7,23,22,6,17,5,25,2,14,6,6,14,19,10,18,11,18,5,14,19,22,8,5,25,14,27,25,24,13,15,24,0,20,23,22,23,12,19,25,15,7,18
2,8,18,17,18,4,11,21,16,19,17,18,16,15,19,20,8,18,9,7,12,17,11,13,11,12,14,17,20,7,14,17,17,10,18,16,19,17,18,20,17,18,11,19,16,18,13,17,20,14,19,8,19,19,19,16,19,11,17,19,11,16,8,14,18,12,18,19,18,12,16,18,12,2,17,5,19,10,19,10,11,12,18,18,11,10,21,18,17,21,11,23,19,0,8,14,9,15,9,17,15,16,9
8,4,22,18,16,10,10,19,19,23,21,20,10,16,21,23,2,19,3,11,6,15,10,18,11,14,17,21,18,7,16,21,21,11,22,11,23,17,20,18,15,22,8,21,19,22,15,19,18,8,20,2,21,23,23,20,22,8,11,22,7,20,2,9,21,12,22,17,22,13,19,20,14,7,19,8,19,8,22,12,8,7,19,21,5,14,19,14,11,22,13,21,23,7,0,9,2,17,8,11,13,20,10
13,10,24,16,14,15,9,17,22,22,19,18,5,15,19,21,9,17,8,15,7,13,12,22,13,16,20,23,16,10,20,22,24,14,23,12,21,15,18,17,14,20,6,19,22,22,17,20,17,4,18,8,19,22,21,22,20,6,6,23,9,23,8,2,19,14,21,16,23,16,21,19,16,13,19,12,17,11,20,14,6,4,17,19,7,18,18,10,6,20,16,19,23,13,9,0,9,18,11,7,12,23,13
9,5,22,18,16,11,11,19,20,24,21,20,11,17,21,24,2,20,4,11,7,16,11,18,12,15,17,21,18,8,17,21,22,12,23,12,24,18,21,19,16,22,9,22,20,22,15,20,19,9,21,3,22,24,23,20,23,9,12,23,7,21,3,10,21,13,23,18,23,14,20,21,14,8,20,9,19,9,23,13,9,8,20,22,6,15,20,15,12,22,14,21,23,8,2,10,0,18,9,12,14,21,11
15,17,13,5,6,13,11,22,11,11,8,7,18,5,8,10,16,5,17,11,20,5,9,9,10,4,7,12,21,11,8,10,12,7,12,25,10,5,7,22,19,9,15,8,11,12,3,8,22,18,8,16,8,10,9,11,9,13,20,11,20,11,16,17,7,8,10,21,12,5,9,7,5,15,6,11,6,10,10,5,14,17,7,8,18,10,23,21,19,8,5,21,11,15,16,17,17,0,11,20,9,11,10
9,10,17,12,10,9,4,16,15,18,15,14,13,10,15,17,9,13,10,7,13,9,3,14,5,8,12,16,15,4,12,16,17,5,18,18,17,11,14,16,13,16,8,15,15,18,9,15,16,13,14,9,15,18,17,15,16,7,15,18,13,16,9,12,15,6,17,15,18,8,15,15,8,9,15,5,13,2,16,6,8,11,13,15,11,10,17,16,14,16,7,18,18,9,9,12,10,12,0,15,7,16,3
17,12,27,20,18,16,14,22,25,26,23,22,3,19,23,25,12,21,11,19,8,18,16,23,17,20,24,26,21,15,23,26,26,18,27,11,25,20,22,21,18,24,10,23,25,27,21,24,21,6,23,11,23,26,25,25,24,11,3,27,9,25,11,6,23,18,25,20,27,20,25,23,20,16,23,16,21,15,25,18,10,8,22,23,11,20,22,9,3,24,20,24,27,16,12,7,13,22,15,0,16,26,17
13,13,17,8,6,13,4,15,15,14,11,10,11,6,11,13,11,9,12,10,13,6,5,14,7,7,13,16,14,8,14,15,16,8,16,19,14,8,10,15,11,13,8,12,14,15,8,12,14,10,11,12,12,14,13,15,13,5,13,15,15,15,12,10,11,8,13,13,15,10,14,11,9,14,11,9,9,6,13,7,7,10,10,12,12,12,15,13,12,12,8,17,15,13,12,10,13,9,7,13,0,15,7
16,21,4,9,11,14,16,27,3,6,8,9,23,14,9,9,21,11,22,14,23,12,17,8,18,12,7,6,25,16,9,4,3,15,6,26,6,11,8,27,24,8,20,11,2,7,11,6,27,23,9,21,8,6,6,3,7,18,25,6,22,1,22,22,8,16,5,26,6,12,4,8,12,18,9,16,11,18,7,13,19,22,9,7,24,13,28,26,24,13,13,24,7,18,21,22,22,11,18,25,15,0,17
9,11,17,12,10,9,5,17,15,18,15,14,14,9,15,17,10,13,11,7,14,10,4,14,4,7,12,16,16,5,12,16,17,5,17,19,17,12,14,17,14,17,9,15,15,17,8,15,17,13,15,10,15,18,17,15,16,8,15,18,14,16,10,12,15,5,17,15,18,8,15,15,7,10,14,5,13,3,17,5,9,12,14,15,12,10,18,16,14,15,7,19,18,9,10,13,11,11,3,15,7,16,0
