Name: bar-n10-m4-c3-OD-medium
Type: GPDPOD-IMC
Commodity type: 4
Compartment num: 3
CapacityHD: 100
VehicleHDs: 4
CapacityOD: 50
VehicleODs: 5
ID Xc Yc DEMAND StartT EndT SerT PairedID
0,41.3722496,2.1636008,[0, 0, 0, 0],0,240,0,0
1,41.3271083,2.0868381,[3, 6, 1, 4],81,201,10,6
2,41.3804674,2.0809159,[14, 6, 2, 9],0,120,10,7
3,41.4160758,2.1764666,[14, 6, 2, 13],0,110,10,8
4,41.3872974,2.1778131,[7, 2, 1, 9],14,134,10,9
5,41.4436929,2.2246727,[14, 6, 2, 23],0,240,10,10
6,41.4499142,2.2135352,[-3, -6, -1, -4],113,222,10,1
7,41.4113774,2.2072199,[-14, -6, -2, -9],37,157,10,2
8,41.4112566,2.1908185,[-14, -6, -2, -13],15,135,10,3
9,41.3557355,2.105888,[-7, -2, -1, -9],39,159,10,4
10,41.4349816,2.1930256,[-14, -6, -2, -23],0,240,10,5
StartID EndID StartX StartY EndX EndY StartT EndT
11,16,41.3230732,2.0833273,41.4110871,2.1337089,0,720
12,17,41.4577076,2.2032435,41.4290784,2.2093427,0,411
13,18,41.3216326,2.0964703,41.3991212,2.1567492,0,720
14,19,41.3769361,2.105641,41.435607,2.1179232,49,517
15,20,41.352645,2.110783,41.3701104,2.1271576,66,480
edge
0,16,16,13,7,19,17,13,12,13,17,16,18,14,12,12,12,15,10,25,10
12,0,13,19,14,24,22,18,18,8,24,2,23,3,12,7,16,20,17,27,10
14,15,0,17,17,24,21,22,19,10,21,14,21,14,6,11,12,21,15,23,10
12,22,17,0,9,15,11,7,5,18,8,23,11,21,15,17,9,9,7,20,14
7,17,16,8,0,16,14,10,7,15,13,17,16,15,13,14,9,13,7,21,11
17,26,23,13,15,0,5,9,11,24,9,26,8,24,22,23,17,6,17,27,22
18,27,21,12,16,6,0,10,12,24,8,27,6,25,20,24,14,7,17,25,23
11,21,22,8,9,12,10,0,6,19,8,21,11,19,19,17,14,6,12,25,17
12,22,19,5,9,12,9,4,0,19,7,22,11,20,16,18,11,6,9,22,14
12,10,10,18,16,26,22,21,18,0,22,10,22,9,7,3,14,23,16,25,8
16,26,19,8,14,10,6,9,8,22,0,25,7,24,18,22,12,5,13,23,19
13,2,14,20,16,25,23,19,20,9,25,0,25,3,13,8,17,22,18,28,11
17,26,18,11,15,8,4,10,11,21,7,25,0,25,17,22,12,6,16,22,20
14,3,15,22,17,27,24,20,21,10,26,3,26,0,14,9,18,23,19,29,12
10,14,6,15,14,22,18,18,15,7,19,14,19,13,0,8,10,19,12,21,6
11,8,10,18,15,25,23,19,17,3,22,9,23,8,7,0,14,22,15,25,8
12,18,10,9,10,17,13,15,12,13,13,17,13,17,9,14,0,14,7,15,11
13,23,20,8,11,8,6,6,6,20,5,23,7,21,19,19,14,0,13,24,18
10,19,14,6,7,18,14,10,8,15,12,20,15,18,12,14,5,12,0,17,11
24,29,22,20,22,28,24,26,23,25,24,28,24,29,21,25,15,24,19,0,23
9,12,11,14,12,24,21,17,14,8,19,13,21,11,7,7,10,19,11,23,0
