Name: bar-n45-m4-c3-OD-medium
Type: GPDPOD-IMC
Commodity type: 4
Compartment num: 3
CapacityHD: 100
VehicleHDs: 10
CapacityOD: 50
VehicleODs: 23
ID Xc Yc DEMAND StartT EndT SerT PairedID
0,41.3722496,2.1636008,[0, 0, 0, 0],0,240,0,0
1,41.4096189,2.1393877,[7, 2, 1, 14],15,135,10,23
2,41.3638313,2.0926901,[14, 6, 2, 18],23,143,10,24
3,41.3818532,2.0520024,[3, 1, 0, 7],74,194,10,25
4,41.3783978,2.1277763,[14, 6, 2, 7],42,162,10,26
5,41.4258103,2.2260865,[7, 2, 1, 18],112,232,10,27
6,41.3284942,2.086668,[7, 2, 1, 15],0,76,10,28
7,41.3840488,2.0995541,[14, 6, 2, 29],78,198,10,29
8,41.4439526,2.0660729,[3, 1, 0, 7],0,93,10,30
9,41.3804674,2.0809159,[14, 6, 2, 9],0,120,10,31
10,41.3857728,2.091363,[14, 6, 2, 7],70,190,10,32
11,41.3656084,2.0582814,[14, 6, 2, 29],0,240,10,33
12,41.3833251,2.0764792,[14, 6, 2, 14],0,99,10,34
13,41.4548986,2.2100092,[14, 6, 2, 29],129,240,10,35
14,41.4417277,2.237108,[7, 2, 1, 9],0,119,10,36
15,41.411396,2.1370889,[14, 6, 2, 10],111,231,10,37
16,41.4319909,2.2300518,[14, 6, 2, 28],20,140,10,38
17,41.4548604,2.234691,[7, 2, 1, 14],21,141,10,39
18,41.3242511,2.0918881,[3, 1, 0, 7],62,182,10,40
19,41.4433485,2.1807613,[7, 2, 1, 15],15,135,10,41
20,41.4566576,2.2133261,[14, 6, 2, 19],3,123,10,42
21,41.4242744,2.1855493,[14, 6, 2, 18],0,115,10,43
22,41.4446179,2.2398851,[7, 2, 1, 12],33,153,10,44
23,41.409968,2.2022377,[-7, -2, -1, -14],38,158,10,1
24,41.4026572,2.1572714,[-14, -6, -2, -18],50,170,10,2
25,41.4399253,2.2379168,[-3, -1, 0, -7],120,223,10,3
26,41.441527,2.2275919,[-14, -6, -2, -7],73,193,10,4
27,41.374596,2.116264,[-7, -2, -1, -18],145,231,10,5
28,41.4604654,2.2089974,[-7, -2, -1, -15],33,153,10,6
29,41.4003173,2.1546363,[-14, -6, -2, -29],101,221,10,7
30,41.4510034,2.1897076,[-3, -1, 0, -7],29,149,10,8
31,41.4113774,2.2072199,[-14, -6, -2, -9],37,157,10,9
32,41.3613405,2.0847183,[-14, -6, -2, -7],91,211,10,10
33,41.3752067,2.0871221,[-14, -6, -2, -29],0,240,10,11
34,41.4322033,2.1872315,[-14, -6, -2, -14],39,159,10,12
35,41.4525037,2.2152076,[-14, -6, -2, -29],141,222,10,13
36,41.4459049,2.1886791,[-7, -2, -1, -9],21,141,10,14
37,41.4394006,2.1672105,[-14, -6, -2, -10],129,223,10,15
38,41.4497006,2.2229892,[-14, -6, -2, -28],38,158,10,16
39,41.3746212,2.0992452,[-7, -2, -1, -14],59,179,10,17
40,41.4381083,2.20708,[-3, -1, 0, -7],95,215,10,18
41,41.3737407,2.1591137,[-7, -2, -1, -15],44,164,10,19
42,41.4436988,2.2252387,[-14, -6, -2, -19],19,139,10,20
43,41.4573228,2.2032651,[-14, -6, -2, -18],18,138,10,21
44,41.3182357,2.0824932,[-7, -2, -1, -12],69,189,10,22
StartID EndID StartX StartY EndX EndY StartT EndT
45,68,41.4544532,2.2186274,41.4528571,2.2348045,0,411
46,69,41.4460569,2.2221081,41.4698459,2.1816529,42,468
47,70,41.455319,2.2086932,41.4173957,2.2100637,0,720
48,71,41.4160758,2.1764666,41.4112566,2.1908185,0,405
49,72,41.3741969,2.1245221,41.4012738,2.1441641,140,440
50,73,41.4368981,2.2348379,41.4303138,2.1855012,127,466
51,74,41.3519567,2.0735431,41.4181979,2.1769714,55,502
52,75,41.3271083,2.0868381,41.4499142,2.2135352,81,504
53,76,41.4404673,2.2378337,41.4449382,2.2241955,0,411
54,77,41.4569328,2.0624987,41.3711077,2.1131479,90,510
55,78,41.351608,2.0737941,41.3672918,2.1148142,37,454
56,79,41.3230732,2.0833273,41.4110871,2.1337089,0,720
57,80,41.4590049,2.1968273,41.3740481,2.1087776,0,465
58,81,41.4406203,2.2241249,41.4354096,2.171624,0,720
59,82,41.3684347,2.0991589,41.4505409,2.2368208,67,535
60,83,41.4298515,2.1820608,41.3849029,2.0854836,56,497
61,84,41.451625,2.2341474,41.4495961,2.2180694,110,470
62,85,41.429631,2.2253478,41.3755228,2.1409372,70,514
63,86,41.4184792,2.143728,41.3181394,2.0751992,81,513
64,87,41.4490281,2.2108257,41.376514,2.1375849,66,531
65,88,41.3189186,2.1017005,41.4269596,2.2253214,0,720
66,89,41.322348,2.0923512,41.4401413,2.1478097,89,491
67,90,41.3636997,2.095824,41.4504896,2.2198529,73,520
edge
0,12,16,19,8,13,16,14,18,16,14,17,17,17,17,12,14,17,15,18,18,13,17,12,11,16,17,10,18,10,19,13,17,14,16,18,18,17,18,13,16,3,17,17,16,19,18,17,13,9,15,15,16,16,21,15,16,18,16,14,14,17,14,14,16,15,15,16,18,21,13,12,9,16,13,17,19,12,12,12,12,16,16,15,18,6,16,8,13,19,18
12,0,12,14,8,16,18,9,12,12,10,16,13,12,18,2,16,17,19,10,13,10,19,13,6,18,18,10,13,6,11,13,12,10,12,14,11,8,15,11,13,12,16,12,17,15,16,12,7,11,17,15,19,18,15,15,18,13,17,12,10,18,17,3,14,18,19,13,17,14,14,10,5,11,8,13,17,12,13,3,12,9,18,11,15,10,17,11,16,9,14
15,14,0,11,10,24,13,8,16,8,9,11,8,20,27,12,24,25,13,18,21,20,27,22,17,26,25,8,21,15,19,22,5,5,21,22,19,16,23,7,21,14,24,20,11,23,24,20,18,10,25,7,13,26,19,7,12,21,25,6,19,26,25,14,22,13,13,2,25,22,23,19,14,21,18,21,25,7,7,12,8,17,26,8,23,11,11,12,23,17,22
19,17,12,0,13,27,17,10,19,8,10,8,6,23,30,15,27,28,18,21,24,22,30,25,19,29,28,12,24,18,22,25,12,9,24,25,22,19,26,10,24,19,27,23,17,26,27,23,21,14,28,11,18,29,22,11,18,24,28,11,22,29,28,17,25,18,18,12,28,25,25,22,16,24,21,24,28,13,14,15,12,20,29,9,26,15,18,16,27,20,25
7,9,11,13,0,19,13,8,15,9,8,15,10,19,21,9,18,21,13,17,20,14,21,15,11,20,21,4,20,9,18,15,11,8,17,21,18,15,22,6,18,7,21,19,13,22,22,19,13,3,19,12,13,20,18,12,14,20,20,8,15,21,20,12,20,13,13,11,22,21,16,13,8,16,13,20,22,6,6,9,5,16,20,9,22,3,13,4,19,16,21
14,17,22,24,19,0,23,19,22,22,20,25,22,8,6,14,2,8,23,9,9,9,7,7,15,5,6,21,9,15,9,5,22,20,10,8,9,10,7,21,6,15,6,8,23,8,8,8,11,20,5,22,24,5,25,22,24,9,5,22,9,8,3,15,7,22,23,22,8,11,5,9,16,9,11,7,8,22,22,15,22,10,7,21,9,17,24,18,1,13,8
12,16,10,15,11,18,0,12,20,13,13,11,13,22,22,15,19,22,2,21,23,20,23,17,18,21,22,12,23,16,23,18,10,11,23,23,23,20,23,10,21,12,22,22,4,24,24,22,19,10,21,8,2,21,23,8,2,23,21,10,21,22,19,17,22,4,3,10,23,26,19,18,14,23,19,22,24,11,10,16,12,21,22,13,24,10,5,11,18,21,24
13,11,9,8,7,21,16,0,13,5,3,11,6,17,23,9,21,22,16,15,17,16,24,18,13,23,22,7,18,12,16,19,9,5,18,19,16,13,19,5,18,12,21,17,14,19,21,17,14,7,22,12,16,23,16,12,15,17,22,7,16,23,21,10,18,16,15,9,22,19,19,16,10,17,15,18,21,8,9,9,7,14,22,4,19,9,14,10,21,14,19
19,13,15,17,14,24,22,12,0,15,13,19,15,20,26,11,24,24,22,17,20,19,26,22,16,25,25,15,21,15,19,23,15,13,20,21,19,15,22,14,20,18,24,19,20,22,24,20,17,15,25,18,22,25,5,18,21,20,24,15,18,26,24,13,21,22,22,15,25,22,23,20,12,20,17,20,24,16,17,12,15,17,25,14,22,16,20,16,24,17,22
14,14,7,7,9,24,15,5,16,0,4,9,3,20,26,11,24,24,15,17,20,19,26,21,16,26,25,7,21,15,19,22,8,4,21,21,19,15,22,5,21,14,24,19,13,22,24,20,17,9,25,10,15,25,19,10,14,20,25,6,19,26,24,13,21,15,15,8,25,22,22,19,13,20,17,21,24,8,9,12,7,17,25,3,22,10,13,11,24,17,22
14,12,8,8,8,22,16,3,14,3,0,11,5,18,25,10,22,23,16,16,19,17,25,20,14,24,23,7,19,13,17,20,9,5,19,20,17,14,21,5,19,14,22,18,14,21,22,18,16,9,23,11,16,24,17,12,15,19,23,7,17,24,23,12,20,16,16,9,23,20,20,17,11,19,16,19,23,8,9,10,7,15,24,3,21,10,14,11,22,15,20
17,17,11,6,14,23,12,11,20,9,11,0,8,24,27,15,24,27,13,21,24,23,27,22,20,26,27,13,24,18,23,23,11,10,24,25,23,19,26,11,24,18,27,23,13,26,28,24,21,14,26,6,13,26,23,6,13,24,26,12,22,27,24,17,25,13,14,12,28,26,24,23,17,24,21,24,28,14,14,16,13,21,27,10,26,15,13,16,23,21,26
15,15,8,6,10,25,16,6,17,3,5,9,0,21,27,13,25,26,16,19,21,20,28,22,17,27,26,8,22,16,20,23,9,5,22,23,20,17,24,6,22,15,25,21,14,23,25,21,19,10,26,11,16,27,20,11,15,22,26,7,20,27,26,14,22,16,16,9,26,23,23,20,14,21,19,22,25,9,11,13,8,18,26,4,23,11,14,12,25,18,23
18,14,19,21,18,10,26,16,19,19,17,23,20,0,9,12,8,7,26,6,2,9,8,11,16,8,7,19,3,16,7,11,19,17,10,2,6,7,4,18,7,19,5,3,24,4,5,1,11,20,7,22,26,8,22,22,25,3,7,19,8,8,10,13,4,26,26,20,6,9,9,12,15,8,11,2,6,20,22,12,19,8,8,18,4,20,24,20,10,11,3
16,19,24,26,21,6,26,21,24,23,22,27,24,7,0,16,4,5,25,11,7,11,2,10,17,4,4,22,9,17,11,9,24,22,12,6,11,12,4,23,9,18,3,9,26,5,5,8,13,22,3,24,26,4,27,24,26,9,4,24,12,4,5,17,8,24,25,24,4,13,7,11,18,11,13,6,5,24,24,17,24,12,4,23,6,19,26,20,6,15,5
11,3,11,13,7,16,17,8,11,11,9,15,11,12,18,0,16,17,18,10,12,10,19,13,7,18,17,9,13,6,11,14,11,9,12,14,11,8,14,10,13,11,16,11,16,14,16,12,8,10,17,14,18,18,14,14,17,12,17,11,10,18,16,4,13,17,18,11,17,14,14,11,4,12,8,13,16,11,12,2,11,9,17,10,14,9,16,10,16,9,14
15,17,23,25,20,2,24,20,23,22,21,26,23,9,5,15,0,8,24,10,9,10,6,8,16,5,6,21,10,16,10,6,23,21,10,9,10,11,7,21,7,16,6,9,24,7,7,9,12,21,4,23,25,5,26,23,25,9,5,23,10,7,2,16,7,23,23,23,7,12,6,10,17,9,12,7,7,23,23,16,23,11,7,21,9,18,25,19,2,14,8
18,18,24,26,22,9,27,21,24,23,21,28,24,7,7,16,7,0,27,11,7,13,5,11,19,8,6,23,7,19,11,10,24,22,14,6,10,12,5,22,10,19,6,8,27,5,6,7,14,23,7,26,28,8,26,26,28,9,6,23,12,3,9,17,7,26,26,24,3,13,9,12,19,12,15,6,6,25,26,17,24,12,3,22,6,21,28,21,9,15,5
14,18,12,17,13,20,3,14,22,15,15,13,15,24,24,17,21,24,0,23,25,22,25,19,20,23,24,14,25,18,25,20,12,13,25,25,25,22,25,12,23,14,24,24,3,26,26,24,21,12,23,10,2,23,25,10,3,25,23,12,23,24,21,19,24,3,2,12,25,28,21,20,16,25,21,24,26,13,12,18,14,23,24,15,26,12,5,13,20,23,26
18,11,16,18,15,10,23,13,16,16,14,20,16,6,12,9,10,10,23,0,6,7,12,11,13,11,11,16,7,13,5,10,16,14,8,7,5,4,8,15,7,19,10,5,21,8,10,6,8,16,11,19,23,11,19,19,22,6,10,16,5,12,10,10,7,23,23,16,11,7,9,10,12,7,7,7,10,17,18,9,16,4,11,15,8,17,21,17,10,8,8
19,16,21,23,20,10,28,18,21,20,18,25,21,2,9,13,9,7,28,8,0,11,8,13,18,9,7,21,4,18,8,12,21,19,11,3,8,9,4,19,8,21,6,4,26,3,6,3,13,21,8,24,28,9,24,24,27,5,7,20,9,8,10,14,5,28,27,21,7,10,11,14,16,10,13,4,6,22,23,14,21,9,8,19,5,21,26,22,11,12,4
14,10,19,21,14,9,23,16,19,18,17,23,19,8,11,10,9,12,23,6,9,0,12,6,8,11,11,15,9,10,7,7,19,17,4,9,6,6,10,17,7,14,11,8,23,10,11,8,4,15,10,22,24,11,22,22,24,9,10,19,2,12,9,10,8,22,23,19,12,9,6,4,10,3,4,8,12,17,18,10,17,4,11,17,10,13,23,13,9,11,9
17,19,24,26,21,7,26,22,24,24,22,27,25,8,3,17,5,4,25,11,8,11,0,10,17,5,4,23,9,17,12,9,24,22,13,7,11,13,5,23,9,18,4,9,26,6,6,8,13,22,4,25,26,5,27,25,26,10,4,24,12,3,6,18,8,25,25,25,4,14,7,11,18,12,13,7,6,24,24,17,24,13,4,23,7,20,26,20,7,16,6
12,13,22,23,15,8,22,19,22,21,19,23,22,10,10,13,7,10,21,10,11,5,10,0,11,9,10,17,11,12,11,3,22,20,8,11,11,9,11,19,8,13,10,10,21,11,11,10,7,16,8,20,22,9,25,20,22,11,9,21,6,10,8,12,10,20,21,22,11,13,4,5,12,7,7,10,11,18,19,13,18,8,9,20,12,13,22,14,8,14,11
10,5,15,17,9,14,19,12,14,14,12,19,15,14,16,6,13,16,19,11,14,7,16,10,0,15,16,11,15,5,13,10,15,13,10,15,12,10,16,13,13,10,16,14,19,16,17,14,5,11,14,18,19,15,17,18,20,14,15,14,8,16,14,6,14,19,19,15,17,15,11,7,4,10,6,14,17,13,14,6,12,9,15,13,16,9,19,9,14,12,15
17,19,25,27,22,5,26,22,25,24,22,28,25,9,3,17,3,7,26,12,9,12,3,10,18,0,6,23,11,18,12,9,25,23,13,8,12,13,6,23,9,18,5,10,26,7,7,10,13,22,3,25,27,2,27,25,27,11,5,24,13,6,4,18,10,25,26,25,6,14,8,11,18,12,14,8,7,25,25,18,25,13,6,23,8,20,27,20,5,16,7
17,18,24,26,21,6,26,22,24,24,22,27,25,6,5,17,5,5,25,10,6,11,4,10,17,4,0,22,8,17,11,9,24,22,11,5,10,12,3,23,8,18,2,8,26,4,4,7,12,22,4,25,26,4,27,25,26,8,3,24,11,4,6,18,7,25,25,25,5,13,7,10,18,10,13,5,3,24,24,17,24,12,5,23,5,19,26,20,6,16,4
9,10,8,11,3,20,13,6,15,7,6,13,8,19,22,10,19,22,14,16,19,15,22,16,12,21,22,0,19,10,18,17,9,5,18,20,18,14,21,4,19,8,22,18,13,21,23,19,14,3,20,10,14,21,18,10,14,19,21,5,16,22,21,12,20,13,14,8,23,20,17,14,9,17,14,19,23,3,4,10,2,16,21,7,21,4,13,5,20,16,21
18,14,19,21,18,10,26,16,19,18,17,23,19,2,10,11,10,8,26,6,3,9,10,11,16,10,8,19,0,16,6,10,19,17,10,4,6,7,6,18,7,19,7,3,24,5,7,2,11,19,9,22,26,10,22,22,25,3,9,19,8,9,10,12,5,26,26,19,8,8,9,12,15,9,11,4,7,20,21,12,19,7,8,18,5,20,24,20,10,10,5
10,5,14,16,8,15,18,11,14,14,12,18,14,14,17,5,14,17,18,12,15,8,17,11,3,16,17,10,15,0,13,11,14,12,11,16,13,10,17,12,14,10,17,14,18,16,18,14,6,10,15,17,19,16,17,17,19,15,16,14,9,17,15,5,15,18,19,14,18,16,12,9,3,11,6,15,18,12,13,5,11,10,16,13,16,9,18,9,15,11,16
17,12,18,20,16,9,24,15,18,17,15,22,18,5,12,10,9,10,25,4,6,7,12,11,14,11,11,17,6,15,0,10,18,16,8,7,4,6,8,16,6,19,9,5,22,8,10,5,9,18,10,20,25,11,20,20,24,6,10,17,6,12,10,11,7,24,24,18,10,6,9,10,13,7,9,6,10,19,20,11,18,6,11,16,8,18,22,19,10,9,8
11,14,21,24,16,6,21,19,23,22,20,22,23,10,10,14,7,10,20,11,11,6,10,3,12,9,10,18,11,12,12,0,21,21,9,11,11,11,11,20,7,13,9,10,20,11,11,10,8,17,8,19,21,9,26,19,21,11,9,21,7,10,7,14,9,19,20,21,10,14,3,6,13,8,8,10,11,19,19,14,19,10,9,21,11,14,21,15,6,16,11
16,14,5,11,10,23,12,8,16,9,9,11,9,20,26,12,24,25,12,18,20,19,27,22,16,26,25,8,21,15,19,22,0,6,21,22,19,16,22,7,21,15,24,20,10,22,24,20,17,10,25,8,13,26,19,8,11,20,25,6,19,26,24,13,21,12,12,5,25,22,23,19,13,20,18,21,24,9,9,12,9,17,25,9,22,11,10,12,23,17,22
12,12,5,7,7,22,12,5,15,4,5,9,5,18,25,10,22,23,13,16,19,18,25,20,15,24,24,5,19,13,17,20,6,0,19,20,18,14,21,3,19,12,22,18,11,21,22,18,16,7,23,8,13,24,18,8,12,19,23,4,17,24,23,12,20,13,12,5,23,20,21,17,12,19,16,19,23,6,8,11,5,16,24,4,21,8,11,9,22,15,20
16,12,20,22,15,9,25,17,20,19,17,24,20,8,12,12,10,12,26,6,8,4,13,8,11,12,11,17,9,12,7,9,20,18,0,9,6,6,10,18,6,16,10,8,25,9,11,8,6,17,11,23,26,12,23,23,26,9,10,20,2,13,10,10,8,25,25,20,12,9,8,7,12,2,6,8,12,19,20,12,19,5,12,18,10,15,25,16,9,11,9
18,15,20,22,19,9,27,18,20,20,18,25,21,2,8,13,8,6,27,7,3,9,8,11,16,8,6,20,4,18,7,10,21,19,10,0,6,8,4,19,6,19,5,4,25,3,5,3,12,21,7,23,27,8,23,23,27,5,7,20,8,7,9,14,3,26,26,21,6,10,9,12,16,8,12,2,5,21,23,14,21,8,7,19,3,21,25,21,10,12,3
17,12,18,20,16,9,24,15,18,17,15,22,18,5,11,10,9,9,25,3,5,5,11,10,12,11,9,18,6,14,4,9,18,16,6,6,0,4,7,16,6,18,8,4,23,6,8,5,8,18,10,21,25,10,21,21,24,5,10,17,4,10,9,11,5,25,24,18,9,6,8,8,13,5,8,5,8,19,20,11,18,4,10,16,6,17,23,17,9,9,6
17,9,15,17,13,11,21,12,15,14,12,19,15,7,13,7,11,12,22,5,7,6,14,11,11,13,12,14,8,12,6,11,15,13,7,9,6,0,10,13,8,17,11,7,19,9,11,7,6,15,12,18,22,13,18,17,21,8,12,14,5,13,12,8,8,21,21,15,12,8,10,9,10,7,6,8,11,16,17,8,15,3,12,13,9,15,19,16,11,6,9
20,18,24,26,22,9,29,21,24,23,21,28,24,6,8,16,8,6,28,10,6,12,7,13,19,7,6,24,8,20,10,12,24,22,13,5,9,11,0,22,9,21,5,7,29,4,5,7,15,24,7,27,29,7,27,27,29,8,6,23,11,7,9,17,6,28,28,24,6,13,10,14,19,11,15,5,5,25,26,17,24,11,7,22,5,23,29,23,9,15,4
11,11,7,9,6,21,13,5,13,6,6,12,6,17,24,9,21,22,14,15,18,17,24,19,14,23,22,4,18,12,16,19,8,4,18,19,16,13,20,0,18,11,21,17,12,20,21,17,15,6,22,9,14,23,16,9,14,18,22,3,16,23,22,11,19,13,14,7,22,19,20,16,11,18,15,18,22,5,6,9,4,14,23,6,20,7,13,8,21,14,19
15,15,21,23,19,7,25,18,21,20,19,25,21,7,10,13,7,10,24,7,7,7,10,9,14,9,9,20,8,15,8,8,21,19,6,7,7,8,8,19,0,17,8,6,24,8,9,7,9,20,8,23,25,9,24,23,25,7,8,21,6,10,7,14,6,23,24,21,10,10,6,9,15,5,9,6,9,22,23,14,21,8,9,19,8,18,25,18,7,12,7
3,11,14,17,7,15,15,12,17,14,13,19,15,19,19,11,16,19,15,17,20,12,19,13,10,18,19,9,20,9,19,14,16,13,15,20,18,16,20,12,17,0,19,19,15,20,20,19,12,8,17,16,15,18,20,16,16,20,18,13,13,19,16,13,18,15,15,15,20,20,14,11,8,15,12,19,20,10,11,10,11,15,18,14,20,4,15,6,15,18,20
18,18,24,26,22,7,27,21,24,23,21,28,24,6,6,16,6,6,27,10,6,12,5,11,18,6,4,23,8,19,10,10,24,22,13,5,9,11,3,22,8,19,0,7,27,4,3,7,14,23,5,26,28,6,26,26,28,8,4,23,11,6,7,17,6,26,26,24,6,13,9,12,19,11,14,5,3,25,26,17,24,11,6,22,5,21,28,21,8,15,4
17,13,18,20,17,9,25,16,18,18,16,23,19,3,10,11,9,8,25,6,3,9,9,11,15,9,8,18,2,16,6,10,18,17,9,4,6,7,5,17,6,18,7,0,23,5,7,3,10,19,9,21,25,9,21,21,24,2,8,18,7,9,10,12,4,25,25,19,8,8,8,11,14,8,10,3,7,19,21,11,18,7,9,17,5,19,23,20,9,10,5
14,18,10,16,13,20,3,12,20,13,13,13,13,24,24,15,21,24,3,21,24,22,24,19,19,23,24,12,25,18,23,20,10,11,25,25,23,19,25,10,23,14,24,23,0,26,25,24,21,12,22,10,3,23,23,10,2,24,23,10,23,24,21,17,23,3,2,10,25,26,20,20,16,24,21,24,25,12,11,16,12,21,23,13,25,12,2,13,20,21,25
19,16,21,23,20,9,28,19,21,21,19,26,22,3,8,14,8,6,28,8,3,10,7,12,17,8,6,21,5,19,8,11,21,20,11,2,7,9,3,20,7,20,5,5,26,0,5,3,13,22,7,24,28,8,24,24,27,6,6,21,9,7,9,15,4,27,27,22,6,11,10,13,17,9,12,3,5,22,24,14,21,9,7,20,3,22,26,22,9,13,3
19,18,23,25,22,8,28,20,23,22,21,27,23,6,8,15,7,7,28,10,7,12,7,12,18,7,6,23,8,19,10,11,23,21,12,6,10,11,4,21,7,20,4,7,28,5,0,7,14,23,6,26,28,7,26,26,29,8,5,23,11,7,8,16,5,27,27,23,7,12,10,12,19,11,14,5,3,24,25,16,23,11,7,22,5,21,28,21,8,14,5
19,15,21,23,19,11,27,18,21,20,18,25,21,2,9,13,9,8,28,7,3,10,9,12,17,9,8,21,4,18,8,12,21,19,10,3,7,9,5,19,7,20,6,4,26,5,6,0,13,21,8,24,28,9,24,24,27,5,8,20,8,9,10,14,5,27,27,21,7,10,10,13,16,9,12,3,7,22,23,14,21,9,9,19,5,21,26,22,11,12,4
12,8,17,19,12,11,21,14,17,17,15,21,17,11,13,8,10,13,22,8,11,3,13,7,6,12,13,13,11,8,10,7,17,15,7,12,9,7,12,16,9,12,13,10,22,12,14,11,0,13,11,20,22,12,20,20,23,11,12,17,5,13,11,8,11,21,22,17,14,11,8,5,8,6,2,11,14,16,17,9,15,6,12,16,12,11,22,11,11,10,12
8,10,9,13,2,19,12,8,15,9,8,14,10,19,21,10,19,21,13,17,20,14,22,15,11,21,21,4,20,10,18,16,11,8,17,21,19,15,22,6,19,7,21,19,13,22,23,19,13,0,20,10,13,20,18,10,14,20,20,7,15,21,20,12,21,13,13,9,22,21,16,13,8,17,13,20,23,4,5,9,5,17,21,9,22,3,13,4,19,16,21
16,18,24,26,21,4,26,21,24,23,21,27,24,8,4,16,3,7,25,11,9,11,4,9,17,3,5,22,11,17,11,8,24,22,13,8,11,12,6,22,9,18,5,9,25,6,6,9,13,22,0,24,26,3,27,24,26,10,4,23,12,6,4,17,9,24,25,24,6,13,7,11,18,11,13,8,6,24,24,17,24,12,6,22,8,19,26,20,4,15,7
15,15,6,12,11,22,11,9,17,10,10,7,11,21,26,13,23,26,12,19,21,20,26,21,17,25,26,9,22,16,20,22,8,8,22,23,20,17,24,8,22,16,25,21,10,23,25,21,19,11,24,0,12,25,20,1,11,22,25,7,20,26,23,14,22,12,12,7,26,23,22,20,14,21,19,22,25,10,9,13,10,18,25,10,23,13,10,13,22,18,23
12,16,10,15,11,18,1,12,20,13,13,11,14,22,22,16,19,22,2,22,23,20,23,17,18,22,22,12,23,17,23,18,10,11,23,24,23,20,23,11,22,12,22,22,4,24,24,22,19,10,21,8,0,22,23,8,2,23,21,10,21,22,20,17,22,4,3,10,23,26,19,18,14,23,19,22,24,11,10,16,12,21,22,13,24,11,5,11,18,21,24
17,19,25,27,22,6,26,22,25,24,22,28,25,8,1,17,4,6,26,12,8,12,2,10,18,3,4,23,10,18,12,9,25,23,13,7,11,13,5,23,9,18,4,9,26,6,6,9,14,22,4,25,27,0,28,25,27,10,4,24,12,4,6,18,8,25,26,25,5,14,8,12,18,12,14,7,6,25,25,18,25,13,5,23,7,20,27,20,6,16,6
21,16,18,19,16,26,24,15,5,17,15,22,18,22,28,14,26,27,25,20,22,21,29,25,18,28,27,17,23,17,21,25,18,16,23,24,21,18,25,16,23,20,26,22,22,24,26,22,20,18,27,20,25,28,0,20,24,22,27,17,21,28,26,15,23,24,24,18,27,20,25,22,15,22,20,23,26,19,20,14,18,19,27,16,24,18,22,19,26,19,24
16,15,7,12,11,22,11,9,17,10,11,6,11,21,26,13,23,26,12,19,22,21,26,21,18,25,26,10,22,16,20,22,8,8,22,23,20,17,24,8,22,16,25,21,10,24,25,21,19,11,24,1,12,25,20,0,12,22,25,7,20,26,23,15,23,12,12,7,26,23,22,20,15,22,19,22,26,10,9,13,10,18,25,10,24,13,10,14,22,18,23
13,17,11,16,12,20,2,13,21,14,14,12,15,24,23,17,21,24,2,23,24,21,24,19,19,23,23,13,25,18,24,19,11,12,24,25,24,21,24,12,23,13,23,23,2,25,25,24,20,12,22,10,2,23,24,9,0,24,23,11,22,24,21,18,23,4,3,11,24,27,20,20,16,24,21,23,25,12,11,17,13,22,23,14,25,12,3,13,20,22,25
18,14,19,21,18,10,26,17,19,19,17,24,20,4,11,12,10,9,26,7,4,10,10,12,16,11,9,19,4,17,7,11,20,18,10,6,7,8,6,18,7,20,8,2,24,6,8,4,12,20,10,22,27,11,22,22,26,0,9,19,8,10,11,13,5,26,26,20,9,9,9,12,15,9,11,5,8,20,22,13,20,8,10,18,6,20,24,21,10,11,6
17,18,23,25,21,6,26,21,23,23,21,27,24,6,6,16,5,6,26,10,7,11,5,10,17,5,4,22,9,17,11,9,23,22,11,6,10,12,4,22,6,18,2,8,26,4,3,7,12,22,4,25,26,5,26,25,26,9,0,23,10,5,6,17,6,25,25,24,6,13,7,10,18,10,13,5,3,24,24,16,23,12,5,22,5,19,26,20,6,15,5
12,13,5,11,7,23,12,7,15,7,8,12,8,19,25,11,23,24,12,17,19,18,26,20,15,25,24,5,20,14,18,20,7,5,20,21,18,15,21,4,20,12,23,19,12,21,23,19,16,7,24,8,13,25,18,8,13,19,24,0,18,25,23,12,20,12,13,5,24,21,21,17,12,19,17,20,23,4,5,11,4,16,24,8,21,8,12,9,23,16,21
15,10,18,20,14,10,23,15,18,18,16,22,19,8,13,10,11,12,24,5,8,3,14,8,10,13,12,15,9,11,7,8,18,16,4,9,6,4,9,17,7,15,11,7,23,9,11,8,5,16,12,21,24,13,21,21,24,8,11,18,0,13,11,9,8,24,24,19,12,8,7,6,10,4,4,8,11,18,19,10,17,3,13,17,9,14,23,15,11,9,9
18,19,24,26,22,9,27,21,24,24,22,28,24,7,6,17,7,2,27,11,7,13,5,11,19,8,6,24,7,19,11,10,24,22,14,6,11,12,5,23,10,19,6,8,27,5,6,8,14,23,7,26,28,8,27,26,28,9,6,24,12,0,9,17,8,26,26,24,1,13,9,12,19,13,15,6,7,25,26,17,24,12,3,23,6,21,28,21,9,15,5
15,17,23,25,19,3,25,20,23,22,20,26,23,8,5,15,3,7,24,10,9,9,6,8,15,5,5,21,10,15,10,7,23,21,10,8,10,11,6,21,6,17,5,8,24,7,7,8,11,20,4,23,25,5,25,23,25,9,4,22,9,7,0,16,6,23,24,23,7,12,6,9,16,8,11,6,7,22,23,16,22,11,7,21,8,18,25,18,3,14,7
13,6,13,15,10,16,20,10,13,13,11,17,13,12,18,4,16,17,20,9,12,9,18,14,7,18,17,12,13,7,11,14,13,11,10,14,11,8,14,12,13,13,16,11,18,14,16,12,8,12,17,16,20,18,16,16,19,12,17,13,8,18,16,0,13,20,20,13,17,14,13,11,6,10,8,13,16,14,15,4,13,9,17,12,14,12,18,12,16,9,14
17,15,21,23,19,9,26,18,21,20,18,25,21,3,8,13,8,7,26,7,4,10,8,10,16,8,6,20,5,18,8,10,21,19,10,3,7,8,4,19,5,18,5,4,25,3,5,4,12,21,7,24,27,8,24,24,27,5,7,20,8,7,9,14,0,25,26,21,6,10,8,11,16,9,12,2,6,22,23,14,21,8,8,19,3,20,26,20,9,12,3
14,18,12,17,13,20,4,14,22,15,15,13,16,24,24,18,21,24,3,24,25,22,25,19,20,24,24,13,25,19,25,20,12,13,25,26,25,22,25,13,24,14,24,24,3,26,26,24,21,12,23,10,4,24,25,10,4,25,23,12,23,24,22,19,24,0,2,12,25,28,21,20,16,25,21,24,26,13,12,18,13,23,24,15,26,13,4,13,20,23,26
14,18,12,17,13,20,3,14,22,14,15,13,15,24,24,17,21,24,2,23,25,22,25,19,20,24,24,14,25,19,25,20,12,13,25,26,25,21,25,12,24,14,24,24,2,26,26,24,21,12,23,10,2,24,25,10,3,25,23,12,23,24,22,19,24,3,0,12,25,27,21,20,16,25,21,24,26,13,12,18,14,23,24,15,26,13,4,13,20,22,26
15,14,2,11,9,24,12,8,16,8,9,10,8,20,26,11,24,25,13,17,20,19,26,22,16,26,25,8,21,15,19,22,5,5,21,22,19,16,22,6,21,14,24,19,11,22,24,20,17,10,25,7,13,26,19,7,12,20,25,6,19,26,24,13,21,12,13,0,25,22,22,19,13,20,18,21,24,7,6,12,7,17,25,8,22,11,11,12,24,17,22
18,18,24,25,22,9,27,21,23,23,21,28,24,7,6,16,7,2,27,11,7,13,5,11,18,7,6,23,7,19,11,10,24,22,14,6,10,12,5,22,10,19,6,8,27,5,6,7,14,23,7,26,27,7,26,26,28,9,6,23,12,2,8,17,7,26,26,24,0,13,9,12,19,12,14,6,6,25,26,17,24,12,2,22,6,21,27,21,9,15,5
21,16,21,23,20,13,28,18,21,20,19,25,21,9,16,13,13,14,28,7,10,10,16,15,17,15,14,21,10,18,7,14,21,19,12,11,8,9,12,19,10,22,13,9,26,12,13,9,12,21,14,24,28,15,23,24,27,10,14,21,8,15,14,14,11,28,28,21,14,0,12,13,16,11,12,10,14,22,23,14,21,9,15,19,12,21,26,22,13,12,11
13,14,22,24,17,5,22,20,22,22,20,23,23,9,8,14,5,8,22,10,9,7,8,4,12,7,8,18,9,13,10,3,23,21,9,10,10,11,9,21,6,14,8,8,22,10,9,9,8,18,6,21,22,7,25,21,22,9,7,22,7,8,6,14,8,21,21,23,9,12,0,6,14,7,8,8,10,20,21,15,20,10,7,21,10,15,22,16,4,14,10
12,11,20,21,13,8,21,16,20,19,17,23,20,10,10,11,7,10,21,9,10,4,10,4,9,9,10,15,11,10,10,4,20,18,7,11,9,8,11,17,7,13,10,9,21,11,11,10,5,14,8,20,22,9,23,20,22,10,8,19,5,10,8,11,9,20,21,20,11,12,4,0,10,6,6,9,11,16,17,11,16,7,9,18,11,12,22,12,8,13,11
9,3,14,15,7,16,17,10,13,13,11,18,14,14,17,4,15,18,17,11,14,9,18,12,5,17,17,9,15,4,13,12,14,12,12,16,13,9,16,11,15,9,17,13,17,16,18,14,7,9,16,16,18,17,16,16,18,14,16,13,10,18,16,6,15,17,18,14,18,16,12,9,0,12,7,15,18,11,12,4,10,11,17,12,16,8,17,8,16,11,16
15,11,19,21,14,10,24,16,19,18,16,23,19,7,13,11,10,12,24,5,8,3,13,7,9,12,12,16,8,11,6,8,19,17,2,8,5,5,9,17,6,15,10,7,24,9,10,7,5,16,11,22,25,12,22,22,25,8,10,18,1,13,10,9,8,24,24,19,11,8,7,6,11,0,5,7,11,18,19,11,17,3,12,17,9,14,24,14,10,10,8
13,8,17,19,12,11,21,14,17,16,15,21,17,10,13,8,10,13,22,7,10,3,13,7,7,12,13,13,11,9,9,7,17,15,6,11,8,6,12,16,9,13,12,9,22,11,13,10,1,14,11,20,22,12,20,20,23,10,11,17,4,13,11,8,10,22,22,17,14,10,7,5,8,6,0,10,13,16,17,8,15,5,12,16,11,12,22,12,11,10,11
18,16,21,23,20,9,27,19,21,21,19,26,22,3,9,14,8,7,27,7,4,10,8,11,17,8,7,21,5,18,8,10,21,20,10,4,7,9,4,20,6,19,5,5,26,4,6,4,12,22,8,24,27,8,24,24,27,6,7,21,8,8,10,15,3,26,26,22,7,10,9,12,17,9,12,0,6,22,24,14,21,9,8,20,4,21,26,21,10,13,4
18,18,23,25,22,7,27,21,23,23,21,28,24,6,6,16,6,6,27,10,6,12,5,11,18,6,4,23,8,19,10,10,23,21,12,5,9,11,3,22,8,19,3,7,27,4,3,6,14,23,5,26,28,6,26,26,28,8,4,23,11,6,7,17,5,26,26,24,6,12,9,12,19,11,14,5,0,24,26,16,23,11,6,22,4,21,28,21,8,15,4
10,12,7,11,4,22,12,7,15,8,7,13,8,19,23,11,21,23,13,17,20,16,24,18,13,23,23,2,20,12,18,18,9,6,19,21,18,15,22,5,20,9,23,19,12,22,23,19,15,4,22,9,13,23,18,9,13,20,22,4,17,24,22,13,21,12,13,8,24,21,18,15,10,19,15,20,24,0,3,11,2,16,23,8,22,6,12,7,22,16,21
11,13,7,13,6,21,12,8,17,9,9,12,10,21,25,12,22,25,12,18,21,17,25,19,14,24,25,3,22,13,20,19,8,7,21,22,20,16,23,6,22,11,24,20,12,23,25,21,16,5,23,8,12,24,20,8,13,21,24,6,19,25,22,14,22,12,12,7,26,23,20,16,12,20,17,22,25,3,0,13,4,18,24,9,23,7,12,8,21,18,23
12,4,11,13,8,16,17,8,11,10,8,15,11,12,19,2,16,17,18,10,13,11,19,14,8,18,18,10,13,7,11,15,11,9,13,14,12,8,15,9,13,12,16,12,15,15,16,12,9,10,17,14,18,18,13,13,17,13,17,10,11,18,17,5,14,17,17,11,17,14,15,12,5,12,9,13,17,12,13,0,11,10,18,9,15,10,15,11,16,9,14
11,12,6,10,5,22,12,6,14,6,7,12,7,18,24,10,22,23,13,16,19,17,24,18,14,23,23,3,19,12,17,19,9,5,19,20,17,14,21,3,19,10,22,18,13,20,22,18,16,5,23,9,13,23,17,9,14,19,23,3,17,24,23,11,19,12,13,6,23,20,19,16,11,19,16,19,23,3,5,10,0,15,23,7,20,7,13,7,22,15,20
16,10,17,19,14,11,23,14,17,16,14,21,17,7,14,9,11,12,24,5,8,5,13,9,10,13,12,16,8,11,7,10,17,15,6,9,6,3,9,15,8,16,11,7,21,9,11,7,5,16,12,20,24,13,20,20,23,8,12,16,4,13,12,9,8,23,23,17,12,8,9,8,10,6,5,7,11,18,19,10,17,0,13,15,9,15,21,15,11,8,9
17,19,24,26,21,8,26,22,24,24,22,28,25,8,5,17,6,3,26,12,8,12,4,10,17,7,5,23,8,18,12,9,25,23,13,7,11,13,6,23,9,18,5,9,26,6,7,8,13,22,6,25,26,6,27,25,27,10,5,24,12,2,7,18,8,25,25,25,2,14,8,11,18,12,14,7,7,24,25,17,24,13,0,23,7,20,26,20,8,16,6
15,13,8,8,9,23,15,4,16,3,3,10,4,19,26,11,23,24,15,17,20,19,26,21,15,25,25,7,20,14,18,21,8,4,20,21,19,15,22,6,20,14,23,19,13,22,23,19,17,9,24,11,15,25,18,11,14,20,24,7,18,25,24,13,21,15,15,8,24,21,22,18,13,20,17,20,24,9,10,12,8,17,25,0,22,11,13,11,23,16,21
18,16,21,23,20,9,27,18,21,21,19,25,22,3,7,14,7,6,27,7,4,10,7,12,16,7,6,21,5,18,8,11,21,19,10,3,7,9,3,20,7,19,4,5,26,3,4,4,12,21,6,24,28,7,24,24,27,5,6,21,8,7,8,15,4,26,27,22,5,10,9,12,17,9,12,2,5,22,23,14,21,9,7,20,0,21,26,22,9,13,2
5,9,11,14,3,16,12,9,15,11,10,16,12,19,19,10,16,19,12,17,20,12,19,13,10,18,19,5,20,9,18,14,13,9,15,20,17,15,20,8,16,4,19,19,12,21,20,19,11,4,17,12,13,18,18,12,13,20,18,9,13,19,17,12,19,12,13,11,20,20,14,11,8,14,12,19,21,6,7,9,7,15,18,11,21,0,12,3,16,16,20
15,19,11,18,14,21,5,14,21,14,15,14,15,25,25,17,22,25,5,23,26,23,26,20,21,25,25,14,26,19,24,21,12,12,26,26,24,21,26,12,25,15,25,25,3,27,27,25,22,13,24,11,5,24,24,11,4,26,24,11,24,25,22,19,25,5,5,12,26,27,22,21,17,26,22,25,27,14,13,18,14,23,25,15,27,14,0,14,21,22,27
6,10,11,14,4,17,13,9,15,11,10,16,12,20,20,10,17,20,13,17,20,13,20,14,11,19,20,5,21,9,19,14,13,9,16,21,18,15,21,8,17,5,20,19,13,21,21,20,12,4,18,13,13,19,18,13,14,20,19,9,14,20,18,12,19,13,13,11,21,21,15,12,8,15,12,20,21,7,7,10,7,15,19,11,21,1,13,0,17,17,21
14,17,22,24,19,1,23,19,22,22,20,25,22,8,6,15,2,8,23,9,9,9,7,7,15,5,6,21,9,15,9,5,22,20,10,8,9,10,7,21,6,15,6,8,23,8,8,8,11,20,4,22,24,5,25,22,24,9,5,22,9,7,2,16,6,22,23,22,8,11,5,9,16,9,11,7,8,22,22,15,22,10,7,21,8,17,24,18,0,13,8
17,9,14,16,13,15,21,11,14,14,12,18,14,11,17,7,15,16,21,9,11,10,17,15,11,17,16,14,12,11,10,15,14,12,12,13,10,6,13,13,12,17,15,10,19,13,15,11,10,14,16,17,21,17,17,17,20,11,16,14,10,17,15,8,12,21,21,14,16,13,14,13,10,11,10,12,15,15,16,7,14,7,16,13,13,15,19,15,15,0,13
18,16,21,23,20,9,27,19,21,21,19,26,22,4,7,14,7,5,27,8,5,11,7,11,17,7,5,21,6,19,9,10,22,20,11,4,8,9,2,20,6,19,4,5,26,3,4,5,13,22,6,24,27,7,24,24,28,6,6,21,9,6,8,15,3,26,26,22,5,11,9,12,17,10,13,3,4,23,24,15,22,9,6,20,2,21,26,21,9,13,0
