Name: bar-n5-m4-c2-OD-small
Type: GPDPOD-IMC
Commodity type: 4
Compartment num: 2
CapacityHD: 100
VehicleHDs: 2
CapacityOD: 50
VehicleODs: 1
ID Xc Yc DEMAND StartT EndT SerT PairedID
0,41.3722496,2.1636008,[0, 0, 0, 0],0,240,0,0
1,41.3830452,2.0762528,[14, 6, 2, 34],56,176,10,3
2,41.4487614,2.2160931,[7, 2, 1, 10],117,237,10,4
3,41.4008741,2.1610253,[-14, -6, -2, -34],88,208,10,1
4,41.4029761,2.1475665,[-7, -2, -1, -10],142,231,10,2
StartID EndID StartX StartY EndX EndY StartT EndT
5,6,41.3736968,2.1209403,41.4077817,2.1493673,66,486
edge
0,17,17,10,10,10,10
16,0,22,17,15,9,15
16,20,0,14,15,20,14
9,15,15,0,5,10,5
9,14,15,5,0,9,3
9,9,21,12,10,0,10
10,13,14,5,3,9,0
