Name: bar-n5-m4-c3-OD-medium
Type: GPDPOD-IMC
Commodity type: 4
Compartment num: 3
CapacityHD: 100
VehicleHDs: 2
CapacityOD: 50
VehicleODs: 3
ID Xc Yc DEMAND StartT EndT SerT PairedID
0,41.3722496,2.1636008,[0, 0, 0, 0],0,240,0,0
1,41.3282617,2.0916566,[14, 6, 2, 22],0,94,10,3
2,41.3741082,2.1246055,[7, 2, 1, 13],0,74,10,4
3,41.445594,2.223019,[-14, -6, -2, -22],35,155,10,1
4,41.4141762,2.1372591,[-7, -2, -1, -13],23,143,10,2
StartID EndID StartX StartY EndX EndY StartT EndT
5,8,41.4637349,2.2388505,41.4088045,2.1393822,126,468
6,9,41.462595,2.2032144,41.4351116,2.1668645,0,417
7,10,41.3941327,2.1224947,41.4459384,2.0660805,52,490
edge
0,16,9,18,13,18,18,10,12,17,19
13,0,11,24,15,24,25,14,17,22,22
8,13,0,22,10,22,21,6,9,16,16
17,27,22,0,15,7,9,19,18,13,24
12,18,10,16,0,14,13,7,4,9,12
20,30,23,9,14,0,7,18,17,12,23
19,27,20,8,11,7,0,16,14,9,21
10,15,7,19,6,18,17,0,8,12,12
12,19,11,17,3,15,14,8,0,9,13
17,24,16,12,8,11,10,12,11,0,17
19,23,16,25,11,23,22,12,14,17,0
