Name: bar-n5-m4-c3-OD-small
Type: GPDPOD-IMC
Commodity type: 4
Compartment num: 3
CapacityHD: 100
VehicleHDs: 2
CapacityOD: 50
VehicleODs: 1
ID Xc Yc DEMAND StartT EndT SerT PairedID
0,41.3722496,2.1636008,[0, 0, 0, 0],0,240,0,0
1,41.4404673,2.2378337,[14, 6, 2, 29],0,82,10,3
2,41.452299,2.2327227,[7, 2, 1, 9],128,240,10,4
3,41.4449382,2.2241955,[-14, -6, -2, -29],17,137,10,1
4,41.444196,2.2231824,[-7, -2, -1, -9],145,223,10,2
StartID EndID StartX StartY EndX EndY StartT EndT
5,6,41.429631,2.2253478,41.3755228,2.1409372,70,514
edge
0,16,18,19,19,14,6
17,0,5,6,6,6,20
16,6,0,6,7,7,19
18,6,5,0,2,7,21
17,5,6,4,0,6,20
15,5,7,7,7,0,18
5,18,20,21,21,17,0
