Name: bar-n45-m4-c3-OD-large
Type: GPDPOD-IMC
Commodity type: 4
Compartment num: 3
CapacityHD: 100
VehicleHDs: 10
CapacityOD: 50
VehicleODs: 54
ID Xc Yc DEMAND StartT EndT SerT PairedID
0,41.3722496,2.1636008,[0, 0, 0, 0],0,240,0,0
1,41.4548604,2.234691,[7, 2, 1, 14],21,141,10,23
2,41.3584274,2.1049355,[7, 2, 1, 15],111,231,10,24
3,41.439989,2.2290181,[14, 6, 2, 33],38,158,10,25
4,41.4544532,2.2186274,[3, 1, 6, 3],0,107,10,26
5,41.3728922,2.081481,[7, 2, 1, 16],13,133,10,27
6,41.354318,2.0671293,[14, 6, 2, 22],0,240,10,28
7,41.4486609,2.2045368,[7, 2, 1, 14],117,237,10,29
8,41.4637349,2.2388505,[3, 1, 0, 7],126,240,10,30
9,41.4490414,2.2067515,[14, 6, 2, 23],92,212,10,31
10,41.4534576,2.2083022,[14, 6, 2, 14],0,240,10,32
11,41.4203347,2.154988,[14, 6, 2, 9],0,92,10,33
12,41.4460569,2.2221081,[7, 2, 1, 16],42,162,10,34
13,41.448492,2.226258,[14, 6, 2, 8],87,207,10,35
14,41.4531346,2.2269082,[14, 6, 2, 19],0,240,10,36
15,41.3328466,2.0921043,[14, 6, 2, 21],104,224,10,37
16,41.3551318,2.1338972,[3, 6, 1, 4],0,112,10,38
17,41.352645,2.110783,[14, 6, 2, 24],66,186,10,39
18,41.4096189,2.1393877,[7, 2, 1, 14],15,135,10,40
19,41.4397456,2.225673,[7, 2, 1, 12],0,96,10,41
20,41.4042244,2.1494187,[14, 6, 2, 22],0,240,10,42
21,41.4577076,2.2032435,[7, 2, 1, 5],0,95,10,43
22,41.4480155,2.2171536,[7, 2, 1, 12],128,240,10,44
23,41.3746212,2.0992452,[-7, -2, -1, -14],59,179,10,1
24,41.4311022,2.1876125,[-7, -2, -1, -15],151,224,10,2
25,41.3720005,2.100837,[-14, -6, -2, -33],71,191,10,3
26,41.4528571,2.2348045,[-3, -1, -6, -3],17,137,10,4
27,41.4406968,2.2181021,[-7, -2, -1, -16],47,167,10,5
28,41.4514197,2.2251463,[-14, -6, -2, -22],0,240,10,6
29,41.4229208,2.0880057,[-7, -2, -1, -14],153,220,10,7
30,41.4088045,2.1393822,[-3, -1, 0, -7],153,228,10,8
31,41.3798821,2.0507836,[-14, -6, -2, -23],132,222,10,9
32,41.3928679,2.1517648,[-14, -6, -2, -14],0,240,10,10
33,41.449529,2.2162535,[-14, -6, -2, -9],23,143,10,11
34,41.4698459,2.1816529,[-7, -2, -1, -16],64,184,10,12
35,41.4012418,2.1629208,[-14, -6, -2, -8],119,231,10,13
36,41.4114417,2.1724649,[-14, -6, -2, -19],0,240,10,14
37,41.3745313,2.1450922,[-14, -6, -2, -21],125,235,10,15
38,41.4645297,2.0827599,[-3, -6, -1, -4],32,152,10,16
39,41.3701104,2.1271576,[-14, -6, -2, -24],84,204,10,17
40,41.409968,2.2022377,[-7, -2, -1, -14],38,158,10,18
41,41.4676564,2.0622343,[-7, -2, -1, -12],42,162,10,19
42,41.4237267,2.1660094,[-14, -6, -2, -22],0,240,10,20
43,41.4290784,2.2093427,[-7, -2, -1, -5],17,137,10,21
44,41.3949328,2.12944,[-7, -2, -1, -12],158,231,10,22
StartID EndID StartX StartY EndX EndY StartT EndT
45,99,41.3544296,2.0735694,41.3906531,2.0730443,25,454
46,100,41.4474967,2.2216705,41.3908214,2.1745486,104,491
47,101,41.4160758,2.1764666,41.4112566,2.1908185,0,405
48,102,41.4479774,2.226761,41.4025067,2.1510921,0,444
49,103,41.4487614,2.2160931,41.4029761,2.1475665,117,477
50,104,41.4074951,2.1878004,41.3986325,2.1499611,93,510
51,105,41.3749395,2.1247574,41.3745945,2.1276042,0,396
52,106,41.3203141,2.0789958,41.4424193,2.2107324,2,470
53,107,41.4512399,2.215386,41.4217479,2.1417851,0,426
54,108,41.3684347,2.0991589,41.4505409,2.2368208,67,535
55,109,41.4590049,2.1968273,41.3740481,2.1087776,0,465
56,110,41.469147,2.2341853,41.4105332,2.208314,95,494
57,111,41.3857728,2.091363,41.3613405,2.0847183,70,493
58,112,41.4537473,2.2091072,41.3721633,2.0983271,124,472
59,113,41.364272,2.0908178,41.4432,2.22515,49,523
60,114,41.4305053,2.2299845,41.4392121,2.1883898,123,474
61,115,41.4449641,2.2128698,41.372823,2.0600052,105,465
62,116,41.3717312,2.0889754,41.3599849,2.0740359,115,475
63,117,41.4068073,2.162526,41.413884,2.1832137,0,720
64,118,41.3284942,2.086668,41.4604654,2.2089974,0,459
65,119,41.3742058,2.1417345,41.3764913,2.085174,0,420
66,120,41.4364658,2.235424,41.4314187,2.167488,33,462
67,121,41.4436929,2.2246727,41.4349816,2.1930256,0,720
68,122,41.4623355,2.2014148,41.3832447,2.074934,75,522
69,123,41.4277157,2.134492,41.3781464,2.1438984,91,523
70,124,41.3865792,2.0707845,41.4436746,2.2355571,110,470
71,125,41.3736106,2.140136,41.3989488,2.1569471,104,482
72,126,41.3216326,2.0964703,41.3991212,2.1567492,0,720
73,127,41.4558747,2.2072483,41.4295296,2.1805525,0,720
74,128,41.4316293,2.1786367,41.4183301,2.1435178,61,484
75,129,41.3783978,2.1277763,41.441527,2.2275919,42,495
76,130,41.4625923,2.2045488,41.4082703,2.1708935,101,488
77,131,41.4448559,2.1718679,41.3887837,2.1773587,72,504
78,132,41.4569328,2.0624987,41.3711077,2.1131479,90,510
79,133,41.3609936,2.0825021,41.4496721,2.2373738,4,496
80,134,41.3702964,2.0978402,41.4362326,2.1868822,59,506
81,135,41.429631,2.2253478,41.3755228,2.1409372,70,514
82,136,41.4130442,2.1544329,41.3769211,2.1677816,140,440
83,137,41.3297511,2.0991478,41.4146917,2.162891,127,466
84,138,41.44524,2.2213186,41.3734167,2.0916796,42,495
85,139,41.4548986,2.2100092,41.4525037,2.2152076,129,462
86,140,41.4298515,2.1820608,41.3849029,2.0854836,56,497
87,141,41.4368981,2.2348379,41.4303138,2.1855012,127,466
88,142,41.322348,2.0923512,41.4401413,2.1478097,89,491
89,143,41.400532,2.2047232,41.3577256,2.0985119,119,479
90,144,41.4417277,2.237108,41.4459049,2.1886791,0,423
91,145,41.448413,2.2080373,41.3169437,2.0759705,94,490
92,146,41.3317926,2.0992391,41.3847151,2.066434,79,508
93,147,41.3242511,2.0918881,41.4381083,2.20708,62,521
94,148,41.4566576,2.2133261,41.4436988,2.2252387,3,411
95,149,41.4326536,2.2222507,41.3536974,2.0864987,55,520
96,150,41.4039251,2.1655089,41.4119071,2.1781489,0,402
97,151,41.4446179,2.2398851,41.3182357,2.0824932,33,501
98,152,41.362527,2.1015406,41.4016534,2.147641,0,720
edge
0,17,13,15,19,16,15,17,18,17,18,14,18,18,18,16,9,12,12,16,14,18,17,13,16,15,18,18,18,20,12,19,8,17,21,9,12,6,23,10,12,20,15,15,10,16,18,13,18,17,11,8,19,17,14,18,19,14,18,16,14,16,15,10,16,6,16,19,18,16,18,6,14,16,15,8,19,18,21,16,15,14,13,15,18,17,14,15,15,11,17,17,14,15,18,15,10,17,13,19,8,12,10,10,9,9,15,15,16,12,13,17,14,17,17,19,17,12,18,15,16,17,17,6,17,11,10,15,14,17,11,7,12,16,17,6,3,12,15,18,15,16,19,14,18,16,19,16,17,15,11,16,10
18,0,25,6,5,23,26,8,5,7,7,17,6,5,4,27,22,24,18,6,21,9,6,22,13,24,3,9,4,25,18,25,18,6,13,16,15,22,24,24,11,25,17,9,20,27,6,14,5,6,12,22,30,6,23,9,6,21,7,24,8,8,22,16,27,22,7,7,9,16,25,21,26,8,13,22,9,11,26,23,23,9,18,26,7,7,12,7,26,12,7,7,25,27,7,7,16,5,26,26,16,12,18,18,19,23,8,15,3,24,10,24,23,6,10,27,25,14,7,23,13,12,24,20,5,19,19,13,16,6,14,16,25,3,12,21,17,16,22,6,22,12,15,25,10,27,26,10,6,24,15,27,18
11,25,0,23,23,8,8,21,23,20,21,15,24,24,23,9,7,3,14,24,15,21,22,5,22,4,25,24,23,18,13,12,12,21,22,15,17,9,21,7,20,18,18,21,11,7,24,17,24,21,16,7,11,21,4,21,24,9,21,5,21,21,6,15,9,8,23,25,21,15,11,8,9,19,19,7,22,16,19,6,5,22,16,7,25,20,19,23,9,19,24,21,7,9,21,22,15,25,2,11,15,17,14,13,13,7,21,14,24,5,20,6,5,25,19,12,7,17,21,8,18,21,9,10,24,15,14,19,13,25,16,13,5,24,21,8,13,15,7,22,9,21,17,2,19,9,12,21,24,4,16,9,13
15,5,22,0,5,22,24,7,6,7,7,16,4,4,4,25,19,21,17,2,19,9,6,21,9,23,4,5,4,25,17,25,16,5,12,14,12,19,24,21,8,25,14,5,19,25,4,11,3,5,9,20,27,6,23,9,6,21,7,23,4,6,21,13,25,19,2,5,9,15,24,19,23,7,11,20,9,10,26,23,23,4,15,23,3,6,10,2,24,10,4,7,23,24,7,3,13,3,24,25,14,9,16,16,16,20,5,15,4,23,8,23,22,3,10,26,24,11,9,22,13,8,23,18,3,16,16,11,15,2,12,14,23,4,10,18,14,13,22,6,21,9,14,23,10,25,25,7,3,23,12,24,16
19,6,23,6,0,21,25,5,6,4,3,15,5,5,4,28,23,25,16,6,19,6,3,20,10,22,6,7,4,23,16,23,18,3,11,15,13,22,22,23,12,23,14,8,18,25,5,13,4,3,13,22,29,3,21,6,7,19,4,22,9,5,19,15,28,22,7,5,6,14,23,22,26,4,10,20,5,9,24,21,21,9,16,27,6,3,9,7,27,13,8,4,26,28,3,8,15,7,24,24,17,13,17,16,17,22,5,13,7,21,11,21,21,5,7,25,23,13,5,21,11,9,22,21,6,18,18,10,14,6,13,17,22,7,9,22,18,14,20,2,20,9,13,23,7,26,23,7,5,21,13,26,16
14,25,8,25,23,0,7,21,23,20,21,15,24,24,23,13,14,10,14,25,16,21,22,5,22,7,25,24,23,18,14,7,13,21,22,16,18,11,21,10,22,18,18,21,12,8,24,18,24,21,19,9,14,21,6,21,23,7,21,5,25,21,4,16,13,11,26,25,21,15,5,10,13,19,19,9,22,16,19,5,6,25,17,12,25,20,19,25,13,22,27,20,11,14,21,24,16,27,8,6,17,19,15,14,14,9,21,14,26,7,22,7,6,25,19,7,5,18,21,3,18,21,4,12,26,16,15,19,13,26,17,17,8,26,21,10,16,16,5,22,6,21,17,8,19,12,6,21,24,7,18,12,14
15,25,8,24,25,7,0,23,25,22,23,17,27,27,26,10,13,9,16,24,19,23,24,9,24,10,26,26,25,20,16,8,15,23,24,18,20,15,23,14,20,20,21,23,14,3,26,20,26,24,21,12,13,24,9,23,26,11,23,8,22,23,8,19,9,15,24,27,23,17,11,14,11,22,21,12,24,19,22,5,8,23,19,11,26,22,21,24,11,20,25,23,10,10,23,23,19,26,9,11,18,22,17,16,17,13,23,16,25,11,21,9,9,25,21,7,4,21,23,8,21,23,9,16,25,19,18,21,15,25,19,17,12,24,24,14,15,18,9,24,10,23,19,7,22,11,11,23,25,6,20,11,17
16,7,21,7,4,19,23,0,7,2,4,12,6,6,5,26,20,22,14,8,16,5,3,18,7,19,7,6,5,21,14,21,16,3,8,12,10,20,21,21,10,21,11,5,16,23,6,10,5,3,11,19,26,3,19,4,8,17,4,19,9,4,17,12,26,20,8,7,4,12,21,19,24,3,7,18,5,6,22,19,19,9,13,24,7,4,6,8,25,11,9,2,24,25,4,7,12,9,21,21,15,10,15,14,14,20,3,11,8,19,9,19,19,7,5,23,21,10,5,18,8,6,19,18,7,16,15,7,12,7,10,14,20,8,6,19,15,11,18,4,18,7,11,21,4,24,21,5,6,19,10,24,14
20,5,24,8,6,22,26,8,0,7,7,16,9,8,7,29,24,26,17,8,20,8,8,21,13,23,6,11,7,24,17,24,19,8,12,18,16,24,23,24,13,24,16,10,19,26,10,15,8,8,14,23,30,8,22,8,3,20,7,23,11,10,21,17,29,24,9,10,8,15,24,23,28,7,12,21,7,10,25,22,22,11,18,28,10,6,11,9,29,15,8,8,27,29,7,10,17,7,25,25,19,15,18,17,18,23,9,14,5,23,13,23,22,9,10,26,24,15,6,22,12,12,23,23,7,21,20,12,15,9,15,19,24,5,12,23,19,15,21,8,21,12,14,24,10,27,25,10,9,23,15,27,17
16,7,21,7,4,19,24,2,8,0,4,13,6,6,5,25,20,22,15,7,17,5,3,18,8,20,7,6,5,21,14,22,16,2,8,13,11,20,21,21,10,22,12,5,17,24,5,11,5,2,11,20,27,3,19,5,8,17,4,20,9,3,18,13,25,20,8,7,5,12,21,20,24,3,8,19,6,7,23,19,20,8,14,24,7,4,7,8,25,11,9,1,23,25,5,6,13,8,22,22,15,10,16,15,15,21,2,11,8,20,9,20,19,6,5,23,21,11,5,19,9,6,20,18,7,16,16,8,12,7,11,14,21,8,7,19,15,12,18,4,18,7,11,21,5,25,22,5,6,20,11,25,15
18,8,21,7,5,19,24,3,6,3,0,13,6,6,5,26,22,23,15,8,17,5,4,18,8,20,7,8,5,21,14,22,17,3,9,14,12,21,21,21,11,22,12,7,17,24,6,11,5,3,12,20,27,3,20,4,7,17,1,20,10,5,18,13,27,21,9,7,4,12,21,21,26,3,8,19,5,7,23,20,20,10,15,25,8,2,7,8,27,12,9,3,24,27,3,8,13,9,22,22,16,12,16,15,15,21,4,11,9,20,11,20,19,7,6,23,21,12,4,19,9,7,20,20,8,17,16,9,12,7,12,16,21,9,8,20,17,12,19,3,18,8,11,21,6,25,22,6,6,20,12,25,15
14,17,16,16,15,14,18,12,15,12,13,0,16,16,15,21,15,16,7,16,8,13,14,13,10,14,17,15,15,16,7,16,9,13,14,7,7,13,19,14,12,16,5,12,9,18,16,6,15,13,8,13,21,13,14,13,16,12,13,14,16,13,12,6,21,13,16,17,13,6,16,13,20,12,7,11,14,9,17,14,14,16,6,19,17,12,7,16,21,12,17,13,19,21,13,15,7,18,16,16,10,9,7,6,6,13,13,3,17,14,12,14,14,16,10,18,16,8,13,13,7,11,14,12,17,10,8,7,4,17,5,11,15,16,10,13,14,5,13,14,13,9,8,15,11,19,16,12,16,14,7,19,6
19,7,24,5,5,22,27,7,9,6,7,16,0,4,5,28,23,25,18,5,20,9,5,21,11,23,7,5,4,25,17,25,18,5,12,16,14,22,24,24,12,25,16,7,20,27,2,14,4,5,13,22,30,6,23,8,10,21,7,23,8,5,21,16,28,22,7,4,9,16,25,22,27,7,12,22,9,10,26,23,23,8,17,27,2,6,11,6,27,13,8,6,26,28,7,6,15,7,25,25,17,12,18,18,18,23,5,15,7,23,11,23,22,4,10,26,24,13,8,22,13,10,23,20,6,19,19,12,15,6,14,17,24,7,11,21,18,15,22,6,22,11,14,24,10,28,25,7,4,23,14,28,18
17,5,24,3,3,22,26,5,7,5,5,16,2,0,2,27,21,23,17,4,20,7,4,21,11,23,5,6,2,24,17,24,18,3,11,16,14,21,23,23,11,24,15,7,19,26,3,14,1,4,12,22,29,4,22,7,7,20,5,23,6,5,21,16,27,21,5,3,7,15,24,21,25,5,11,21,7,10,25,22,22,7,17,25,4,5,10,4,26,12,6,5,25,26,5,6,15,5,25,25,16,12,18,17,18,22,5,14,5,23,10,23,22,3,8,26,24,13,7,22,11,9,23,20,4,19,18,11,15,4,14,16,24,5,10,20,16,14,21,4,21,10,14,24,8,27,25,8,2,23,14,27,17
18,3,24,5,3,22,26,6,5,5,5,16,4,4,0,27,22,24,17,5,19,7,4,21,11,22,3,7,2,24,17,24,18,3,11,16,14,22,23,24,11,24,15,8,19,26,4,14,3,4,12,22,29,4,22,7,6,20,5,23,8,5,20,16,27,22,6,4,7,15,24,22,26,5,11,21,7,10,25,22,22,8,17,26,5,5,10,6,27,12,7,5,25,27,5,7,16,5,24,24,16,12,18,17,18,23,6,14,4,22,10,22,22,4,8,26,24,14,6,21,11,9,22,20,5,19,19,11,15,5,14,16,23,4,10,21,17,14,21,4,21,10,14,24,8,27,24,8,4,22,14,27,17
12,22,7,20,24,12,9,21,23,22,23,18,23,23,23,0,8,6,16,21,17,23,22,10,23,11,23,23,23,21,15,13,14,22,25,16,18,11,24,10,17,22,21,20,13,10,23,19,22,22,18,11,9,22,10,23,24,13,23,10,19,21,9,17,4,10,21,24,23,18,14,10,5,21,21,11,23,20,23,10,10,19,18,3,23,22,21,20,5,16,22,22,3,4,23,20,16,22,9,15,15,18,16,15,15,10,20,17,21,12,18,10,11,22,22,12,10,19,23,12,22,23,13,11,22,17,16,22,17,22,17,14,11,21,23,10,12,17,10,23,13,22,21,8,23,7,15,21,22,8,18,6,15
8,20,8,18,22,14,11,20,21,20,21,16,21,21,21,11,0,7,12,19,14,21,20,11,20,11,21,21,21,19,12,16,10,20,24,13,15,7,22,6,15,19,18,18,9,12,21,15,21,20,14,7,13,20,10,21,22,13,21,12,17,19,12,14,11,6,19,22,21,16,16,7,10,19,18,7,22,18,20,12,11,17,15,10,21,20,17,18,11,14,20,20,9,11,21,18,13,20,9,17,13,15,13,11,11,6,18,15,19,10,16,13,11,20,20,15,13,15,21,13,20,20,15,8,20,14,13,18,15,20,14,11,9,19,20,7,10,14,13,21,14,19,19,8,21,11,17,19,20,10,14,11,11
11,24,2,22,24,9,8,22,24,22,23,16,25,25,25,8,7,0,14,23,16,23,23,7,22,6,24,24,25,20,14,14,13,23,24,15,17,10,23,8,19,20,20,22,12,9,25,18,24,23,17,9,10,23,5,22,25,11,23,7,20,23,7,16,8,9,22,25,23,16,12,9,8,21,20,9,23,18,21,7,6,21,17,6,24,22,20,22,8,18,24,22,6,8,22,21,15,24,4,13,15,17,15,14,14,8,22,16,23,7,20,8,6,24,21,13,8,18,23,9,20,22,11,10,23,16,15,20,15,24,16,14,6,23,22,9,13,16,8,24,11,21,19,3,21,8,13,23,23,6,17,8,14
12,17,14,17,15,12,16,13,15,12,13,4,16,16,15,18,12,14,0,17,6,13,14,11,13,12,17,16,15,14,4,14,6,13,14,7,8,11,17,11,13,14,9,13,6,16,16,7,16,13,10,10,19,13,12,13,15,10,13,12,17,13,10,6,18,11,17,17,13,6,14,11,18,11,9,8,14,8,15,12,12,17,7,17,17,12,10,17,19,13,18,12,16,19,13,16,8,19,14,14,9,10,5,4,5,11,13,5,18,12,13,12,12,17,11,16,14,9,13,11,9,13,12,10,18,8,7,10,3,18,6,9,12,18,12,10,12,6,11,14,11,11,9,13,11,17,14,13,16,12,8,17,4
16,6,23,2,6,23,24,8,7,8,8,16,5,6,6,25,20,22,17,0,19,10,7,22,10,24,6,5,5,25,17,25,16,7,13,14,12,19,24,21,9,25,14,5,19,25,4,12,5,7,10,20,28,7,23,10,8,21,9,24,5,7,21,14,25,19,4,5,10,16,25,19,24,9,11,20,11,11,26,23,23,5,15,24,4,8,10,4,24,10,5,7,23,25,8,4,13,5,24,26,14,10,16,16,16,21,5,15,5,23,8,24,23,3,10,27,25,11,10,23,13,9,24,18,4,17,16,11,16,4,12,14,23,5,11,19,15,13,22,7,22,9,15,24,11,25,26,7,3,23,12,25,16
10,18,14,16,17,14,19,15,17,15,16,7,19,19,18,18,12,14,4,16,0,16,16,12,13,14,18,17,18,15,4,16,5,16,17,5,8,9,18,11,12,15,10,14,6,18,19,7,18,16,8,10,20,16,14,15,18,12,16,15,16,16,13,5,18,9,16,19,16,9,16,9,18,14,10,8,16,11,17,14,14,16,7,17,18,15,10,16,19,12,17,15,16,18,15,15,5,18,14,17,7,9,3,2,2,10,15,8,17,11,12,15,13,17,13,18,16,8,16,14,12,14,15,8,17,6,4,10,7,17,6,7,12,16,13,8,10,6,13,17,13,12,12,15,14,18,17,15,17,15,7,18,2
17,8,20,8,5,18,23,3,6,3,4,12,7,7,6,25,21,22,13,8,16,0,4,17,8,19,8,8,6,20,13,20,15,4,8,14,12,20,19,20,11,20,12,6,15,22,7,11,6,4,12,19,26,4,18,2,7,16,4,19,10,5,17,13,25,20,9,8,2,11,20,19,25,2,8,17,2,6,21,18,18,10,14,24,8,3,7,9,25,12,10,3,23,26,3,9,13,9,21,21,16,11,14,13,14,19,5,10,9,19,10,19,18,7,6,22,20,11,2,18,8,7,19,19,8,17,16,8,11,8,11,16,20,9,8,19,16,11,17,5,17,8,10,20,6,23,21,6,7,19,11,23,13
17,7,22,6,4,20,25,4,8,4,4,14,5,5,4,26,21,23,15,6,18,6,0,19,9,21,6,6,4,22,15,23,17,2,10,15,13,21,21,22,10,23,13,6,17,25,4,12,5,2,12,21,28,2,20,5,8,18,4,21,9,3,19,14,26,21,8,5,6,13,22,21,25,4,9,19,6,8,24,20,20,9,15,25,6,3,8,7,26,11,9,3,24,26,4,7,14,8,23,23,16,11,16,16,16,21,3,12,8,21,10,21,20,6,7,24,22,12,5,20,10,7,21,19,7,18,17,10,13,7,12,15,22,8,9,20,16,13,19,3,19,9,12,22,7,25,23,5,5,21,12,25,15
11,22,5,22,20,5,11,18,20,17,18,12,21,21,20,13,11,8,11,22,13,18,19,0,19,3,22,21,20,15,11,9,10,18,19,13,15,8,18,7,19,15,15,18,9,10,21,15,20,18,16,6,15,18,3,18,20,6,18,7,22,18,4,13,13,8,22,22,18,12,8,7,13,16,16,6,19,13,16,7,3,22,14,12,22,17,16,22,14,19,24,17,11,14,18,21,13,24,5,8,14,16,12,11,11,6,18,11,23,4,19,8,2,22,16,11,9,16,18,5,15,18,6,9,23,13,13,16,10,22,14,14,5,23,18,7,13,13,4,19,6,18,14,6,16,12,8,18,21,8,15,12,11
16,12,22,9,9,20,24,6,10,7,9,10,11,11,10,26,20,22,12,10,14,9,8,19,0,21,12,9,9,22,12,22,13,8,9,9,7,16,23,18,9,22,8,6,14,24,10,7,10,8,8,17,27,8,20,8,11,18,9,21,10,7,18,9,26,16,11,11,9,13,22,16,25,7,4,16,9,8,23,20,20,9,10,24,10,8,3,10,26,9,12,7,24,26,8,8,9,12,22,23,12,7,12,11,11,18,7,10,11,19,10,20,20,9,5,24,22,7,9,19,6,4,21,15,11,12,12,4,11,11,7,12,20,11,4,16,16,8,19,9,19,2,11,22,6,25,22,5,10,20,7,25,11
12,23,4,23,21,6,10,19,21,18,19,13,22,22,21,11,10,6,12,23,14,19,20,3,20,0,23,22,21,16,12,10,11,19,20,14,16,9,19,8,19,16,16,19,10,9,22,16,21,19,16,6,14,19,2,19,21,7,19,6,23,19,4,14,12,9,23,23,19,13,9,8,11,17,17,6,20,14,17,7,2,23,15,10,23,18,17,23,12,19,25,18,9,12,19,22,14,25,4,9,15,17,13,12,12,7,19,12,24,4,20,7,2,23,17,12,8,17,19,6,16,19,7,9,24,14,14,17,11,23,15,14,4,24,19,8,13,14,4,20,7,19,15,5,17,12,10,19,22,7,16,12,12
18,2,25,6,5,23,26,8,5,7,7,17,6,5,3,27,22,24,18,5,21,9,6,22,13,24,0,9,4,25,18,25,18,6,13,16,15,21,24,23,11,25,17,8,20,27,6,14,5,6,12,22,30,6,23,9,6,21,7,24,8,7,22,16,27,21,7,7,9,16,25,21,25,8,13,22,8,11,26,23,23,8,18,26,7,7,12,7,26,12,6,7,25,27,7,7,16,5,26,26,16,12,18,18,19,23,8,15,2,24,10,24,23,6,10,27,25,14,7,23,13,11,24,20,4,19,18,13,16,6,14,16,25,2,12,21,17,16,22,6,22,12,15,25,10,27,26,10,6,24,14,27,18
17,8,23,4,6,22,25,7,9,7,7,16,5,6,6,26,21,23,17,4,19,9,6,21,9,23,8,0,6,24,17,25,16,6,12,14,12,20,23,22,10,24,14,5,19,26,4,12,5,6,11,20,29,6,22,9,10,20,8,23,7,5,21,13,26,20,6,5,9,15,24,19,24,7,10,20,10,10,25,22,22,6,15,25,4,7,9,6,25,11,7,6,24,26,8,4,13,7,25,25,15,10,16,17,17,21,4,14,7,23,9,23,22,3,10,26,24,11,9,22,12,8,23,18,6,17,16,10,15,6,12,15,24,7,10,19,16,13,21,7,21,9,14,24,10,26,25,5,4,23,12,26,16
18,4,24,4,2,22,26,5,6,4,4,15,3,3,1,28,22,24,17,5,19,7,3,21,10,22,4,6,0,24,17,24,19,3,11,16,14,22,23,24,11,24,14,8,19,26,4,13,2,3,12,22,29,3,22,6,7,20,5,22,7,5,20,15,28,22,6,4,7,15,24,22,26,5,10,21,7,9,25,22,22,7,16,26,5,4,9,5,27,13,6,5,26,27,4,6,15,6,24,24,17,13,18,17,17,23,5,14,5,22,11,22,22,4,8,26,24,13,6,21,11,9,22,21,5,19,18,10,14,4,13,16,23,5,10,21,17,14,21,3,21,10,14,23,8,27,24,8,3,22,13,27,17
20,25,18,25,23,16,20,21,23,21,22,15,25,25,24,23,19,19,14,25,16,22,22,15,22,16,26,24,24,0,14,18,14,22,23,17,19,18,14,18,23,11,19,22,13,20,24,18,24,22,20,16,23,22,16,21,24,14,21,16,25,22,14,17,23,18,26,25,22,15,18,17,23,20,19,15,22,17,12,16,16,25,17,22,26,21,20,26,23,23,27,21,21,23,21,24,17,27,18,18,19,21,15,14,14,17,21,15,26,16,24,16,16,25,19,20,18,20,22,15,19,22,16,17,26,18,16,19,14,26,17,18,17,26,22,17,20,17,15,22,15,21,18,17,20,21,18,22,25,16,19,21,14
12,17,14,17,15,12,16,13,15,12,13,4,17,17,16,18,13,14,1,17,7,13,14,11,13,13,18,16,15,14,0,14,7,13,14,8,8,12,17,11,13,14,9,14,7,16,16,8,16,14,10,10,20,14,12,13,16,10,13,13,17,13,10,7,18,12,18,17,13,6,14,11,18,12,9,9,14,9,15,12,12,17,7,17,18,12,10,17,19,13,19,13,16,19,13,16,8,19,15,15,10,10,5,5,5,11,13,6,18,12,13,13,12,17,11,16,14,10,13,12,9,13,13,10,18,8,7,10,4,18,7,9,13,18,12,11,12,6,11,14,11,11,9,14,12,17,15,13,16,12,8,17,4
18,27,12,26,24,7,10,23,24,22,23,16,26,26,25,16,16,15,16,27,18,23,23,9,24,11,27,26,25,20,16,0,14,23,24,17,20,15,23,14,23,20,20,23,14,11,26,20,25,23,20,12,19,23,10,22,25,8,23,11,27,23,8,18,15,15,27,27,23,16,6,14,16,21,20,12,23,18,21,9,10,27,19,17,27,22,21,27,17,23,28,22,16,17,22,25,18,29,13,6,19,21,17,16,16,13,22,16,27,11,24,11,10,27,21,4,10,20,23,6,20,23,5,15,27,18,17,21,15,27,19,19,12,27,23,14,19,18,8,24,8,22,19,13,21,16,6,23,26,12,19,16,16
8,16,12,14,17,12,17,14,17,15,16,8,17,17,17,16,10,12,6,15,8,16,16,10,12,12,17,15,17,15,5,14,0,16,16,4,7,7,18,9,10,15,10,12,6,17,17,7,17,16,7,7,19,16,12,16,18,10,16,13,14,15,11,4,16,7,15,18,16,10,14,7,16,15,9,6,17,12,17,13,13,15,7,15,17,15,10,15,17,10,16,15,14,17,16,14,5,16,13,15,6,8,4,4,3,8,14,9,16,9,11,13,11,16,12,16,14,7,16,12,11,13,13,6,16,5,4,10,7,16,6,5,10,15,12,6,8,6,12,17,11,11,13,13,14,16,15,13,16,13,6,16,3
17,6,22,6,3,20,24,4,7,3,3,14,4,5,4,26,21,23,15,6,17,5,1,19,9,21,6,5,4,22,15,22,17,0,10,14,12,20,21,22,10,22,13,6,17,24,4,12,4,1,11,21,27,2,20,5,8,18,4,21,9,3,18,14,26,20,7,5,5,13,22,20,24,4,9,19,6,8,23,20,20,9,15,25,5,3,8,7,25,11,8,3,24,25,4,7,14,8,23,22,15,11,16,15,16,21,3,12,7,20,9,20,20,5,7,24,22,12,5,19,10,7,20,19,6,17,17,9,13,6,12,15,21,7,8,20,16,13,19,3,19,8,12,22,6,25,22,5,5,20,12,25,15
21,14,22,14,12,20,25,9,12,9,10,14,13,13,12,27,24,24,16,14,18,10,11,19,11,21,14,13,12,23,15,23,18,10,0,15,13,22,19,22,15,22,13,10,18,25,13,12,12,10,13,21,28,10,21,10,12,19,10,21,14,10,19,14,28,22,14,14,10,13,22,22,27,8,9,20,11,8,23,21,21,14,16,26,14,9,8,14,28,15,16,9,25,28,10,13,14,16,23,23,17,13,17,16,16,22,10,13,15,21,14,21,20,14,8,24,22,13,10,20,10,10,21,21,15,18,17,10,13,14,13,18,22,15,10,21,20,13,20,11,19,11,12,22,8,26,23,10,13,21,13,26,16
9,14,14,13,15,15,19,12,15,12,14,7,16,16,15,18,13,14,7,13,9,14,14,13,10,15,15,13,15,18,7,17,5,13,14,0,4,9,21,11,8,18,7,11,8,19,15,5,15,13,5,9,21,13,14,13,16,13,14,16,13,13,13,2,18,9,13,16,14,10,17,9,18,12,7,9,14,11,19,15,15,13,5,17,15,13,7,13,19,8,14,12,16,19,13,12,2,15,15,17,4,6,4,5,5,10,13,9,14,12,9,15,14,14,10,19,17,5,14,15,9,10,15,7,14,5,4,7,8,14,3,5,13,13,9,8,9,4,14,14,14,9,11,15,11,18,17,11,14,15,4,18,5
11,14,16,12,13,15,20,10,14,11,12,6,15,15,14,20,14,16,7,12,8,12,12,14,8,16,14,12,13,17,6,18,7,12,12,4,0,11,20,13,7,18,5,9,8,20,14,3,14,12,5,12,23,12,15,12,14,13,12,16,12,12,14,3,20,11,12,15,12,9,17,11,20,10,5,10,13,9,19,15,15,12,4,19,14,11,6,12,21,7,13,11,18,21,12,11,3,14,17,18,6,5,6,6,6,12,11,7,13,14,8,16,15,13,8,19,17,4,12,15,7,9,16,9,13,7,6,6,7,13,2,7,14,13,8,10,11,3,14,13,14,7,9,17,10,20,18,10,13,16,3,20,5
5,19,8,17,20,11,14,18,20,18,20,13,20,20,20,12,6,8,10,18,12,20,19,9,15,10,20,18,20,17,10,15,6,19,20,8,11,0,20,5,13,18,14,15,7,14,20,11,19,19,10,4,14,19,10,19,21,11,20,12,17,18,11,9,12,2,18,21,20,14,14,2,12,18,13,4,20,16,19,13,11,17,11,10,20,19,13,17,12,13,19,18,10,12,19,16,8,19,9,14,8,11,8,9,8,5,17,14,18,8,14,13,10,19,16,17,14,11,20,11,15,16,12,2,19,9,9,14,12,19,9,7,7,18,15,1,6,11,10,20,11,14,17,9,17,12,15,16,19,12,10,12,8
25,24,23,23,21,21,25,20,21,19,20,20,23,23,22,28,24,24,19,23,21,20,20,20,22,21,24,22,22,16,19,23,19,20,17,22,24,23,0,23,24,6,24,20,17,25,22,23,22,20,25,21,28,20,21,19,22,19,20,21,23,19,19,22,28,23,24,24,20,20,23,22,28,18,21,20,20,19,6,21,21,23,22,26,24,19,20,24,28,25,25,19,26,28,19,22,22,25,23,23,24,24,20,19,19,22,19,19,24,21,23,21,21,24,19,25,23,24,20,20,22,20,21,22,24,23,21,21,19,24,22,23,22,24,22,22,25,21,20,21,20,22,23,22,19,26,23,19,23,21,24,26,19
9,22,7,21,23,11,13,21,23,20,21,14,24,24,23,11,6,7,10,21,12,21,22,8,19,9,23,22,23,18,10,15,8,21,22,11,14,6,20,0,17,18,16,19,8,12,24,14,23,21,13,4,14,21,8,21,24,10,21,10,19,21,10,12,11,5,21,24,21,15,13,5,11,19,16,4,22,16,19,11,9,20,13,10,23,20,16,21,12,17,22,21,9,12,21,20,12,23,7,14,12,14,11,10,10,3,21,14,22,7,17,11,9,22,19,16,12,14,21,11,18,19,12,6,22,12,11,17,13,22,13,11,6,21,19,4,10,12,10,22,11,18,17,8,20,12,14,20,22,10,13,12,10
12,10,19,8,11,21,21,10,11,10,11,11,11,11,11,22,16,18,13,9,14,11,10,19,8,21,11,10,11,23,12,23,11,10,13,9,7,14,25,16,0,23,9,7,14,22,11,7,10,10,5,15,24,10,21,11,12,19,11,22,8,9,20,9,22,14,9,12,11,14,23,14,20,9,7,15,12,11,25,21,21,8,10,20,11,10,6,8,21,4,10,10,20,21,11,8,9,10,21,24,8,5,11,12,12,16,9,12,9,18,4,22,20,10,9,24,23,6,11,21,9,8,22,13,10,12,11,7,13,10,7,8,18,9,8,13,11,9,20,11,20,7,14,20,11,22,24,8,10,20,7,21,11
20,26,18,26,24,16,21,22,24,21,22,16,25,25,24,23,19,20,15,26,17,22,23,15,23,17,26,25,24,11,15,19,15,22,20,18,19,18,5,18,24,0,19,22,13,21,25,19,24,22,21,17,24,22,16,22,24,14,22,17,26,22,15,17,23,18,26,26,22,16,18,18,23,20,20,15,23,17,4,16,16,26,18,22,26,21,20,26,23,24,28,21,21,24,22,25,18,28,19,19,19,21,16,15,15,18,22,15,27,17,24,17,16,26,20,20,18,21,22,16,19,22,17,17,27,18,17,20,14,26,18,19,18,27,22,17,21,17,15,23,15,22,18,18,20,21,19,22,25,17,19,22,15
15,15,18,14,12,16,20,10,13,10,12,3,14,14,13,23,17,19,9,14,11,11,11,15,8,17,15,13,13,18,9,18,11,11,11,8,7,15,21,16,10,18,0,10,11,20,14,5,13,11,9,15,23,11,16,11,14,14,11,17,14,11,14,7,23,15,15,15,11,8,18,15,23,10,5,13,12,8,19,16,16,14,8,22,15,11,5,14,23,10,16,10,21,23,11,12,8,16,19,18,11,8,9,9,9,16,11,6,15,16,11,16,16,14,7,20,18,8,11,15,5,8,16,14,15,11,11,5,6,15,6,11,17,15,8,15,16,6,15,12,15,7,8,18,9,21,18,10,14,16,6,21,8
13,8,20,5,8,20,22,6,9,6,7,13,8,8,8,22,17,19,14,5,16,7,6,19,6,21,8,5,8,22,14,22,13,6,10,11,9,16,21,18,7,22,11,0,16,23,7,8,7,6,7,17,25,7,20,7,9,18,7,21,5,5,18,10,22,16,6,8,7,13,22,16,21,6,7,17,8,8,23,20,20,5,12,21,7,6,6,6,22,8,7,6,20,22,7,4,10,8,22,23,11,6,13,13,13,17,4,12,7,20,6,21,20,6,7,24,22,8,7,20,9,5,21,15,7,14,13,7,13,6,9,11,20,7,7,15,12,10,19,8,19,6,12,21,8,23,23,3,6,21,8,22,13
9,20,10,18,18,10,15,16,18,15,16,9,19,19,18,14,8,9,7,19,8,16,17,8,16,10,20,19,18,12,6,12,5,16,17,8,10,7,15,7,14,13,12,16,0,15,19,10,18,16,11,6,16,16,9,16,18,8,16,11,18,16,9,8,14,7,19,20,16,10,12,6,14,14,12,4,17,11,14,11,10,19,9,12,20,15,13,18,14,14,20,15,12,14,16,18,8,20,10,13,10,12,7,6,6,6,16,9,19,7,15,11,9,20,14,14,12,11,16,10,13,16,11,6,20,9,8,13,8,20,9,9,8,19,15,6,10,8,10,17,9,14,12,11,14,14,13,16,19,11,10,14,6
16,26,7,25,24,7,4,22,24,21,22,16,25,25,24,12,13,8,15,25,18,22,23,8,23,9,26,25,24,19,15,11,14,22,23,17,19,14,22,13,21,19,19,23,13,0,25,19,25,22,20,11,13,22,8,22,25,11,22,7,23,22,7,17,12,14,25,26,22,16,11,13,12,20,20,11,23,17,21,5,7,24,18,11,27,21,20,25,12,21,26,22,10,13,22,24,17,27,8,12,19,21,16,15,15,12,22,15,26,10,22,8,8,26,20,9,4,20,22,8,20,22,10,15,26,18,17,20,14,26,18,18,10,25,22,13,16,17,8,23,11,22,18,6,21,11,12,22,25,5,19,11,15
18,5,23,4,3,22,26,6,7,5,5,15,1,3,3,27,22,24,17,4,19,7,3,21,10,22,5,5,2,24,16,24,18,3,11,16,14,21,23,23,11,24,15,7,19,26,0,13,2,3,12,22,29,4,22,7,8,20,6,22,6,4,20,15,27,21,5,2,7,15,24,21,25,6,11,21,7,9,25,22,22,7,17,26,3,5,10,5,26,12,6,5,25,27,5,6,15,5,24,24,16,12,18,17,17,23,4,14,5,22,10,22,21,2,8,25,23,13,7,21,12,9,22,20,4,19,18,11,14,4,14,16,23,5,10,21,17,15,21,4,21,10,13,23,8,27,24,7,2,22,14,27,17
12,13,17,11,12,17,21,10,13,10,12,7,14,14,13,21,16,17,8,12,10,11,11,16,7,17,14,12,13,19,8,19,8,11,11,5,2,12,22,14,7,19,4,9,10,21,14,0,13,11,5,12,24,11,17,11,14,15,11,17,11,11,15,4,21,12,12,15,11,11,19,12,21,10,5,12,12,8,20,17,17,11,6,20,13,11,5,11,22,7,13,10,19,22,11,10,4,13,18,19,7,5,7,7,7,13,10,8,12,15,7,17,17,12,7,21,19,4,11,16,6,8,17,10,13,8,7,5,9,13,2,8,16,12,7,11,12,4,16,12,16,6,10,18,9,22,19,9,13,17,3,22,7
17,5,24,5,4,24,26,7,7,6,6,17,4,2,4,27,21,24,19,5,21,9,5,23,12,24,4,7,3,26,19,26,18,5,13,16,14,21,25,23,11,26,16,8,21,27,4,14,0,5,12,22,30,5,24,8,8,22,7,24,7,6,22,16,27,21,6,5,9,17,26,21,25,7,12,22,9,11,27,24,24,8,18,26,5,6,11,6,26,12,6,7,25,26,6,7,15,5,26,26,16,12,18,18,18,22,6,16,5,24,10,24,24,4,10,28,26,13,8,23,13,11,24,20,4,19,18,12,16,5,14,16,25,5,12,21,17,16,23,5,23,12,15,25,10,27,26,9,4,24,14,27,18
16,6,22,6,3,20,24,4,7,3,3,13,4,5,4,26,20,22,15,6,17,5,1,19,9,20,6,5,4,22,15,22,17,1,10,14,12,20,21,22,10,22,13,6,17,24,3,12,4,0,11,20,27,2,20,5,8,18,3,20,9,2,18,14,26,20,7,5,5,13,22,20,24,4,9,19,5,8,23,20,20,9,15,25,5,3,8,7,25,11,8,3,24,25,4,7,14,8,22,22,15,11,16,15,15,21,2,12,7,20,9,20,20,5,6,24,22,12,5,19,10,7,20,19,6,17,17,9,13,6,12,15,21,7,8,20,16,13,19,3,19,8,12,21,6,25,22,5,5,20,12,25,15
11,11,17,9,12,18,21,10,12,10,12,9,12,12,12,21,15,17,10,9,11,12,11,16,7,18,12,10,12,20,9,20,8,10,12,6,5,11,23,13,5,20,7,7,11,22,12,5,11,10,0,12,23,11,18,11,13,16,11,19,9,9,17,6,21,11,10,13,12,12,20,11,20,10,6,12,12,10,22,18,18,9,7,20,11,11,5,9,21,5,11,10,19,21,11,8,5,11,17,21,6,1,8,8,8,13,9,9,10,15,5,19,17,10,8,22,20,3,12,18,8,7,19,10,11,9,8,6,10,11,4,7,15,10,7,11,11,6,17,12,17,6,12,18,9,21,20,8,11,19,4,21,8
8,22,6,20,22,9,13,20,22,20,21,13,23,23,23,12,7,8,10,20,11,20,21,6,18,7,22,21,22,17,9,13,7,20,22,10,13,5,20,3,16,17,15,18,7,11,23,13,22,21,12,0,15,21,7,20,23,8,20,9,20,20,9,11,12,5,20,23,20,14,11,4,12,19,15,2,21,16,18,10,8,20,12,11,22,20,15,20,13,16,21,20,10,13,20,19,11,22,7,12,11,13,10,9,9,2,20,13,21,5,16,11,7,21,18,14,11,13,20,9,17,18,10,5,21,11,10,16,12,21,12,10,4,20,18,3,9,11,8,21,9,17,17,8,19,13,12,19,21,10,12,13,9
16,26,10,24,27,14,12,25,27,26,27,20,27,27,27,7,12,10,19,25,21,27,26,12,27,13,27,26,27,24,19,17,18,26,28,20,22,15,26,14,21,24,24,24,17,13,27,23,26,26,21,15,0,26,12,26,28,15,26,12,23,25,11,21,5,14,25,28,27,20,17,14,6,25,24,15,27,22,25,12,12,23,22,7,27,26,25,24,5,20,26,26,7,5,26,24,20,26,12,17,19,22,20,19,19,14,24,20,25,14,22,12,13,26,25,16,13,23,27,14,24,27,15,15,26,21,20,25,19,26,21,17,14,25,27,14,16,21,12,27,15,26,23,10,25,4,18,25,26,10,22,3,19
17,6,22,5,2,20,24,3,7,3,3,14,4,4,3,27,21,23,15,6,17,5,2,19,8,21,5,6,3,22,15,22,17,1,9,14,12,21,21,22,11,22,12,6,17,24,4,11,3,1,12,21,27,0,20,5,7,18,3,21,8,3,18,13,27,21,6,5,5,13,22,21,25,3,8,19,5,7,23,20,20,8,14,25,6,2,7,6,26,12,7,3,25,26,3,7,13,7,23,22,16,11,16,15,16,21,3,12,7,20,10,20,20,5,6,24,22,11,4,19,9,7,20,19,6,17,16,9,13,5,12,15,21,7,8,20,16,12,19,2,19,8,12,22,6,25,22,6,4,20,12,25,15
12,24,4,23,21,7,10,19,21,19,20,13,23,23,22,12,10,6,13,24,15,20,20,4,21,3,24,23,22,17,13,11,11,20,21,14,17,9,20,8,20,17,17,20,11,9,23,16,22,20,17,7,14,20,0,19,22,8,20,5,24,20,4,15,12,9,24,24,20,13,9,8,12,18,17,7,20,15,18,7,2,23,16,11,24,19,18,24,13,20,25,19,10,12,19,22,15,26,4,10,15,17,14,13,13,7,19,13,24,4,20,7,3,23,18,12,9,17,20,6,17,20,8,10,24,15,14,18,12,24,15,15,4,24,20,8,14,15,4,21,8,19,16,5,18,12,10,20,23,7,16,12,13
18,9,21,9,6,19,23,4,7,4,5,13,8,8,7,26,22,23,14,9,17,3,5,18,9,20,9,9,7,21,14,21,16,5,9,15,12,21,20,21,12,21,13,7,16,23,7,12,7,5,13,20,27,5,19,0,8,17,5,20,11,6,18,14,26,21,10,8,3,12,21,20,26,3,9,18,4,7,22,19,19,11,15,25,9,4,8,10,26,13,11,4,24,26,4,10,14,10,22,22,17,12,15,14,15,20,5,11,10,20,11,20,19,8,7,23,21,12,4,19,9,8,20,20,9,18,17,9,12,9,12,16,20,10,9,20,17,12,18,6,18,9,11,21,7,24,22,7,8,20,12,24,14
21,6,23,9,6,22,26,8,3,7,7,15,9,9,7,29,25,25,17,9,19,7,8,20,12,22,7,12,7,24,16,24,19,7,11,17,15,24,23,23,14,24,15,10,19,26,9,14,8,7,15,22,29,7,22,7,0,20,7,22,12,9,20,17,29,24,10,9,7,15,24,23,28,6,12,21,7,9,25,22,22,12,17,27,10,6,11,10,29,15,10,7,27,29,6,11,17,8,24,24,19,15,18,17,17,23,9,14,7,22,14,22,21,9,9,25,23,15,5,21,12,11,22,23,8,20,19,12,14,10,15,19,23,7,12,23,20,15,21,7,21,12,13,23,9,27,24,10,8,22,15,27,17
14,23,9,23,21,5,11,19,21,18,19,13,22,22,21,15,13,11,12,23,14,19,20,5,20,7,23,22,21,16,12,8,11,19,20,14,16,11,19,10,20,16,16,19,10,12,22,16,21,19,17,8,16,19,7,19,21,0,19,9,23,19,6,14,16,11,23,23,19,13,6,10,15,17,17,8,20,14,17,9,7,23,15,14,23,18,17,23,16,20,25,18,13,16,19,22,14,25,9,7,15,17,13,12,12,9,19,12,24,7,20,9,6,23,17,10,9,16,19,4,16,19,5,11,24,14,13,17,11,23,15,15,8,24,19,10,16,14,6,20,3,19,15,10,17,14,7,19,22,9,15,14,12
18,7,21,7,4,19,24,4,6,3,1,13,6,6,5,27,22,23,15,7,17,4,3,18,9,20,7,7,5,22,14,22,17,2,9,15,12,22,21,21,12,22,13,7,17,24,5,12,5,3,13,20,27,2,20,4,6,18,0,20,9,4,18,14,27,22,8,6,4,13,22,21,26,3,9,19,4,7,23,20,20,10,15,25,7,1,8,8,27,13,9,4,25,27,2,8,14,8,22,22,17,12,16,15,15,21,4,12,8,20,11,20,19,6,7,23,21,12,3,19,10,8,20,20,7,18,17,9,12,7,12,17,21,8,9,21,17,13,19,3,19,9,11,21,7,25,22,7,6,20,12,25,15
15,24,5,24,22,5,9,20,22,20,21,14,24,24,23,12,11,7,14,24,16,21,21,6,21,6,25,23,23,18,13,11,12,21,22,15,18,12,20,10,21,18,18,21,12,8,23,17,23,21,18,9,13,21,6,20,23,8,20,0,24,21,3,16,12,11,25,24,21,14,9,11,12,19,18,9,21,16,19,4,5,24,16,11,25,20,19,25,12,21,26,20,10,13,20,23,16,26,5,10,17,19,15,14,14,10,20,14,25,7,22,5,7,24,19,10,6,18,21,6,18,21,8,13,25,16,15,19,13,25,16,17,7,25,21,11,16,16,5,21,8,20,17,5,19,10,10,21,24,6,17,10,14
15,7,22,4,7,22,23,8,8,9,9,16,7,7,7,24,19,21,17,4,19,10,8,21,10,23,7,7,6,24,17,24,15,8,12,13,12,19,23,21,8,24,14,6,19,24,6,11,6,8,9,19,27,8,22,9,9,20,9,23,0,7,21,13,24,19,4,7,9,15,24,18,23,8,11,19,10,10,25,22,22,2,15,23,6,9,10,3,23,9,5,8,22,24,9,3,13,6,23,25,13,9,15,16,16,20,6,14,6,22,7,23,22,5,10,26,24,11,9,22,12,9,23,17,5,16,16,12,15,5,12,13,23,6,11,18,14,13,21,8,21,10,14,23,10,25,25,7,5,23,12,24,15
16,7,22,6,4,20,24,4,8,3,4,13,4,6,5,26,20,22,15,6,17,6,3,19,9,20,7,4,5,22,15,22,17,2,9,14,12,20,21,21,10,22,13,5,17,24,4,11,5,2,11,20,27,3,20,5,9,18,4,20,8,0,18,13,26,20,8,5,6,13,22,20,24,4,9,19,6,8,23,20,20,8,15,24,5,3,8,8,25,11,9,3,24,25,4,6,13,8,22,22,15,10,16,15,15,21,2,12,8,20,9,20,20,5,7,24,22,11,6,19,10,7,20,19,7,17,16,9,12,7,12,15,21,8,8,19,15,13,19,4,19,8,11,21,7,25,22,5,5,20,12,25,15
13,22,6,22,20,4,9,18,20,17,18,12,21,21,20,11,12,8,11,22,14,18,19,4,19,4,22,21,20,15,11,10,10,18,19,13,15,10,18,9,19,15,15,18,9,8,21,15,21,18,16,7,12,18,3,18,20,7,18,5,22,18,0,13,11,10,23,22,18,12,8,9,11,16,16,7,19,13,16,4,3,22,14,10,22,17,16,22,11,19,24,17,9,12,18,21,13,24,6,9,15,17,12,11,11,8,18,11,23,6,20,5,4,22,16,9,6,16,18,5,15,18,7,11,23,13,13,16,10,23,14,14,6,23,18,9,15,13,3,19,7,18,14,6,16,9,9,18,21,5,15,9,11
10,15,16,13,14,15,19,11,14,11,13,6,15,15,14,20,14,16,6,14,8,13,13,14,9,16,15,14,14,17,6,17,7,12,13,3,4,10,20,12,9,17,6,11,8,19,15,4,14,12,6,11,22,12,15,12,15,13,13,16,13,13,13,0,20,10,13,16,13,9,17,10,20,11,6,10,13,10,18,15,15,13,4,18,15,12,6,13,20,9,15,12,18,20,12,12,3,15,16,17,6,6,5,5,6,11,12,7,14,13,9,15,15,14,9,19,17,5,13,14,8,10,15,9,15,6,6,6,7,15,3,6,14,14,9,9,10,2,14,13,14,8,10,17,10,20,17,11,14,15,4,20,5
12,22,7,21,24,12,9,22,23,22,23,18,24,24,24,2,8,7,16,21,17,23,22,10,23,11,23,23,23,22,16,14,14,22,26,16,19,11,25,10,17,22,21,20,13,10,23,19,23,22,18,11,6,23,10,23,24,13,23,10,19,21,9,17,0,10,21,24,23,18,15,10,3,21,21,11,24,20,23,10,10,19,18,4,23,22,21,21,3,17,22,22,4,2,23,20,17,23,9,15,15,18,16,15,15,10,21,18,22,12,18,10,11,22,23,12,10,19,23,12,22,23,13,11,22,17,17,22,17,22,18,14,11,21,23,10,12,17,11,23,13,23,21,8,23,5,16,21,22,8,18,4,15
5,19,9,18,21,11,14,18,20,19,20,13,21,21,21,12,6,8,10,18,11,20,20,8,15,10,20,19,20,17,10,14,6,19,20,8,11,1,20,5,13,17,14,16,7,14,20,12,20,19,10,4,15,20,10,20,21,10,20,12,17,18,11,9,12,0,18,21,20,14,13,2,12,18,14,4,21,16,18,12,10,18,12,11,20,19,13,18,13,13,19,19,10,12,20,17,9,20,9,14,9,11,9,9,8,4,18,13,19,7,14,13,9,19,16,16,14,11,20,10,15,16,12,3,19,10,9,14,12,19,10,7,7,18,16,1,7,11,10,20,11,15,17,10,18,12,14,17,19,12,10,12,9
16,6,23,3,6,23,24,9,7,8,9,17,6,6,6,25,20,22,18,4,20,10,7,22,11,24,6,7,5,25,18,25,16,7,13,14,13,20,24,22,9,25,15,7,20,25,6,12,5,7,10,20,28,7,23,10,8,21,9,24,3,8,22,14,25,20,0,6,10,16,25,19,24,9,12,20,11,11,26,23,23,3,16,24,6,8,11,2,24,10,3,9,23,25,8,4,14,4,24,26,14,10,16,17,17,21,7,15,6,23,8,24,23,5,11,27,25,12,10,23,13,10,24,18,4,17,16,13,16,4,12,14,24,5,12,19,15,14,22,7,22,11,15,24,11,25,26,8,4,24,12,25,16
17,5,23,3,4,23,25,7,6,6,6,17,3,3,3,26,21,23,18,3,20,8,5,22,10,24,5,4,3,25,18,26,17,5,12,15,13,20,24,22,10,25,15,6,20,26,3,13,3,5,11,21,29,5,23,8,7,21,6,24,6,5,22,15,26,20,4,0,8,16,25,20,24,7,11,21,8,11,27,23,23,6,16,25,3,6,10,4,25,11,5,6,24,26,6,5,15,4,25,26,15,11,17,17,17,22,5,15,5,24,9,24,23,1,9,27,25,12,8,23,13,9,24,19,3,18,17,12,16,3,13,15,24,4,11,20,16,15,22,5,22,10,15,24,9,26,26,7,1,24,13,26,17
18,9,21,9,6,19,24,4,7,4,5,13,8,8,7,26,22,23,14,9,17,2,5,18,10,20,9,9,7,21,14,22,16,5,9,15,13,21,20,21,12,21,13,8,16,24,8,12,7,5,13,20,27,5,19,3,8,17,4,20,11,6,18,14,26,21,10,9,0,12,21,21,26,3,9,18,2,7,23,19,19,11,15,25,9,4,8,10,26,13,11,4,24,27,4,10,14,10,22,22,17,13,15,14,15,20,6,11,10,20,11,20,19,8,7,23,21,12,3,19,9,8,20,20,9,18,17,10,12,9,13,17,21,10,9,20,17,13,18,5,18,9,11,21,7,24,22,7,8,20,12,24,14
16,16,15,16,14,13,18,12,14,12,13,7,16,16,15,20,16,17,8,17,10,13,13,12,12,14,17,16,15,15,8,16,10,13,14,11,10,15,18,15,15,16,8,13,10,18,16,9,15,13,12,14,21,13,13,12,15,11,13,14,17,13,12,10,20,15,17,17,13,0,15,14,20,11,9,12,13,8,17,13,13,16,11,19,17,12,9,17,20,15,18,12,18,21,12,15,10,18,16,16,13,12,9,8,9,14,12,4,17,14,15,14,13,16,11,17,15,11,13,13,8,13,14,14,17,12,10,9,5,17,8,13,15,17,12,14,16,9,12,14,12,11,9,15,11,18,16,13,16,14,10,18,8
17,27,11,26,24,6,11,22,24,22,23,16,26,26,25,17,16,13,16,27,18,23,23,8,24,9,27,26,25,20,16,5,14,23,24,17,20,14,23,13,23,20,20,23,14,12,26,19,25,23,20,11,17,23,9,22,25,6,23,10,27,23,7,18,17,14,27,27,23,16,0,13,17,21,20,11,23,18,21,9,9,26,19,16,27,22,21,27,17,23,28,22,15,17,22,25,18,29,11,2,19,21,17,16,16,12,22,16,27,10,24,10,9,26,21,7,10,20,23,5,20,23,3,14,27,18,17,21,15,27,18,18,11,27,23,13,18,18,7,24,4,22,19,12,21,15,2,23,26,10,19,15,16
6,20,9,19,22,11,14,19,21,19,21,14,22,22,22,12,6,8,10,19,12,21,20,8,16,10,21,19,21,17,10,15,7,20,21,9,12,2,20,5,14,18,15,17,7,14,21,13,21,20,11,4,14,21,10,21,22,10,21,12,18,19,11,10,12,2,19,22,21,14,14,0,12,19,14,4,21,16,19,13,11,19,13,11,21,20,14,19,13,14,20,20,10,12,21,18,10,21,9,14,10,12,10,9,9,4,19,14,20,7,15,13,9,20,17,16,14,12,21,11,16,17,12,3,20,10,10,15,13,20,11,8,7,19,16,2,8,12,10,21,11,16,17,10,19,12,14,18,20,12,11,12,9
14,25,9,23,26,14,11,24,26,25,26,20,26,26,26,5,11,9,18,24,20,26,25,13,26,13,25,25,26,24,18,16,16,24,28,19,21,13,27,12,20,24,24,23,15,12,26,22,25,24,20,14,6,25,12,25,27,15,26,12,21,24,12,20,3,12,23,27,26,20,17,13,0,24,24,13,26,22,25,12,12,22,21,3,25,25,24,23,2,19,25,25,4,2,25,22,19,25,11,17,17,21,19,17,17,13,23,20,24,14,21,12,13,25,25,15,13,21,26,14,24,26,15,14,25,20,19,24,19,25,20,16,13,24,26,13,15,20,13,26,15,25,23,10,25,4,18,24,24,10,20,3,18
18,7,20,7,5,18,23,4,5,3,2,12,6,6,5,25,22,22,14,8,16,3,4,17,9,19,7,8,5,20,13,21,16,3,8,14,12,20,20,20,11,21,12,7,16,23,6,11,5,3,12,19,26,3,19,3,5,16,2,19,10,5,17,14,26,20,9,7,3,11,20,20,25,0,8,18,3,6,22,19,19,10,14,24,8,1,7,8,26,12,9,3,23,26,2,9,13,9,21,21,16,12,15,14,14,20,5,10,7,19,10,19,18,7,6,22,20,12,2,18,9,8,19,20,8,17,16,9,11,8,12,16,20,8,8,19,17,12,18,3,17,8,10,20,6,24,21,6,6,19,12,24,14
15,12,20,11,9,18,22,7,10,7,9,8,11,11,10,23,18,19,10,12,12,9,8,17,5,18,12,11,10,20,10,20,12,8,8,8,6,15,22,17,8,20,6,8,12,22,11,5,10,8,7,15,25,8,18,8,11,16,8,19,12,9,16,7,23,15,12,12,9,10,20,15,23,7,0,14,9,5,21,18,18,11,8,22,12,8,2,12,24,8,14,7,21,24,8,10,7,14,20,20,11,6,10,9,9,16,8,8,13,17,9,18,18,12,4,22,20,6,9,17,3,6,18,14,12,11,11,2,9,12,6,11,18,13,5,14,16,5,17,9,17,4,9,20,6,23,20,7,11,18,6,23,9
7,21,8,19,22,9,14,20,22,19,20,13,22,22,22,13,7,8,9,20,11,20,21,6,17,8,22,20,22,16,9,13,6,20,21,10,12,4,19,4,15,17,15,17,6,13,22,13,21,20,12,2,15,20,8,20,22,8,20,11,19,20,9,10,13,4,20,23,20,13,11,3,13,18,15,0,21,15,18,11,9,20,12,11,22,19,15,19,13,15,21,19,11,13,20,18,10,21,8,12,11,13,9,8,8,3,19,13,20,5,16,11,7,21,18,14,13,13,20,9,17,17,10,5,21,10,9,15,12,21,11,10,6,20,17,3,9,11,8,21,9,16,16,9,18,13,12,18,21,11,12,13,9
19,9,22,9,6,20,24,5,7,4,4,13,8,8,7,27,23,23,15,10,17,2,5,19,10,20,9,10,7,22,15,22,17,5,9,15,13,22,21,21,12,22,13,8,17,24,8,12,7,5,13,20,27,5,20,3,7,18,4,20,12,7,18,15,27,22,10,9,2,13,22,21,27,4,10,19,0,8,23,20,20,11,15,25,10,3,9,10,27,13,11,5,25,27,4,10,15,11,22,22,18,13,16,15,15,21,6,12,10,20,12,20,20,9,7,24,22,13,2,19,10,9,20,21,10,18,17,10,12,9,13,17,21,10,10,21,18,13,19,5,19,10,11,21,7,25,22,8,8,20,13,25,15
18,11,17,11,9,15,20,7,9,6,7,9,10,10,9,22,18,19,10,11,13,7,8,14,8,16,11,10,9,17,10,18,12,7,8,11,9,17,20,17,12,18,9,7,12,20,10,8,9,7,11,16,23,7,15,7,9,13,7,16,11,7,14,10,22,17,11,11,7,8,17,17,22,5,5,14,8,0,19,15,15,11,11,21,11,6,6,11,22,12,13,6,20,23,7,10,10,13,18,18,14,10,11,11,11,16,7,7,12,16,11,16,15,11,5,19,17,10,7,15,5,7,16,16,12,14,13,7,8,12,9,14,17,12,8,16,17,8,14,8,14,8,7,17,5,20,18,7,10,16,9,20,10
21,27,19,26,24,17,22,23,25,22,23,16,26,26,25,24,20,21,16,27,18,23,23,16,24,18,27,26,25,12,16,19,16,23,20,18,20,19,5,19,25,4,20,23,14,21,26,20,25,23,22,18,25,23,17,22,25,15,23,18,27,23,16,18,24,19,27,27,23,16,19,18,24,21,20,16,23,18,0,17,17,26,19,23,27,22,21,27,24,25,28,22,22,25,22,25,18,29,20,20,20,22,17,15,15,18,22,16,27,18,25,18,17,27,21,21,19,21,23,17,20,23,18,18,27,19,17,21,15,27,19,20,19,27,23,18,21,18,16,24,16,22,19,19,21,22,20,23,26,18,20,22,15
15,24,6,24,22,5,6,20,22,19,21,14,24,24,23,12,13,8,13,24,16,20,21,6,21,7,25,23,22,17,13,9,12,20,21,15,17,12,20,11,21,18,18,21,11,6,23,17,23,21,18,10,12,21,6,20,23,9,20,5,23,20,5,16,12,12,25,24,20,14,9,11,12,19,18,10,21,16,19,0,6,23,16,10,25,20,18,24,12,21,26,20,10,12,20,23,16,26,7,9,17,19,14,13,14,10,20,13,25,8,22,4,6,24,18,8,3,18,20,6,18,21,7,13,25,16,15,18,13,25,16,16,9,25,21,11,16,15,6,21,9,20,17,6,19,10,9,20,24,5,17,10,14
12,23,4,23,20,6,10,19,21,18,19,12,22,22,21,12,10,7,12,23,14,19,20,3,20,2,23,22,21,16,12,10,11,19,20,14,16,9,19,8,20,16,16,19,10,9,22,16,21,19,17,7,14,19,1,19,21,7,19,6,23,19,3,14,12,9,23,23,19,13,8,9,12,17,17,7,19,14,17,6,0,23,15,11,23,18,17,23,13,20,24,18,10,13,19,21,14,25,4,9,15,17,13,12,12,7,18,12,23,5,20,7,2,23,17,11,8,17,19,5,16,19,7,10,24,14,14,17,11,23,15,15,4,24,19,8,14,14,3,20,6,19,15,5,17,11,9,19,22,7,16,11,12
15,7,22,4,7,22,24,7,8,7,8,15,7,7,7,25,19,21,17,4,18,10,7,21,9,23,7,5,6,24,16,25,15,6,12,13,11,18,23,20,8,24,13,4,18,25,6,11,6,6,9,19,27,7,22,9,9,20,9,23,3,6,21,13,25,18,4,7,9,15,24,18,23,8,10,19,10,10,25,22,22,0,14,23,6,8,9,4,24,10,5,7,23,24,9,2,13,6,24,25,13,9,15,15,15,20,4,14,7,22,8,23,22,5,9,26,24,10,10,22,12,8,23,17,5,16,15,10,15,5,11,13,22,6,10,18,14,12,21,8,21,8,14,23,10,25,25,6,5,23,11,24,15
12,17,15,15,16,14,18,13,17,13,15,7,17,17,16,19,13,15,5,16,7,15,15,13,11,15,18,16,16,16,5,16,7,14,15,6,6,12,19,12,11,16,8,13,7,18,17,6,17,14,8,11,21,14,14,15,17,12,15,15,15,15,13,5,19,12,15,18,15,8,16,11,19,13,8,9,15,11,17,14,14,15,0,18,17,14,9,15,20,11,17,14,17,19,15,14,6,17,15,17,9,8,5,5,5,11,14,7,16,12,11,15,14,17,11,18,16,7,15,14,10,12,15,10,17,8,7,8,6,17,5,9,13,16,11,11,12,4,13,15,13,10,12,16,12,19,17,14,17,15,6,19,4
12,23,8,21,24,12,9,22,24,23,24,19,24,24,24,4,9,7,16,22,18,24,23,11,24,11,24,23,24,22,16,14,14,22,26,17,19,11,25,10,18,22,22,21,13,10,24,20,23,22,18,12,7,23,11,23,25,14,24,11,19,22,10,18,3,11,21,25,24,19,15,11,3,22,22,11,24,20,23,10,10,20,19,0,24,23,22,21,3,17,23,23,2,2,23,20,17,23,10,16,16,19,17,15,15,11,21,18,22,12,19,11,11,23,23,13,11,19,24,12,23,24,14,12,23,18,17,22,17,23,18,14,12,22,24,11,13,18,11,24,14,23,21,9,24,6,16,22,22,9,19,5,16
18,7,24,5,4,22,26,6,9,6,6,16,3,4,4,28,22,24,17,4,19,8,4,21,11,23,6,4,4,24,17,24,18,4,12,16,13,21,23,23,12,24,15,7,19,26,2,13,3,4,12,22,29,5,22,8,9,20,6,23,7,4,20,15,28,21,6,3,8,15,24,21,26,6,11,21,8,10,25,22,22,7,17,26,0,6,10,6,27,13,7,5,26,27,7,6,15,7,25,24,16,12,18,17,18,23,4,14,7,22,11,22,22,4,9,26,24,13,8,21,12,9,22,20,6,19,18,12,15,5,13,17,23,7,10,21,17,15,21,5,21,10,14,24,9,27,24,7,4,22,13,27,17
18,7,21,6,4,19,23,4,5,3,2,12,5,5,4,26,22,22,14,7,16,3,3,18,9,19,6,7,4,21,14,21,16,2,9,14,12,21,20,21,11,21,12,7,16,23,5,11,5,2,12,19,26,2,19,3,6,17,1,19,9,4,17,14,26,21,8,6,4,12,21,20,26,2,9,18,3,7,22,19,19,10,14,25,7,0,8,7,26,12,9,3,24,26,2,8,14,8,21,21,17,12,15,14,14,20,4,11,8,19,11,19,19,6,6,23,21,12,3,18,9,8,19,20,7,17,17,9,12,7,12,16,20,8,8,20,17,12,18,2,18,8,11,21,6,24,21,7,5,19,12,24,14
15,12,20,11,9,18,22,7,10,7,9,7,11,11,10,23,18,19,10,11,12,9,8,17,5,18,12,10,10,20,10,20,12,8,8,8,6,15,22,17,8,20,6,7,12,22,11,5,10,8,6,15,25,8,18,8,11,16,8,18,11,9,16,7,23,15,12,12,9,10,20,15,23,7,2,14,9,5,21,18,18,11,8,22,12,8,0,12,24,8,13,7,21,24,8,10,7,14,20,20,10,6,10,9,9,16,8,8,13,17,8,18,18,11,4,22,20,6,9,17,3,6,18,14,12,11,11,2,9,12,6,11,18,12,5,14,15,5,17,9,17,4,9,19,6,23,20,7,11,18,6,23,9
16,7,23,3,6,23,25,9,8,9,9,17,6,6,6,25,20,22,18,4,20,11,8,22,12,24,6,7,6,25,18,26,16,7,13,15,13,20,25,22,9,26,15,7,20,26,6,13,5,7,10,21,28,8,23,10,8,21,9,24,3,9,22,15,26,20,1,7,11,16,25,20,24,9,13,21,11,11,27,23,23,4,16,24,6,8,12,0,25,11,4,9,24,25,9,4,14,4,25,26,15,11,17,17,17,21,7,15,6,24,9,24,23,5,11,27,25,12,11,23,14,11,24,18,5,17,17,13,16,5,13,14,24,6,12,19,15,14,22,8,22,11,15,24,11,26,26,9,5,24,13,25,17
14,24,10,23,26,14,11,24,25,24,25,20,26,26,26,5,10,9,18,23,19,25,24,12,25,13,25,25,25,23,18,16,16,24,27,18,21,13,26,12,19,24,24,22,15,12,26,21,25,24,20,13,5,25,12,25,26,15,25,12,21,23,11,19,3,12,23,26,25,20,16,12,2,24,23,13,26,22,25,12,11,22,20,3,25,24,23,23,0,19,24,24,4,2,25,22,19,25,11,17,17,20,18,17,17,12,23,19,24,14,20,12,12,24,24,15,13,21,25,14,24,26,15,13,24,19,19,24,18,24,20,16,13,23,25,13,14,20,12,26,15,25,22,10,25,4,17,24,24,10,20,2,17
11,12,18,10,14,22,19,12,13,12,13,12,13,13,13,20,15,17,13,11,15,13,12,20,11,21,13,13,13,24,13,24,12,12,16,10,9,14,27,17,5,24,11,10,15,20,13,9,12,12,5,15,23,13,20,13,14,20,13,21,9,11,20,10,20,14,11,14,13,16,24,14,18,12,10,16,14,14,25,20,20,10,11,19,13,12,9,10,19,0,12,12,18,20,13,10,9,12,19,24,8,6,12,12,12,16,11,13,11,19,5,21,21,12,12,23,21,7,13,22,12,11,22,13,12,13,12,10,14,12,8,8,19,11,11,13,10,9,21,13,21,11,16,18,13,20,24,11,12,19,8,20,12
16,5,23,2,5,24,25,8,6,8,8,17,5,5,5,26,20,22,19,4,20,10,7,23,11,24,4,7,5,26,18,26,17,6,13,15,13,20,25,22,10,26,15,7,20,26,6,13,4,6,11,21,28,6,24,9,7,22,8,24,5,7,22,15,26,20,4,5,10,17,26,20,24,8,13,21,10,11,27,24,24,5,16,24,5,7,12,3,25,11,0,8,24,25,7,5,14,2,25,26,15,11,17,17,17,21,7,16,4,24,9,24,23,4,11,28,26,12,9,23,14,10,24,19,2,18,17,13,16,4,13,15,24,4,12,19,15,15,23,6,23,11,15,24,11,26,26,9,3,24,13,26,17
16,7,21,7,4,19,24,3,7,3,4,13,6,6,5,25,20,22,14,7,17,5,2,18,8,20,7,6,4,21,14,22,16,2,9,14,12,20,21,21,10,22,12,5,17,24,5,11,5,2,11,20,27,3,19,5,8,17,4,20,8,3,18,13,25,20,8,6,5,12,21,20,24,3,8,18,5,7,23,19,19,8,15,24,7,3,7,8,25,11,9,0,23,25,4,6,13,8,22,22,15,10,15,15,15,21,2,11,8,20,9,20,19,6,6,23,21,11,5,19,9,6,20,18,7,17,16,9,12,7,12,14,21,8,8,19,15,12,18,4,18,8,11,21,6,25,22,5,6,20,12,25,15
12,23,8,21,24,12,9,22,24,23,24,18,24,24,24,4,8,7,16,22,18,24,23,11,24,11,23,23,23,22,16,14,14,22,26,17,19,11,25,10,18,22,22,21,13,10,24,19,23,22,18,11,8,23,10,23,24,14,23,11,19,21,10,18,4,10,21,24,24,19,15,11,4,22,22,11,24,20,23,10,10,20,19,1,23,23,21,21,4,17,22,22,0,3,23,20,17,23,10,16,15,19,17,15,15,10,21,18,22,12,18,11,11,22,23,13,11,19,24,12,22,24,14,12,22,18,17,22,17,22,18,14,12,22,24,11,12,18,11,24,13,23,21,9,23,6,16,22,22,9,18,5,15
14,24,9,23,26,14,11,24,25,24,25,20,26,26,26,4,10,9,18,23,19,25,24,12,25,13,25,25,25,24,18,16,16,24,28,18,21,13,27,12,19,24,23,22,15,12,25,21,25,24,20,13,6,25,12,25,26,15,25,12,21,23,11,19,3,12,23,26,25,20,17,12,2,23,23,13,26,22,25,12,12,21,20,3,25,24,23,23,2,19,24,24,4,0,25,22,19,25,11,17,17,20,18,17,17,12,23,20,24,14,20,12,13,24,25,14,12,21,25,14,24,25,15,13,24,19,19,24,19,24,20,16,13,23,25,12,14,19,13,25,15,25,23,10,25,5,18,23,24,10,20,3,17
19,7,22,7,3,20,25,5,7,5,3,14,6,6,5,27,23,24,16,7,18,5,4,19,10,21,7,8,5,22,15,23,18,4,10,16,14,22,22,22,13,23,14,9,18,25,6,13,5,4,14,21,28,3,20,5,7,18,3,21,10,5,19,15,28,22,8,7,5,13,22,22,27,4,10,20,5,8,24,20,21,10,16,26,7,2,9,8,27,14,9,5,25,28,0,9,15,8,23,23,18,14,17,16,16,22,6,12,8,21,12,21,20,6,8,24,22,13,4,20,11,9,21,21,7,19,18,11,13,7,13,18,22,8,10,21,19,14,19,3,19,10,12,22,8,26,23,8,6,21,13,26,16
15,7,22,3,7,22,23,7,8,7,8,15,6,7,7,24,19,21,16,3,18,9,6,21,8,22,7,5,6,24,16,24,14,6,11,13,10,18,23,20,8,24,13,4,18,24,6,10,6,6,9,19,27,7,22,9,9,20,8,22,3,5,20,12,24,18,5,7,9,15,24,18,23,7,9,19,10,10,25,22,22,3,14,23,5,7,8,5,23,9,6,6,22,24,8,0,12,6,23,24,13,8,15,15,15,19,4,14,6,22,8,22,22,4,9,26,24,9,9,21,11,7,22,16,5,15,15,10,14,5,10,13,22,6,9,17,14,12,21,7,21,8,14,23,9,24,24,5,5,22,10,24,15
9,14,15,13,14,15,20,12,15,12,14,7,16,16,15,19,13,15,7,13,8,14,14,13,10,15,15,13,15,17,6,18,6,13,14,2,4,9,20,11,8,18,7,11,8,20,15,4,15,13,5,10,21,13,15,13,16,13,14,16,13,13,14,2,19,9,13,16,14,10,17,9,19,12,7,9,14,11,19,15,15,13,4,18,15,13,7,13,20,8,14,12,17,19,13,12,0,15,15,18,5,6,4,6,6,11,12,8,14,12,9,16,14,14,10,19,17,5,14,15,9,10,16,8,14,5,5,7,7,14,3,6,13,13,9,9,10,3,14,14,14,8,11,16,11,19,18,11,14,16,4,19,5
17,4,23,3,6,24,25,9,5,8,8,18,6,5,6,26,21,23,19,4,20,10,7,23,12,24,4,7,5,26,19,26,17,7,14,15,13,20,25,22,10,26,15,7,20,26,6,13,5,7,11,21,29,7,24,10,6,22,9,25,6,8,22,15,26,20,4,6,10,17,26,20,24,9,13,21,10,12,27,24,24,6,17,25,6,8,12,4,25,11,3,8,24,25,8,5,15,0,25,26,15,11,17,17,17,22,8,16,4,24,9,24,24,4,12,28,26,12,9,23,14,11,24,19,2,18,17,13,17,4,13,15,24,3,13,20,16,15,23,7,23,12,16,24,11,26,26,9,4,24,13,26,17
14,25,4,25,23,8,10,21,23,20,21,15,24,24,23,12,10,6,14,25,17,21,22,6,22,5,25,24,23,18,14,13,13,21,22,16,18,11,21,9,22,18,18,21,12,9,24,18,24,21,19,8,15,21,5,21,23,10,21,5,24,21,5,16,12,10,26,25,21,15,11,10,12,19,19,8,22,16,19,6,5,25,17,11,25,20,19,25,13,22,27,21,10,12,21,24,16,27,0,12,17,19,15,14,14,9,21,14,26,6,22,7,6,25,19,12,8,19,21,8,18,21,10,12,26,17,16,19,13,26,17,16,6,26,21,10,15,16,6,22,10,21,17,5,19,12,12,21,24,7,18,12,14
18,27,12,27,25,7,12,23,25,23,24,17,27,27,26,18,17,14,17,27,19,24,24,8,24,10,28,26,26,21,16,6,15,24,25,18,21,14,23,13,24,21,21,24,14,13,26,20,26,24,21,12,18,24,10,23,26,7,23,11,27,24,8,18,18,14,28,27,24,17,2,14,18,22,21,12,24,19,22,10,10,27,19,16,28,23,22,28,18,24,29,23,16,18,23,26,18,29,12,0,20,22,18,16,16,13,23,17,28,10,25,11,9,27,21,8,10,21,24,6,21,24,3,15,28,19,18,21,16,28,19,19,11,28,24,13,19,19,8,24,5,23,20,12,22,16,3,24,27,11,20,16,17
7,14,13,12,16,16,17,14,15,15,16,10,15,15,15,17,11,13,8,13,10,16,15,14,11,15,15,15,15,19,8,18,5,14,16,4,7,7,22,10,9,19,10,12,9,18,15,8,15,14,6,9,19,15,15,15,16,13,15,17,12,13,14,5,17,7,13,16,15,12,17,7,16,14,9,9,16,13,20,16,16,13,8,15,15,15,9,12,17,8,14,14,15,17,15,12,5,14,14,18,0,7,5,6,6,10,13,11,13,13,10,16,15,14,12,19,18,7,15,15,11,12,16,7,14,6,6,10,9,14,6,1,12,13,11,6,6,7,15,16,14,11,14,14,14,17,18,13,14,16,6,17,6
12,10,18,8,11,19,21,9,11,10,11,10,11,11,11,21,16,18,11,8,12,11,10,17,7,19,11,9,11,21,11,21,9,9,12,7,6,12,24,14,4,22,8,6,12,22,11,5,10,9,3,13,24,10,19,10,12,17,10,20,8,8,18,7,21,12,9,12,11,13,21,12,20,9,6,13,11,9,23,19,19,8,9,20,10,10,5,8,21,4,10,9,19,21,10,7,7,10,19,22,7,0,9,10,10,14,8,11,9,16,4,20,18,9,8,23,21,4,11,19,7,7,20,11,10,10,9,6,11,10,5,8,16,9,7,12,11,7,18,11,18,6,13,19,9,22,22,7,10,20,5,21,9
9,17,14,16,16,13,18,14,17,14,15,6,18,18,17,18,12,14,4,16,7,15,15,12,12,14,18,16,17,15,4,16,5,15,15,5,7,9,18,11,11,15,8,13,6,18,18,6,17,15,8,10,20,15,14,15,17,12,15,14,16,15,12,5,18,9,16,19,15,8,15,9,18,13,9,8,15,10,17,14,14,16,5,17,18,14,9,16,19,11,17,14,16,18,14,15,5,18,14,16,7,9,0,3,2,10,14,7,17,11,12,14,13,17,11,17,15,8,15,13,10,13,14,8,17,6,4,9,5,17,5,7,12,16,12,8,10,4,13,16,12,11,11,15,13,18,16,14,17,14,7,18,2
9,17,13,16,17,13,18,15,17,14,15,7,18,18,17,17,11,13,4,16,6,15,16,12,13,13,18,17,17,15,3,16,4,15,16,5,8,9,17,10,11,15,10,14,5,18,18,7,17,15,8,9,20,15,13,15,17,11,15,14,16,15,12,5,17,9,16,19,15,8,15,9,17,13,10,7,16,10,16,13,14,16,7,16,18,14,10,16,18,11,17,14,15,18,15,15,5,18,14,16,7,9,3,0,2,10,15,7,17,11,12,14,13,17,13,17,15,8,15,13,12,14,14,8,17,6,4,10,6,17,6,6,11,16,13,8,10,6,12,16,12,12,11,14,13,17,16,15,17,14,7,17,1
8,17,13,15,17,13,17,14,17,15,16,8,18,18,18,17,11,13,4,16,7,16,16,11,12,13,18,16,17,15,4,15,3,15,16,4,7,8,18,10,11,15,9,13,6,17,18,7,17,16,8,8,19,16,12,15,18,11,16,14,15,16,12,4,17,8,16,19,16,9,15,7,17,14,9,7,16,11,16,13,13,16,6,15,18,15,10,15,17,11,17,15,15,17,15,14,5,17,13,15,7,9,3,3,0,9,15,8,16,10,12,14,12,17,12,17,15,8,16,13,11,13,13,7,17,5,3,10,7,17,6,6,11,16,12,7,9,6,12,17,12,11,12,14,14,17,15,14,17,14,7,17,2
7,21,7,19,21,9,14,19,21,19,20,12,22,22,22,13,7,8,9,20,10,20,20,6,17,8,21,20,22,16,9,12,6,20,21,10,12,4,19,4,15,16,15,17,6,12,22,12,21,20,12,2,15,20,8,19,22,8,20,10,19,20,9,10,13,4,19,23,20,13,11,3,12,18,15,2,20,15,17,10,8,19,11,11,21,19,15,19,13,15,21,19,11,13,19,18,10,21,7,12,10,12,9,8,8,0,19,12,20,5,15,11,7,20,17,14,12,12,20,8,17,17,10,5,21,10,9,15,12,21,11,9,5,20,17,3,9,11,8,21,9,16,16,8,18,13,12,18,20,10,12,13,8
15,7,21,6,4,19,23,3,8,3,4,12,5,6,5,25,19,21,14,5,16,6,3,18,7,19,7,4,5,21,14,21,15,2,8,12,10,18,20,21,9,21,12,4,16,23,4,10,5,3,10,19,26,3,19,5,8,17,5,19,7,2,17,12,25,18,8,5,6,12,21,18,23,4,9,18,6,7,22,19,19,7,14,23,5,4,8,7,24,10,9,3,23,24,5,5,12,8,21,21,14,9,15,14,14,20,0,11,8,19,8,19,19,5,6,23,21,10,6,18,9,6,19,17,7,16,15,9,11,7,10,14,20,8,7,18,14,12,18,4,18,7,10,20,6,24,21,4,6,19,10,24,14
13,15,13,15,13,11,15,11,13,10,11,5,14,14,13,18,14,15,6,15,8,11,12,10,11,12,15,14,13,13,6,13,8,11,12,9,8,13,16,13,13,13,7,11,8,15,14,8,13,11,10,11,19,11,11,11,13,9,11,12,15,11,10,8,18,13,15,15,11,3,13,12,18,9,7,10,12,6,14,11,11,15,8,17,15,10,8,15,18,13,17,10,16,18,11,14,9,17,14,14,11,11,7,6,6,12,11,0,16,12,14,12,11,15,9,15,13,10,11,11,7,11,12,12,16,10,8,8,2,16,7,10,12,16,10,12,14,7,10,12,10,9,7,13,9,16,14,11,14,12,9,16,6
17,3,24,5,6,24,25,9,5,8,8,18,7,5,5,26,21,23,19,4,21,10,7,23,12,25,2,8,5,26,19,26,17,7,14,15,14,20,25,22,10,26,16,8,21,26,7,13,6,7,11,21,29,7,24,10,6,22,8,25,7,8,22,15,26,20,6,7,10,17,26,20,24,9,13,21,9,12,27,24,24,7,17,25,6,8,12,6,25,11,5,8,24,26,8,6,15,4,25,27,15,11,17,18,18,22,8,16,0,24,9,25,24,5,11,28,26,13,8,24,14,11,25,19,3,18,17,14,17,5,13,15,24,2,13,20,16,15,23,7,23,12,16,25,11,26,27,9,5,24,13,26,17
11,23,4,22,20,6,11,19,21,18,19,12,22,22,21,12,10,7,12,23,14,19,19,3,20,4,23,22,21,16,12,10,10,19,20,13,16,8,19,7,18,16,16,19,10,9,22,16,21,19,15,5,15,19,3,19,21,7,19,7,23,19,6,13,12,8,23,23,19,13,8,7,12,17,17,5,19,14,17,8,4,23,15,11,23,18,17,23,13,18,24,18,10,13,19,21,13,24,5,9,14,16,13,12,12,6,18,12,23,0,19,9,4,23,17,12,9,16,19,6,16,19,7,8,24,13,13,17,11,23,15,13,3,23,19,7,12,14,5,20,7,19,15,6,17,13,9,19,22,8,15,13,12
12,10,19,8,11,23,20,10,11,10,11,13,11,11,11,21,16,18,14,9,16,11,10,21,8,22,11,9,11,25,14,25,12,10,14,11,9,15,25,18,3,25,11,7,16,21,11,9,10,10,6,16,24,11,21,11,12,20,11,22,7,9,21,10,21,15,9,12,11,16,24,16,19,9,9,17,12,12,26,21,21,7,12,20,11,10,8,8,20,5,10,10,19,21,11,7,10,10,20,25,10,6,12,13,13,17,8,14,9,20,0,22,22,10,10,24,22,8,11,22,10,8,23,14,10,13,13,9,15,10,8,10,20,9,10,15,11,10,22,11,21,8,16,19,11,21,25,7,10,20,9,21,13
16,25,7,24,22,7,9,20,22,20,21,14,24,24,23,12,13,9,14,25,16,21,21,7,22,7,25,24,23,18,14,11,13,21,22,16,18,12,21,12,22,18,18,21,12,9,24,17,23,21,19,10,13,21,6,20,23,9,21,5,23,21,5,16,12,12,25,25,21,14,11,12,12,19,18,10,21,16,19,5,6,24,17,11,25,20,19,25,12,21,26,20,10,12,20,23,16,27,7,11,17,19,15,14,14,11,20,14,25,9,22,0,7,24,19,11,6,18,21,8,18,21,9,13,25,16,15,19,13,25,16,17,9,25,21,11,17,16,7,22,9,20,17,6,19,10,11,21,24,5,17,10,14
13,23,5,23,21,6,11,19,21,19,20,13,23,23,22,13,11,7,12,23,15,20,20,4,20,2,24,22,22,17,12,10,11,20,21,14,17,10,19,9,20,17,17,20,11,10,22,16,22,20,17,7,14,20,2,19,22,7,19,6,23,19,3,15,13,10,24,23,19,13,8,9,13,18,17,7,20,15,18,7,2,23,15,11,24,19,17,24,13,20,25,19,11,13,19,22,15,25,5,9,16,18,14,13,13,8,19,13,24,5,21,7,0,23,17,11,9,17,20,5,17,20,7,11,24,15,14,17,12,24,15,15,5,24,20,9,15,15,3,20,7,19,16,6,18,12,9,19,23,7,16,12,13
17,5,23,3,4,23,25,6,6,6,6,17,3,3,3,26,21,23,18,3,20,8,5,22,10,24,5,4,3,25,18,25,17,4,12,15,13,20,24,22,10,25,15,6,20,26,3,13,2,5,11,21,29,5,23,8,7,21,6,24,5,6,22,15,26,20,4,3,8,16,25,20,24,6,12,21,8,11,26,23,23,6,16,25,3,6,10,4,25,11,5,6,24,25,6,5,15,4,25,26,15,11,17,17,17,22,5,15,4,24,9,24,23,0,9,27,25,12,8,23,12,9,24,19,3,18,17,12,16,3,13,15,24,4,11,20,16,15,22,5,22,10,15,24,9,26,26,7,1,24,13,26,17
19,12,20,11,9,18,23,6,9,6,8,11,10,10,9,25,22,22,14,11,16,8,8,17,6,19,11,10,9,20,13,21,15,7,8,12,10,19,21,20,11,21,10,7,16,23,10,9,9,7,10,19,26,7,19,7,10,16,8,19,11,7,17,11,26,19,12,11,8,11,20,19,25,6,6,18,8,6,22,19,19,11,12,24,12,7,5,12,26,11,13,7,23,26,7,9,11,13,21,21,14,10,14,13,13,20,7,10,12,19,12,19,18,11,0,22,20,9,8,18,6,5,19,17,12,15,14,6,11,12,9,15,20,12,4,18,18,9,17,8,17,6,10,20,5,24,21,7,10,19,9,24,13
18,27,12,27,25,7,8,23,25,22,23,17,26,26,25,15,17,13,16,27,18,23,24,9,24,11,27,26,25,20,16,4,15,23,24,18,20,15,23,14,24,20,20,23,14,9,26,20,26,23,21,13,17,23,10,23,25,9,23,10,25,23,9,18,14,15,27,27,23,17,6,14,15,21,21,13,24,18,21,7,10,26,19,15,27,22,21,27,15,23,29,23,15,15,23,26,18,29,12,7,19,21,17,16,16,13,23,16,28,11,24,10,10,27,21,0,7,20,23,7,20,23,5,16,28,18,17,21,15,28,19,19,12,28,23,14,19,18,8,24,8,23,19,11,21,15,6,23,26,10,20,15,16
17,27,7,25,24,5,4,23,24,22,23,16,26,26,25,11,14,9,16,26,18,23,23,8,24,9,27,26,25,20,16,9,15,23,24,18,20,14,23,13,22,20,20,23,14,4,26,19,25,23,21,11,14,23,8,22,25,9,23,7,24,23,6,18,11,14,26,27,23,16,9,13,13,21,20,11,23,18,21,3,8,24,19,12,27,22,21,25,13,21,27,22,12,12,22,25,18,27,9,9,19,21,17,16,16,12,22,16,26,10,23,7,9,26,21,6,0,20,23,6,20,23,7,14,27,18,17,21,15,27,18,19,11,26,23,13,17,18,7,24,9,22,19,7,21,12,9,23,26,6,20,12,16
13,12,18,10,12,18,22,10,13,10,12,8,13,13,13,22,17,18,9,11,11,12,11,17,7,18,13,11,13,20,9,20,9,11,12,6,3,13,23,15,6,20,6,8,11,22,13,3,13,11,4,13,25,11,18,11,14,16,12,18,10,11,16,5,22,13,11,14,12,11,20,13,22,10,5,13,12,9,21,18,18,10,7,21,12,11,5,10,23,6,12,10,20,23,11,9,5,12,19,20,8,4,8,8,8,14,10,9,11,16,6,18,18,11,8,22,20,0,12,17,7,8,18,11,12,9,8,5,10,12,3,9,17,11,7,12,13,5,17,12,17,6,11,19,9,22,20,9,12,18,2,23,8
18,8,20,8,5,19,23,4,5,3,3,12,7,7,6,26,22,22,14,8,16,3,4,18,9,19,8,8,6,21,13,21,16,4,8,14,12,21,20,20,11,21,12,7,16,23,7,11,6,4,12,19,26,3,19,3,6,17,3,19,11,6,17,14,26,21,9,8,3,12,21,20,25,3,9,18,2,6,22,19,19,10,14,24,8,2,8,9,26,12,10,3,24,26,3,9,14,10,21,21,16,12,15,14,14,20,5,11,8,19,11,19,18,7,6,22,21,12,0,18,9,8,19,20,8,17,16,9,11,8,12,16,20,9,9,20,17,12,18,4,18,9,10,20,6,24,21,7,7,19,12,24,14
13,24,8,24,22,2,8,20,22,19,20,14,23,23,22,13,13,10,13,24,16,20,21,4,21,6,24,23,22,17,13,7,12,20,21,15,17,10,20,9,21,17,17,20,11,8,23,17,23,20,18,8,13,20,5,20,23,6,20,5,24,20,3,15,13,10,25,24,20,14,6,9,13,18,18,8,21,15,18,6,5,24,16,12,24,19,18,24,13,21,26,20,11,13,20,23,15,26,8,6,16,18,14,13,13,8,20,13,25,6,21,6,5,24,18,8,6,18,20,0,18,20,4,11,25,15,15,18,12,25,16,16,7,25,20,9,15,15,4,21,5,20,16,8,19,11,7,20,23,6,17,11,13
16,14,19,13,11,17,21,9,12,9,10,7,13,13,12,24,18,20,11,13,12,10,10,16,7,18,14,12,12,19,10,19,12,10,10,9,6,16,22,17,10,19,5,9,12,21,13,5,12,10,8,16,25,10,17,10,13,15,10,18,13,10,15,8,24,16,14,14,10,10,19,15,24,9,4,14,11,6,20,17,17,13,8,23,14,9,4,13,24,10,15,9,22,24,10,12,8,15,20,20,11,8,10,10,10,16,10,8,14,17,10,17,17,13,6,21,19,7,10,17,0,8,18,14,14,12,11,4,8,14,6,12,18,14,7,15,16,6,16,11,16,6,9,19,8,22,19,9,13,17,6,22,9
16,11,21,8,8,19,23,5,9,6,7,11,10,10,9,26,20,22,13,9,15,7,7,18,4,19,11,8,8,21,13,21,14,7,8,10,8,17,21,19,9,21,9,5,15,23,9,8,9,7,8,18,26,7,19,7,9,17,7,20,9,6,17,10,26,17,10,10,7,12,21,17,24,5,5,17,8,6,22,19,19,8,11,25,9,6,4,9,25,9,11,6,24,25,7,7,10,11,21,21,12,8,12,13,13,18,6,11,10,19,9,19,19,9,4,23,21,8,7,18,7,0,19,16,10,13,13,5,12,10,8,13,20,10,4,16,15,9,18,8,18,3,11,21,5,24,21,4,9,19,8,24,12
16,26,10,26,24,5,11,22,24,21,23,16,26,26,25,16,15,13,15,26,18,22,23,7,23,9,27,25,24,19,15,6,14,22,23,17,19,13,22,12,23,20,20,23,13,12,25,19,25,23,20,10,17,23,8,22,25,5,22,9,26,22,6,17,16,13,27,26,22,16,4,12,16,21,20,10,23,18,21,9,8,26,18,15,27,22,20,26,16,23,28,22,14,17,22,25,17,28,11,5,19,20,16,15,15,11,22,15,27,9,24,10,8,26,20,8,9,20,22,4,20,23,0,14,27,17,17,20,15,27,18,18,10,27,23,12,18,17,6,23,4,22,18,11,21,14,5,22,26,10,19,14,15
5,17,10,16,19,12,15,16,18,17,18,11,19,19,19,13,7,9,9,16,10,18,17,10,13,11,18,17,18,16,8,15,4,17,18,6,9,3,19,6,11,17,12,14,6,15,18,10,18,17,8,5,15,18,11,18,19,11,18,13,16,16,12,7,13,3,16,19,18,13,15,3,13,16,11,5,19,15,18,13,12,16,10,12,18,17,11,16,14,11,17,17,11,13,18,15,7,18,10,15,7,9,7,7,6,6,16,12,17,9,12,14,11,17,14,17,15,9,18,12,13,14,13,0,17,8,7,12,11,17,8,7,8,16,13,2,7,9,11,18,12,13,16,11,16,13,15,15,17,13,8,13,7
17,5,24,3,5,24,25,8,6,8,8,18,5,5,5,26,21,23,19,4,21,10,7,23,12,25,4,7,5,26,19,26,17,6,14,15,14,20,25,22,10,26,16,7,21,26,6,13,4,6,11,21,29,7,24,10,6,22,8,25,6,8,22,15,26,20,3,6,10,17,26,20,24,8,13,21,10,12,27,24,24,6,17,25,5,7,12,4,25,11,3,8,24,26,8,5,15,2,25,27,15,11,17,18,18,22,7,16,4,24,9,25,24,4,11,28,26,13,9,24,14,11,25,19,0,18,17,13,17,4,13,15,24,4,13,20,16,15,23,6,23,11,16,25,11,26,27,9,4,24,13,26,17
10,16,14,14,16,14,18,13,17,13,15,7,17,17,16,18,13,14,5,15,7,15,15,13,11,15,17,15,16,16,5,16,5,14,15,3,6,10,19,12,10,16,8,12,7,18,17,6,16,14,7,10,21,14,14,15,17,12,15,15,14,15,12,3,18,10,15,18,15,8,16,9,18,13,8,9,15,11,17,14,14,15,5,17,16,14,8,14,19,10,16,14,16,19,14,13,3,16,15,17,6,8,2,3,3,11,14,7,15,12,10,15,14,16,11,18,16,7,15,14,10,12,15,8,16,0,2,8,6,16,4,6,13,15,11,9,10,4,13,15,13,10,12,16,12,19,17,13,16,15,5,19,3
10,16,14,14,16,14,18,13,16,13,15,7,17,17,16,18,13,14,5,15,7,15,15,13,11,14,17,15,16,16,5,16,5,14,15,3,6,10,19,11,10,16,8,12,7,18,17,6,16,14,7,10,21,14,14,14,17,12,15,15,14,15,12,3,18,10,15,18,15,8,16,9,18,13,8,9,15,11,17,14,14,14,5,17,16,14,8,14,19,10,16,14,16,19,14,13,3,16,15,17,6,8,2,3,3,11,14,7,15,12,10,15,14,16,11,18,16,7,15,14,10,12,15,8,16,6,0,8,6,16,4,6,13,15,11,9,10,4,13,15,13,10,12,16,12,19,17,13,16,14,5,19,3
15,13,20,11,10,19,23,7,11,7,9,9,11,11,10,24,19,20,11,11,13,9,9,18,5,19,12,10,10,21,11,21,11,8,9,8,6,15,22,17,7,21,7,7,13,23,11,5,11,8,6,15,26,8,19,9,11,17,9,19,11,8,17,7,24,15,12,12,9,11,21,15,24,7,3,15,9,6,22,19,19,11,9,23,12,8,2,11,24,7,13,8,22,25,9,9,7,13,21,21,10,6,10,10,10,16,8,9,12,18,8,19,19,11,5,23,21,5,9,18,4,5,19,13,12,11,10,0,10,12,5,11,19,12,4,14,15,6,18,9,18,3,10,21,6,24,21,7,11,19,5,24,10
13,16,14,16,14,12,16,12,14,12,13,4,16,16,15,19,14,16,6,16,7,13,13,11,12,13,17,15,14,14,6,14,8,13,14,8,9,13,17,13,14,14,8,13,8,16,15,8,15,13,11,12,20,13,12,12,15,10,12,13,16,12,10,7,19,13,17,16,12,5,14,12,19,11,9,10,13,8,15,12,12,16,8,18,17,12,9,17,19,14,18,12,17,19,12,15,9,18,15,15,10,11,6,5,6,12,12,4,17,12,14,13,12,16,10,16,14,10,12,12,8,12,13,11,17,9,8,9,0,17,7,10,13,17,12,12,13,7,11,13,11,11,9,14,11,17,15,12,16,12,9,17,5
17,5,23,2,4,24,25,7,6,7,7,17,4,4,4,26,21,23,18,3,20,9,6,23,10,24,5,5,4,26,18,26,17,5,13,15,13,20,25,22,10,26,15,6,20,26,4,12,3,5,11,21,29,5,24,8,7,22,7,25,5,6,22,14,26,20,4,4,9,17,26,20,24,7,12,21,9,11,27,24,24,6,16,25,4,6,11,4,25,11,5,7,24,25,6,4,14,4,25,26,15,10,17,17,17,21,6,16,5,24,9,24,24,2,10,28,26,12,8,23,13,9,24,19,3,18,17,12,17,0,13,15,24,4,11,19,16,14,23,5,23,10,16,24,10,26,26,8,2,24,13,26,17
10,14,16,12,14,16,20,11,15,11,13,6,15,15,14,19,14,15,7,12,9,13,13,14,9,16,14,13,14,18,7,18,6,12,13,3,3,10,21,12,8,18,6,10,9,20,15,4,14,12,5,11,22,12,15,13,15,14,13,16,12,13,14,2,19,10,12,15,13,10,18,10,19,11,6,10,13,10,19,16,16,12,5,18,14,12,6,12,20,8,13,12,17,20,13,11,2,14,16,18,5,5,5,6,6,11,12,7,13,13,8,16,15,13,9,20,18,4,13,15,8,9,16,8,13,6,5,6,8,14,0,6,14,13,9,9,10,3,15,13,15,8,10,17,10,20,18,11,13,16,3,20,6
8,14,14,12,15,17,17,14,15,14,15,10,15,15,15,17,12,13,9,13,11,15,14,14,12,16,15,15,15,19,8,19,6,14,16,5,7,8,22,11,8,20,10,12,10,18,15,8,14,14,6,10,20,15,16,15,16,14,15,17,12,13,15,5,17,8,13,16,15,13,18,8,17,13,10,10,16,14,21,17,16,12,8,16,15,14,9,12,17,7,14,14,15,18,15,12,5,14,15,19,2,6,6,7,7,10,13,11,13,13,9,17,15,14,12,20,19,7,15,16,12,12,17,8,14,7,6,10,10,14,6,0,13,13,12,7,7,7,16,15,15,11,14,15,14,18,19,13,14,17,6,18,6
10,23,5,22,22,7,11,20,22,19,20,14,23,23,22,12,8,7,12,22,13,20,21,5,20,5,24,23,22,17,12,11,9,20,21,12,15,7,20,6,18,17,17,20,9,10,23,15,22,20,14,4,15,20,4,20,22,7,20,8,22,20,7,13,12,7,22,24,20,14,10,6,12,18,17,4,21,15,18,9,5,22,14,11,24,19,17,22,13,18,23,19,10,13,20,21,13,24,5,10,13,15,12,11,11,5,20,13,23,2,18,9,5,23,18,13,10,15,20,7,17,20,8,8,23,13,12,18,12,23,14,12,0,22,20,6,12,13,6,21,8,19,16,6,18,12,11,20,23,8,14,12,11
17,3,23,4,6,24,25,9,5,9,9,18,6,5,5,26,21,23,19,4,20,10,8,23,12,24,2,8,5,26,19,26,17,7,14,15,13,20,25,22,10,26,15,7,20,26,7,13,5,7,11,21,29,8,24,10,5,22,9,24,7,9,22,15,26,20,6,7,10,17,26,20,24,9,13,21,10,12,27,24,24,7,17,25,6,8,12,5,25,11,5,9,24,25,9,6,15,3,25,26,15,11,17,17,17,22,8,16,3,24,9,24,24,5,11,28,26,12,8,23,14,11,24,19,3,18,17,13,17,5,13,15,24,0,13,20,16,15,23,7,23,12,16,24,11,26,26,9,5,24,13,26,17
17,11,20,9,8,19,23,6,9,6,8,10,10,10,9,26,20,22,13,9,14,8,8,18,4,19,11,8,9,21,12,21,13,7,8,10,8,17,21,19,9,21,8,5,14,23,10,7,9,7,8,17,26,7,19,7,10,17,8,19,9,7,17,9,26,17,11,11,8,12,21,17,25,6,4,16,8,6,22,19,19,9,10,24,10,7,3,10,26,9,12,6,24,26,7,8,9,12,21,21,12,8,12,12,12,18,6,11,11,19,10,19,18,9,3,23,21,7,8,18,6,3,19,15,11,13,12,4,11,11,7,13,20,11,0,16,16,8,18,8,18,3,10,20,5,24,21,5,10,19,7,24,11
5,19,8,17,21,10,14,18,20,18,20,13,20,20,20,12,6,8,9,18,11,20,19,8,15,9,20,18,20,17,9,14,6,19,20,8,11,2,19,4,13,17,14,15,7,13,20,11,20,19,10,3,14,19,9,20,21,10,20,11,17,18,10,9,12,2,18,21,20,14,13,1,12,18,13,3,20,15,18,12,10,17,11,11,20,19,13,17,13,13,19,19,10,12,20,17,8,19,9,13,8,11,8,9,8,4,17,13,18,7,14,13,9,19,16,16,13,11,20,10,15,16,11,2,19,9,9,14,12,19,10,7,6,18,15,0,6,11,9,20,11,14,16,9,17,12,14,16,19,12,10,12,9
3,18,12,16,19,15,16,17,19,17,19,12,19,19,19,15,10,11,10,17,12,19,18,12,14,14,18,17,19,19,9,17,5,17,19,7,10,6,22,9,12,19,13,14,9,17,19,10,18,17,9,8,18,18,14,18,19,13,19,15,14,17,14,8,15,6,16,19,19,14,17,6,15,17,12,8,19,16,20,16,14,15,10,14,18,18,12,16,16,12,17,18,13,16,18,15,7,18,13,18,6,10,7,8,7,8,16,13,17,11,13,16,13,18,15,19,17,10,19,14,14,15,16,5,17,8,8,13,11,18,9,5,11,17,14,5,0,10,14,19,14,13,17,13,16,16,18,15,17,15,9,16,7
12,16,16,14,14,15,19,11,15,12,13,5,15,16,14,20,14,16,6,14,8,13,13,14,10,16,16,14,14,17,6,17,8,12,13,5,5,12,20,13,9,17,6,11,8,19,15,4,15,12,6,12,22,13,15,13,15,13,13,16,14,13,13,4,20,12,14,16,13,9,17,12,20,11,6,10,14,10,18,15,15,14,4,18,16,12,7,14,20,9,15,12,18,20,13,13,5,16,16,18,8,7,6,5,6,12,12,8,15,13,10,15,15,15,9,19,17,6,13,14,8,10,15,11,15,8,7,7,7,15,3,9,14,14,9,12,13,0,14,13,14,8,10,17,10,20,17,12,15,15,5,20,5
13,22,6,22,20,5,9,18,20,18,19,12,22,22,21,12,12,9,12,22,14,19,19,4,19,4,23,21,21,16,11,10,10,19,20,13,16,10,18,9,19,16,16,19,10,9,21,15,21,19,16,8,13,19,3,18,21,7,18,5,22,19,2,14,12,10,23,22,19,12,8,10,12,17,16,8,19,14,17,5,3,22,14,11,23,18,17,23,12,19,24,18,10,12,18,21,14,24,7,9,15,17,13,12,12,8,18,12,23,6,20,5,4,22,17,10,7,16,19,5,16,19,7,11,23,14,13,16,11,23,14,15,7,23,19,9,15,14,0,19,7,18,15,7,17,10,9,19,22,5,15,10,12
18,6,22,6,3,20,24,4,6,3,2,14,5,5,4,27,22,24,15,7,18,5,2,19,9,21,6,7,4,22,15,22,17,2,10,14,12,21,21,22,11,22,13,7,17,24,5,12,4,2,12,21,28,2,20,5,7,18,3,21,9,4,19,14,27,21,7,6,5,13,22,21,25,3,9,19,5,8,23,20,20,9,15,26,6,2,8,7,26,12,8,3,25,27,3,8,14,8,23,23,16,12,16,15,16,21,4,12,7,21,11,21,20,6,7,24,22,12,4,20,10,8,21,20,6,17,17,9,13,6,12,16,21,7,8,21,17,13,19,0,19,8,12,22,6,25,23,6,5,21,12,25,15
15,24,9,24,22,4,11,20,22,19,20,14,23,23,22,15,14,11,13,24,16,20,21,6,21,7,24,23,22,17,13,8,12,20,21,15,17,12,20,11,21,17,17,20,11,11,23,17,23,20,18,9,15,20,7,20,23,3,20,8,24,20,5,15,15,12,25,24,20,14,5,11,15,18,18,9,21,15,18,8,7,24,16,14,24,19,18,24,15,21,26,20,13,15,20,23,15,26,9,6,16,18,14,13,13,10,20,13,25,8,21,8,7,24,18,9,9,18,20,3,18,20,4,12,25,15,14,18,12,25,16,16,9,25,20,11,16,15,5,21,0,20,16,10,19,13,6,20,23,8,17,13,13
15,12,20,10,9,18,23,6,10,6,8,8,10,10,9,24,18,20,11,10,12,8,8,17,3,19,11,9,9,20,10,21,11,7,8,8,5,15,21,17,7,21,6,6,12,23,10,5,10,7,6,15,26,7,18,8,10,16,8,19,10,8,17,7,24,15,12,11,8,11,20,15,23,6,2,14,8,6,22,18,18,10,8,23,11,7,1,11,24,7,13,7,22,24,8,9,7,13,21,21,10,6,10,10,10,16,7,9,12,17,8,19,18,10,4,22,20,5,8,18,4,5,19,13,12,11,10,2,10,12,5,11,18,12,3,14,15,6,17,8,17,0,10,20,5,23,21,6,10,19,5,24,9
17,16,16,15,13,14,18,11,13,11,12,8,15,15,14,21,17,17,9,16,11,12,12,13,13,14,16,15,14,16,9,16,11,12,13,11,10,16,19,15,15,16,9,12,11,18,15,10,14,12,12,14,21,12,14,11,14,12,12,14,16,12,12,11,21,16,16,16,12,7,16,15,21,10,9,13,12,7,17,14,14,15,11,19,16,11,10,16,21,15,17,11,19,21,11,14,11,17,16,16,14,13,10,9,9,15,11,6,16,14,16,14,14,15,9,18,16,12,12,13,9,11,14,15,16,13,11,10,6,16,9,14,15,16,11,15,17,9,13,13,13,11,0,15,10,19,16,12,15,14,11,19,9
13,24,2,23,22,7,7,20,22,19,21,14,24,24,23,10,9,4,13,24,16,20,21,6,21,6,25,23,22,17,13,12,12,20,21,15,17,10,20,8,20,18,18,21,11,6,23,17,23,21,18,9,11,21,5,20,23,9,20,4,22,20,5,16,10,9,24,24,20,14,10,10,10,19,18,9,21,16,19,5,6,22,16,8,25,20,18,24,10,20,25,20,8,10,20,23,16,25,4,11,16,19,14,13,14,9,20,13,25,7,21,5,6,24,18,11,6,18,20,8,18,21,9,11,25,16,15,18,13,25,16,15,6,24,21,10,14,15,6,21,9,20,16,0,19,9,11,20,24,4,17,9,14
17,9,19,9,6,17,22,4,7,4,6,10,8,8,7,24,20,21,12,9,15,6,5,16,5,18,9,8,7,19,12,20,14,5,6,10,8,17,19,19,10,20,9,6,15,22,8,8,7,5,9,18,25,5,17,5,8,15,5,18,9,6,16,10,24,17,10,9,6,10,19,17,24,4,5,16,6,5,21,17,17,9,11,23,10,5,4,10,24,10,11,4,22,25,5,8,10,11,20,20,13,8,13,13,13,19,5,9,10,18,10,18,17,9,3,21,19,8,6,17,6,4,18,16,10,13,13,5,10,9,8,13,19,10,5,17,16,9,16,6,16,5,9,19,0,23,20,6,8,18,8,23,12
14,25,9,23,26,13,11,24,26,25,26,19,26,26,26,5,11,9,18,24,20,26,25,11,26,12,25,25,26,23,18,16,16,24,27,19,21,13,25,12,20,23,23,23,15,12,26,22,25,24,20,14,4,25,11,25,27,14,25,11,21,24,10,20,5,12,23,26,26,19,16,13,4,24,23,13,26,21,24,11,11,22,21,6,25,25,24,23,4,19,25,25,6,4,25,22,19,25,11,16,17,21,19,17,17,13,23,19,24,13,21,11,12,25,23,15,12,21,26,13,23,26,14,14,24,20,19,23,18,25,20,16,13,24,26,13,15,20,11,26,14,25,22,9,24,0,16,24,24,9,20,2,18
18,27,13,27,25,8,12,23,25,22,23,17,26,26,25,18,17,15,16,27,19,23,24,9,24,11,27,26,25,20,16,4,15,23,24,18,20,15,23,14,24,20,20,23,14,13,26,20,26,23,21,13,19,23,10,23,26,8,23,11,27,23,9,18,18,15,28,27,23,17,5,14,18,21,21,13,24,18,21,10,10,27,19,17,27,22,21,27,18,24,29,23,16,19,23,26,18,29,13,6,19,21,17,16,16,13,23,16,28,11,24,12,10,27,21,6,10,21,23,7,21,23,4,16,28,18,17,21,15,28,19,19,12,28,23,14,20,18,9,24,7,23,19,13,22,17,0,23,26,12,20,17,16
15,10,22,7,8,20,24,5,9,5,7,13,9,9,8,25,19,21,15,7,17,8,6,19,5,21,10,6,8,23,15,23,15,6,10,12,10,18,22,20,9,23,11,3,17,25,8,9,8,6,9,19,27,6,21,7,10,19,8,21,8,5,19,11,25,18,9,9,8,13,22,18,23,6,7,19,8,8,24,21,21,7,13,23,8,7,6,8,24,10,10,6,23,24,7,6,11,10,23,23,13,9,14,14,14,20,5,13,9,21,8,21,20,7,6,24,22,9,8,20,8,4,21,17,9,15,14,7,13,9,10,14,22,9,6,18,14,10,20,7,19,5,12,22,7,25,23,0,8,21,10,24,14
18,6,25,4,4,23,26,7,7,6,6,17,3,4,4,27,22,24,18,4,21,8,5,22,12,24,6,6,3,25,18,26,18,5,13,16,14,22,24,24,11,25,16,8,20,27,4,14,3,5,12,22,30,5,23,8,8,21,7,24,7,5,22,16,27,22,5,4,8,16,25,21,26,7,12,22,9,11,26,23,23,7,18,26,4,6,11,5,26,12,6,6,25,27,6,6,16,5,26,26,16,12,18,18,19,23,5,15,6,24,10,24,23,3,10,27,25,13,8,23,13,10,24,20,4,19,19,12,16,4,14,16,25,5,11,21,17,16,22,5,22,11,15,25,9,27,26,8,0,24,14,27,18
15,24,5,24,22,8,6,20,22,20,21,14,24,24,23,11,11,7,14,24,16,21,21,6,21,7,25,23,23,18,13,11,12,21,22,15,18,12,20,11,21,18,18,21,12,5,23,17,23,21,18,10,11,21,6,20,23,9,20,5,22,21,5,16,11,12,24,24,21,14,11,12,11,19,18,10,21,16,19,6,6,23,16,10,25,20,19,24,11,20,25,20,9,11,20,23,16,26,6,11,17,19,15,14,14,10,20,14,25,8,21,6,7,24,19,9,4,18,21,8,18,21,9,13,25,16,15,19,13,25,16,17,9,25,21,11,15,16,6,21,9,20,17,4,19,9,12,21,24,0,17,9,14
11,12,17,10,12,16,21,9,13,10,11,7,13,13,13,21,15,17,8,11,9,11,11,15,7,17,13,11,13,18,7,19,8,11,11,4,2,11,21,13,6,19,5,8,9,21,13,3,13,11,4,12,23,11,16,11,14,14,11,17,10,11,15,4,21,11,11,14,11,10,18,11,21,9,4,11,12,8,20,16,16,10,5,20,12,10,4,11,22,6,12,10,19,21,11,9,4,12,17,19,7,4,7,7,7,13,10,8,12,14,6,17,16,11,7,20,18,3,11,16,6,7,17,10,12,7,7,5,8,12,2,8,15,11,7,11,12,4,15,12,15,6,10,18,9,21,19,9,12,17,0,21,6
14,24,8,22,26,12,11,24,25,24,25,18,25,25,25,5,10,8,18,23,19,25,24,10,25,11,25,25,25,22,17,15,16,24,26,18,20,13,25,12,19,22,22,22,15,11,25,21,24,24,20,13,4,24,10,24,26,13,25,10,21,23,9,19,3,12,23,26,25,18,15,12,3,23,22,13,25,20,23,10,10,21,20,4,25,24,23,22,2,18,24,24,6,3,24,22,18,24,10,15,17,20,18,17,17,12,22,18,23,12,20,10,11,24,23,14,11,21,25,12,22,25,13,13,24,19,18,23,17,24,19,16,12,23,25,12,14,19,11,25,13,24,21,8,23,2,16,23,24,8,20,0,17
9,17,13,15,16,13,17,14,16,14,15,7,18,18,17,17,11,12,3,16,5,15,15,11,13,13,18,16,17,14,3,15,3,15,16,5,7,9,17,10,11,14,9,13,5,17,17,7,17,15,8,9,19,15,12,14,17,11,14,14,15,14,11,4,17,9,16,18,14,7,15,8,16,13,9,7,15,10,15,13,13,16,6,15,18,14,10,15,17,11,17,14,15,17,14,15,5,17,13,15,7,9,3,1,2,9,14,7,16,10,12,13,12,17,12,17,15,8,15,12,11,13,13,7,17,6,4,10,6,17,6,6,11,16,12,8,9,5,12,15,12,11,11,14,13,17,15,14,17,13,7,17,0
