Name: bar-n15-m4-c3-OD-small
Type: GPDPOD-IMC
Commodity type: 4
Compartment num: 3
CapacityHD: 100
VehicleHDs: 4
CapacityOD: 50
VehicleODs: 3
ID Xc Yc DEMAND StartT EndT SerT PairedID
0,41.3722496,2.1636008,[0, 0, 0, 0],0,240,0,0
1,41.3584274,2.1049355,[7, 2, 1, 15],111,231,10,8
2,41.429631,2.2253478,[7, 2, 1, 6],70,190,10,9
3,41.4277157,2.134492,[14, 6, 2, 32],91,211,10,10
4,41.4558747,2.2072483,[14, 6, 2, 12],0,240,10,11
5,41.4072565,2.1217426,[14, 6, 2, 18],0,102,10,12
6,41.4184792,2.143728,[14, 6, 2, 31],81,201,10,13
7,41.4486016,2.2381093,[7, 2, 1, 17],95,215,10,14
8,41.4311022,2.1876125,[-7, -2, -1, -15],151,224,10,1
9,41.3755228,2.1409372,[-7, -2, -1, -6],98,218,10,2
10,41.3781464,2.1438984,[-14, -6, -2, -32],115,235,10,3
11,41.4295296,2.1805525,[-14, -6, -2, -12],0,240,10,4
12,41.4415796,2.2192121,[-14, -6, -2, -18],32,152,10,5
13,41.3181394,2.0751992,[-14, -6, -2, -31],110,225,10,6
14,41.4073995,2.1365981,[-7, -2, -1, -17],123,229,10,7
StartID EndID StartX StartY EndX EndY StartT EndT
15,18,41.4203347,2.154988,41.449529,2.2162535,0,429
16,19,41.401785,2.1156419,41.3723636,2.1601655,43,478
17,20,41.4479774,2.226761,41.4025067,2.1510921,0,444
edge
0,13,14,16,16,12,14,17,16,6,6,15,18,16,12,14,12,18,17,3,10
11,0,22,15,19,10,14,24,22,8,10,19,24,9,13,15,9,24,21,10,14
15,22,0,15,8,15,16,6,9,18,17,10,5,25,17,15,17,6,6,17,15
16,15,16,0,11,6,6,18,12,14,14,9,16,19,7,7,8,15,13,15,9
18,20,10,11,0,12,12,9,9,19,20,9,7,24,13,12,13,5,3,20,15
12,11,17,7,12,0,6,19,15,9,10,12,17,14,5,7,3,16,14,12,8
13,15,16,5,11,6,0,18,11,12,11,8,16,18,5,3,7,15,13,12,6
15,22,6,16,8,16,16,0,11,18,18,12,5,25,17,16,17,4,6,17,16
16,22,9,13,7,13,11,12,0,16,15,4,9,25,13,10,14,10,8,16,12
5,8,17,14,18,9,12,19,15,0,2,14,18,12,9,13,8,20,19,4,8
5,10,16,13,16,9,11,17,13,2,0,12,17,13,8,11,8,18,17,4,7
15,20,11,11,7,12,10,13,5,14,13,0,10,24,11,9,13,11,8,15,10
17,24,6,15,7,15,16,7,10,19,19,11,0,27,17,16,17,4,5,19,17
15,10,22,20,24,15,19,25,26,14,14,24,26,0,18,20,14,26,25,15,19
11,13,17,6,11,4,5,19,14,10,9,11,16,17,0,6,5,16,13,11,5
14,16,16,6,12,7,3,17,10,13,12,7,16,19,6,0,8,15,13,13,7
12,10,18,8,12,3,7,20,15,8,9,12,17,13,6,7,0,16,14,11,8
17,24,8,17,7,17,17,5,12,21,20,12,6,27,18,17,18,0,5,20,18
17,22,9,13,4,13,14,8,9,20,19,9,5,25,14,14,14,4,0,19,16
2,12,15,15,17,11,13,18,16,5,5,14,19,15,11,14,11,18,17,0,9
9,14,16,8,13,7,5,17,12,8,8,9,16,18,5,6,8,17,15,9,0
