Name: bar-n60-m4-c3-OD-small
Type: GPDPOD-IMC
Commodity type: 4
Compartment num: 3
CapacityHD: 100
VehicleHDs: 14
CapacityOD: 50
VehicleODs: 12
ID Xc Yc DEMAND StartT EndT SerT PairedID
0,41.3722496,2.1636008,[0, 0, 0, 0],0,240,0,0
1,41.4465068,2.237916,[14, 6, 2, 29],0,240,10,31
2,41.4551417,2.2083596,[14, 6, 2, 25],68,188,10,32
3,41.444587,2.2195466,[7, 2, 1, 11],98,218,10,33
4,41.455319,2.2086932,[14, 6, 2, 23],0,240,10,34
5,41.3544296,2.0735694,[14, 6, 2, 16],25,145,10,35
6,41.4534576,2.2083022,[14, 6, 2, 14],0,240,10,36
7,41.3872974,2.1778131,[7, 2, 1, 9],14,134,10,37
8,41.3242511,2.0918881,[3, 1, 0, 7],62,182,10,38
9,41.351608,2.0737941,[7, 2, 1, 15],37,157,10,39
10,41.354318,2.0671293,[14, 6, 2, 22],0,240,10,40
11,41.4406203,2.2241249,[14, 6, 2, 30],0,240,10,41
12,41.3774977,2.1176535,[14, 6, 2, 31],103,223,10,42
13,41.4345354,2.2361466,[7, 2, 1, 9],73,193,10,43
14,41.3297511,2.0991478,[14, 6, 2, 28],127,240,10,44
15,41.4298515,2.1820608,[14, 6, 2, 15],56,176,10,45
16,41.4503532,2.2250068,[3, 6, 1, 4],95,215,10,46
17,41.3769361,2.105641,[7, 2, 1, 8],49,169,10,47
18,41.4497458,2.2077945,[14, 6, 2, 18],118,238,10,48
19,41.450718,2.19299,[14, 6, 2, 8],2,122,10,49
20,41.3203141,2.0789958,[7, 2, 1, 9],2,122,10,50
21,41.4479353,2.2194344,[3, 6, 1, 4],19,139,10,51
22,41.4426591,2.1749909,[3, 1, 0, 5],6,126,10,52
23,41.4566576,2.2133261,[14, 6, 2, 19],3,123,10,53
24,41.3532624,2.095218,[3, 1, 0, 7],85,205,10,54
25,41.4403956,2.2184485,[14, 6, 2, 11],110,230,10,55
26,41.451625,2.2341474,[7, 2, 1, 11],110,230,10,56
27,41.4490414,2.2067515,[14, 6, 2, 23],92,212,10,57
28,41.400532,2.2047232,[14, 6, 2, 20],119,239,10,58
29,41.4582638,2.0713341,[14, 6, 2, 28],0,99,10,59
30,41.4623355,2.2014148,[14, 6, 2, 15],75,195,10,60
31,41.4190316,2.182984,[-14, -6, -2, -29],0,240,10,1
32,41.4500306,2.2226654,[-14, -6, -2, -25],84,204,10,2
33,41.4093525,2.1758077,[-7, -2, -1, -11],123,229,10,3
34,41.4173957,2.2100637,[-14, -6, -2, -23],0,240,10,4
35,41.3906531,2.0730443,[-14, -6, -2, -16],48,168,10,5
36,41.3928679,2.1517648,[-14, -6, -2, -14],0,240,10,6
37,41.3557355,2.105888,[-7, -2, -1, -9],39,159,10,7
38,41.4381083,2.20708,[-3, -1, 0, -7],95,215,10,8
39,41.3672918,2.1148142,[-7, -2, -1, -15],56,176,10,9
40,41.4514197,2.2251463,[-14, -6, -2, -22],0,240,10,10
41,41.4354096,2.171624,[-14, -6, -2, -30],0,240,10,11
42,41.375952,2.1157719,[-14, -6, -2, -31],115,232,10,12
43,41.4669218,2.2381001,[-7, -2, -1, -9],93,213,10,13
44,41.4146917,2.162891,[-14, -6, -2, -28],155,228,10,14
45,41.3849029,2.0854836,[-14, -6, -2, -15],83,203,10,15
46,41.4623983,2.0504567,[-3, -6, -1, -4],130,217,10,16
47,41.435607,2.1179232,[-7, -2, -1, -8],85,205,10,17
48,41.4625924,2.2398991,[-14, -6, -2, -18],136,220,10,18
49,41.3805892,2.1348004,[-14, -6, -2, -8],30,150,10,19
50,41.4424193,2.2107324,[-7, -2, -1, -9],38,158,10,20
51,41.3835998,2.1734228,[-3, -6, -1, -4],48,168,10,21
52,41.4517244,2.2208757,[-3, -1, 0, -5],23,143,10,22
53,41.4436988,2.2252387,[-14, -6, -2, -19],19,139,10,23
54,41.3681459,2.1014342,[-3, -1, 0, -7],101,221,10,24
55,41.4247627,2.1907999,[-14, -6, -2, -11],128,226,10,25
56,41.4495961,2.2180694,[-7, -2, -1, -11],126,222,10,26
57,41.3798821,2.0507836,[-14, -6, -2, -23],132,222,10,27
58,41.3577256,2.0985119,[-14, -6, -2, -20],147,227,10,28
59,41.4065696,2.1451119,[-14, -6, -2, -28],27,147,10,29
60,41.3832447,2.074934,[-14, -6, -2, -15],105,224,10,30
StartID EndID StartX StartY EndX EndY StartT EndT
61,73,41.4520616,2.2095902,41.4501622,2.2232451,81,480
62,74,41.3857246,2.0845426,41.454215,2.2130729,36,492
63,75,41.3728922,2.081481,41.4406968,2.2181021,13,475
64,76,41.4478675,2.2063436,41.4406278,2.1892066,0,408
65,77,41.3818532,2.0520024,41.4399253,2.2379168,74,521
66,78,41.3736106,2.140136,41.3989488,2.1569471,104,482
67,79,41.3282617,2.0916566,41.445594,2.223019,0,465
68,80,41.4486016,2.2381093,41.4073995,2.1365981,95,497
69,81,41.4433485,2.1807613,41.3737407,2.1591137,15,462
70,82,41.4277157,2.134492,41.3781464,2.1438984,91,523
71,83,41.452299,2.2327227,41.444196,2.2231824,128,464
72,84,41.4486609,2.2045368,41.4229208,2.0880057,117,477
edge
0,17,17,18,17,16,18,7,15,15,15,16,11,16,15,14,18,12,17,18,19,17,18,18,13,17,17,17,11,22,18,13,19,11,13,19,8,13,16,12,18,16,10,19,12,15,23,25,18,8,15,8,18,17,14,14,18,19,14,12,17,18,18,16,17,19,6,16,17,18,16,18,17,18,18,18,17,16,11,18,12,3,6,19,20
16,0,9,6,9,25,8,14,25,24,24,4,22,6,24,12,5,22,8,10,28,7,12,8,23,6,2,8,10,27,10,11,6,13,7,26,16,23,9,24,5,12,22,5,14,22,27,27,4,20,7,18,6,4,24,10,7,25,24,17,24,8,25,23,8,26,19,26,2,11,16,3,9,6,7,7,10,5,17,5,18,17,18,6,25
19,8,0,5,3,24,1,17,28,23,25,8,21,10,26,8,5,19,3,7,28,4,9,3,21,7,8,4,13,24,5,11,6,13,10,23,17,23,7,23,5,9,20,7,13,19,24,24,7,20,5,21,4,6,21,9,5,22,22,15,21,2,22,20,4,23,22,28,9,7,13,7,4,4,3,8,7,9,18,6,15,20,21,7,22
18,6,6,0,6,26,6,16,27,25,26,4,22,7,26,10,4,21,5,9,29,3,10,6,22,3,7,5,13,25,8,11,4,13,9,24,18,25,7,24,3,10,21,9,15,21,25,25,8,21,4,20,4,3,23,10,4,24,23,17,22,5,23,21,5,24,21,28,7,9,15,6,6,4,5,4,8,7,18,2,16,19,20,3,24
19,9,1,5,0,25,2,17,28,24,25,8,21,10,26,8,5,19,4,8,28,4,9,3,21,7,9,4,14,24,5,11,6,13,10,23,18,24,7,23,5,9,20,7,13,19,24,24,7,20,5,21,4,6,21,10,5,23,22,15,21,3,22,20,4,23,22,28,9,7,13,7,4,5,3,8,7,9,18,6,15,20,21,7,22
16,26,22,24,21,0,22,18,13,2,4,25,11,25,11,20,24,9,21,21,13,23,18,22,5,25,26,21,21,21,22,20,25,19,23,12,14,8,22,10,24,19,9,25,17,11,22,24,24,13,22,19,23,25,9,21,24,11,6,15,10,22,13,7,22,11,13,13,26,19,16,26,22,24,23,25,21,26,18,26,14,16,15,26,19
18,8,3,5,3,24,0,16,27,23,24,8,20,10,25,7,5,18,2,7,27,4,8,3,20,7,8,3,12,23,4,10,6,12,9,22,17,23,6,22,5,8,19,7,12,18,23,23,7,20,4,20,4,6,21,8,5,22,21,15,20,2,21,19,3,22,21,27,9,6,12,7,3,4,3,8,6,9,17,6,14,19,20,7,21
7,14,15,16,15,17,16,0,16,16,16,14,12,14,16,10,16,13,15,15,20,15,13,15,14,15,15,15,9,21,16,9,16,7,11,19,6,15,14,14,16,12,12,16,8,15,23,21,15,10,13,7,15,14,16,10,16,19,15,9,17,16,18,17,14,19,8,17,14,14,13,15,14,16,16,15,13,14,7,16,10,8,8,16,20
14,24,24,25,24,12,25,16,0,10,11,23,15,23,3,23,25,13,24,25,6,25,23,25,9,24,24,24,19,26,25,21,26,20,21,17,16,10,23,12,25,23,14,26,19,15,26,29,25,14,23,17,25,24,12,23,26,16,10,18,15,25,18,14,24,17,12,3,24,23,20,25,24,26,25,25,25,23,19,25,17,14,13,26,24
16,26,21,24,21,3,22,18,12,0,3,25,11,25,11,20,24,9,21,21,13,23,18,22,5,24,26,21,20,21,22,20,25,19,22,13,14,8,22,9,24,18,9,24,17,10,22,24,24,13,22,19,23,25,9,21,24,11,6,15,11,22,13,8,21,12,13,13,26,19,16,26,22,23,23,25,20,25,17,25,14,16,15,26,19
15,25,23,26,22,3,23,17,10,3,0,24,12,25,11,21,25,10,22,22,13,25,19,23,7,25,26,22,20,22,23,22,26,20,22,11,15,9,23,11,25,20,10,26,18,10,20,26,25,14,23,18,24,25,10,22,25,8,7,16,9,24,12,7,23,9,14,12,25,20,17,26,23,25,24,26,22,25,19,27,15,16,16,27,20
17,5,7,3,7,26,7,14,26,25,25,0,23,6,25,10,4,22,7,10,29,4,11,7,23,3,5,7,11,26,9,11,5,13,7,26,17,24,6,24,4,12,22,8,14,22,26,27,7,20,5,18,4,2,24,9,5,25,24,17,24,7,25,23,6,25,20,26,5,10,16,6,7,5,6,4,10,5,18,3,17,18,19,4,25
9,23,19,22,19,13,20,13,15,12,13,22,0,22,13,17,22,4,19,19,17,21,16,20,9,21,23,19,17,19,20,15,23,13,18,11,8,8,20,6,22,16,2,22,12,8,20,22,22,5,20,13,21,22,6,16,22,12,9,10,9,20,11,8,19,12,5,15,23,17,14,24,20,21,21,22,18,22,12,23,10,9,7,24,17
16,5,9,6,9,25,9,14,25,24,24,4,22,0,24,12,6,22,8,10,28,7,12,8,23,7,6,9,10,27,10,11,6,13,7,26,16,23,9,24,6,12,22,8,14,22,27,27,7,20,7,18,6,4,24,10,7,25,24,17,24,8,25,23,9,26,19,26,6,11,16,6,9,7,8,7,10,3,17,6,18,17,18,6,25
12,23,23,24,23,10,24,15,2,9,9,22,13,22,0,22,24,12,23,24,7,23,21,23,8,23,23,23,17,24,24,20,25,18,19,16,14,9,22,10,24,22,12,25,18,14,25,27,23,12,21,16,24,22,11,21,24,14,9,16,14,24,16,12,23,15,11,3,23,22,19,24,22,24,24,23,24,22,18,24,16,13,12,25,22
15,13,8,10,8,22,9,12,24,21,22,11,16,13,22,0,10,17,7,7,25,9,5,8,18,10,13,7,8,22,9,4,11,6,7,20,12,21,7,19,10,3,15,11,5,17,23,21,10,15,8,14,9,11,19,3,9,20,19,9,18,9,20,18,7,20,15,24,13,5,10,12,7,9,9,10,5,13,11,11,10,15,14,12,20
17,5,5,3,5,26,5,15,26,25,26,4,22,6,26,9,0,21,5,9,29,3,10,5,23,5,5,5,12,25,7,12,3,14,8,25,18,25,8,25,1,10,22,7,14,21,25,26,6,21,5,19,2,2,23,11,4,24,24,17,23,4,24,22,5,24,21,27,5,8,15,3,5,3,4,6,8,5,19,3,16,19,20,3,24
10,24,18,21,18,11,19,14,14,10,11,22,4,23,12,16,20,0,17,17,15,20,14,18,7,21,24,18,18,17,18,16,22,14,19,9,9,7,18,6,20,15,3,21,13,6,18,21,20,6,18,14,19,22,4,17,20,10,7,11,7,19,9,6,18,10,7,14,24,15,12,22,18,20,19,21,17,23,13,22,10,10,8,22,15
16,8,5,5,4,24,4,14,25,23,24,7,20,9,24,7,5,19,0,6,27,3,7,5,20,5,8,1,11,23,5,9,6,12,7,22,17,23,5,22,5,7,19,8,12,19,23,23,8,20,2,18,3,6,21,8,4,22,21,15,20,4,21,19,1,22,20,26,9,6,13,7,2,4,4,6,5,9,16,6,14,18,19,7,22
18,12,6,9,6,22,7,16,25,21,22,11,18,12,24,6,9,17,6,0,25,8,6,6,18,9,12,6,12,22,7,8,10,11,9,20,15,21,7,21,9,6,18,9,11,17,22,22,9,18,6,19,7,10,19,8,8,20,20,13,18,7,20,18,6,20,19,26,12,5,11,11,6,8,7,10,5,12,16,10,12,19,18,11,20
16,26,26,27,26,13,27,18,5,12,12,25,15,25,7,25,27,13,26,25,0,26,23,26,9,26,26,26,20,25,27,23,28,22,22,17,18,12,25,13,27,23,14,28,21,15,27,29,27,15,24,19,27,26,13,25,27,17,10,20,15,27,18,14,26,18,14,7,26,23,20,27,25,27,27,26,25,25,21,27,18,16,15,28,24
17,7,4,3,4,25,4,15,26,24,25,6,21,8,25,9,3,20,4,8,28,0,9,4,21,5,7,4,12,24,6,11,4,13,9,23,18,24,6,23,3,9,20,8,13,20,24,24,8,21,3,19,3,5,22,10,3,23,22,16,21,4,22,21,4,23,21,27,7,8,14,5,4,2,4,5,7,7,18,4,15,19,20,5,23
17,12,6,9,6,20,7,14,23,19,20,11,16,12,21,5,9,14,6,5,23,8,0,6,16,9,12,6,11,19,7,6,10,8,9,18,13,19,7,18,9,3,15,9,7,14,20,19,9,15,6,16,7,10,16,7,8,18,17,10,16,7,17,15,6,18,17,23,12,3,8,11,6,8,7,10,5,12,13,10,10,17,16,11,17
19,8,3,6,3,25,3,17,28,24,25,7,21,9,26,9,5,19,4,8,28,5,9,0,21,8,8,5,14,24,5,11,6,14,11,23,18,24,8,23,5,9,20,7,14,19,24,24,7,21,6,21,3,6,21,10,5,23,22,15,21,3,22,20,5,23,22,28,9,8,13,7,5,4,3,8,7,9,19,6,15,21,21,7,22
13,25,20,23,20,6,21,17,10,6,7,24,9,24,8,19,23,8,20,19,11,22,17,20,0,23,25,20,19,20,21,19,24,17,21,11,13,4,21,6,23,17,7,23,16,9,21,23,23,11,20,17,21,24,6,20,22,12,3,14,9,21,12,8,20,12,10,10,25,18,14,25,20,22,21,24,19,24,16,24,13,12,12,25,18
17,6,7,3,7,26,7,15,26,25,26,3,22,6,25,9,5,21,6,9,29,5,10,7,22,0,7,6,12,25,8,10,5,12,8,24,16,25,5,24,5,10,22,9,13,21,25,25,8,20,4,19,6,3,23,8,6,24,23,16,22,6,24,22,6,24,20,27,7,9,15,7,6,5,6,1,9,6,17,4,16,19,18,5,24
18,4,8,7,8,27,8,16,27,26,26,6,24,8,26,12,5,23,7,11,30,7,12,7,24,8,0,8,12,27,9,13,7,15,9,26,18,25,10,26,4,12,23,6,16,23,27,27,5,21,8,20,5,6,25,12,6,26,25,19,24,7,25,24,8,26,21,28,4,11,17,3,8,5,7,9,10,8,19,6,18,19,20,7,26
16,8,4,4,4,24,4,14,25,23,24,7,20,9,24,7,4,18,3,6,27,3,7,5,20,5,8,0,11,23,5,9,6,12,7,22,16,23,5,22,5,7,19,8,12,18,23,23,8,20,2,18,3,6,20,8,4,22,21,15,20,4,21,19,1,22,20,26,9,6,12,6,2,4,4,6,5,9,16,6,14,18,18,6,21
11,12,13,13,12,20,13,9,20,19,19,11,18,11,19,9,13,19,12,13,23,13,13,13,18,13,12,12,0,26,13,9,14,8,7,24,12,18,11,19,13,11,17,14,9,21,27,25,13,15,11,12,13,12,21,9,14,24,18,12,22,13,24,22,12,24,14,21,12,13,16,13,12,14,13,13,12,11,13,13,14,12,13,14,24
22,26,21,23,20,23,21,22,26,22,23,25,19,26,24,21,23,17,20,20,26,22,20,21,19,23,26,20,26,0,21,22,24,21,23,21,17,21,21,21,23,20,18,24,19,17,6,15,23,18,20,23,22,24,19,23,23,21,20,17,19,22,20,18,21,21,20,26,26,20,18,25,21,23,22,24,21,26,20,25,15,22,19,25,13
18,10,4,7,4,24,5,16,27,23,24,9,20,11,25,8,7,18,4,7,27,6,8,4,20,9,10,4,13,23,0,10,8,13,10,22,16,22,7,22,7,8,19,8,13,18,23,23,7,19,6,20,5,8,20,10,6,22,21,14,20,5,21,19,4,22,21,27,11,7,12,9,4,6,5,9,7,11,18,8,14,20,20,9,21
12,11,10,12,10,22,11,10,22,21,22,10,14,11,21,4,12,15,9,9,24,11,7,10,18,10,12,9,5,21,11,0,13,3,6,20,9,19,8,17,12,5,13,13,5,16,22,20,12,12,9,12,11,11,18,4,12,20,19,7,18,11,19,17,9,20,12,23,11,7,11,12,9,11,11,10,7,11,8,13,9,13,11,13,19
18,5,5,4,5,26,5,16,27,25,26,5,22,7,26,9,2,21,5,9,30,4,10,5,23,6,6,5,13,25,7,12,0,14,9,25,18,25,8,25,2,10,22,7,14,21,25,26,7,22,5,20,2,3,23,11,4,24,24,17,23,5,24,22,5,24,22,28,6,8,15,4,5,1,4,6,8,6,19,3,16,20,20,4,24
11,13,12,14,12,20,13,8,21,19,20,12,13,13,19,6,14,14,11,10,23,13,9,12,17,12,14,11,7,20,12,4,15,0,8,19,8,18,10,16,14,7,12,15,3,15,21,19,14,11,11,10,12,13,16,6,13,18,18,6,17,13,18,16,11,18,11,21,13,9,10,14,11,13,13,12,9,13,7,14,8,11,10,15,18
13,8,9,9,9,22,10,11,22,21,21,7,19,8,21,7,9,20,8,9,25,9,11,9,20,7,8,8,6,26,9,7,10,9,0,25,12,20,6,21,9,10,18,10,10,21,25,26,9,16,7,14,9,8,22,5,10,24,20,13,23,10,24,22,8,24,16,23,8,10,15,9,8,10,9,8,9,7,13,9,14,14,14,10,24
18,29,23,26,23,13,24,20,18,12,12,27,11,29,16,22,25,9,23,22,18,25,20,23,11,26,29,23,24,22,24,21,27,20,25,0,15,13,24,13,26,20,10,26,19,5,23,26,25,13,23,21,24,27,11,23,25,6,12,17,3,24,5,7,23,6,14,18,29,20,17,27,23,25,24,26,22,28,19,27,15,17,15,27,21
8,16,16,17,15,17,16,6,17,16,17,15,8,16,15,10,17,9,15,14,19,17,12,16,13,15,16,15,10,17,16,8,18,6,11,15,0,13,13,11,17,11,7,18,6,11,18,19,17,6,14,7,16,16,12,9,17,14,13,6,13,17,14,12,15,15,7,17,16,13,10,17,14,17,17,15,13,15,5,17,6,8,6,18,15
12,25,22,25,22,8,23,16,10,7,8,24,8,24,8,20,24,7,21,21,12,24,18,22,3,25,25,21,19,21,22,19,26,17,22,13,13,0,22,5,24,19,7,25,17,10,22,25,24,10,22,16,23,25,5,21,24,14,3,15,11,23,13,9,22,14,9,10,25,19,16,26,22,24,23,25,21,24,17,26,14,12,11,26,19
15,10,7,7,7,25,7,13,24,23,24,8,21,9,23,6,8,20,5,7,27,7,9,7,21,6,10,5,10,24,8,8,9,10,6,23,15,23,0,23,8,8,20,10,10,19,24,24,10,18,5,17,7,8,22,6,8,23,22,14,21,7,22,20,5,23,18,25,10,7,13,10,5,7,7,6,5,9,15,9,15,17,17,9,23
11,25,21,24,21,9,22,15,12,8,10,24,5,24,10,19,23,5,21,20,14,23,18,21,6,23,25,21,19,20,22,17,25,15,20,12,10,5,22,0,24,18,4,24,15,9,22,24,23,7,21,15,22,24,5,19,23,13,5,13,10,22,12,9,21,13,7,12,25,18,15,25,21,23,22,24,20,24,14,25,13,11,9,25,19
18,5,5,4,5,26,4,16,27,25,26,5,22,7,26,9,2,21,4,8,29,4,10,4,22,6,5,4,13,25,7,11,4,14,9,24,19,25,8,24,0,10,22,7,14,21,25,25,6,22,5,20,2,3,23,10,3,24,23,17,22,4,24,22,5,24,22,28,6,8,15,3,5,2,4,6,7,6,19,3,16,20,21,4,24
16,13,7,10,7,21,8,13,24,20,21,12,16,13,22,4,9,15,7,6,24,9,3,8,17,11,13,7,9,20,8,5,11,7,9,19,12,19,8,19,9,0,15,10,6,15,21,20,10,15,8,15,8,11,17,5,9,19,18,9,17,8,18,16,6,19,15,24,13,5,9,11,6,9,8,11,5,13,11,11,11,16,14,11,18
8,22,18,21,18,11,19,12,14,10,12,21,2,21,12,16,21,3,18,17,16,20,15,19,8,20,22,18,16,18,19,14,22,12,17,9,7,7,19,5,21,15,0,21,12,7,19,21,21,4,18,12,20,21,5,15,21,10,7,10,7,19,10,6,18,10,4,14,21,16,13,22,19,20,20,21,17,21,11,22,10,8,6,23,16
20,7,6,10,6,26,7,18,29,25,26,8,22,11,27,11,7,21,7,9,29,8,10,7,22,11,7,7,15,25,7,13,9,16,11,24,19,25,10,24,8,10,22,0,15,21,25,25,3,22,9,22,6,9,23,13,8,24,23,17,22,7,24,22,7,24,23,29,7,9,15,7,8,7,8,12,9,11,20,9,16,22,23,9,24
12,15,12,15,12,19,13,10,20,18,19,14,12,15,18,7,14,13,11,11,22,14,9,13,15,13,16,12,9,19,13,5,15,5,10,18,8,17,12,15,14,7,11,15,0,14,20,18,15,11,12,12,13,15,15,7,14,17,17,5,15,13,17,15,11,17,12,20,15,9,9,16,11,14,13,14,10,15,8,16,7,13,11,16,17
15,26,19,22,19,11,20,17,15,11,11,24,8,25,14,18,22,7,19,19,15,21,16,20,9,23,25,19,21,19,20,18,23,16,22,6,12,10,20,10,22,17,7,23,15,0,20,22,22,10,20,18,21,23,8,19,22,8,10,13,4,20,5,4,20,8,11,16,26,17,14,24,20,22,21,23,19,25,15,23,12,14,12,24,17
23,28,22,25,22,23,23,23,27,22,21,26,20,28,25,23,25,18,22,22,27,24,21,22,20,25,28,22,27,6,23,23,26,22,25,22,18,22,23,22,25,21,19,25,20,18,0,19,25,19,22,23,24,26,20,24,24,21,21,18,20,23,21,19,22,22,20,27,28,22,19,27,23,24,24,25,22,27,21,26,16,23,20,27,14
24,29,23,26,23,26,24,22,29,25,26,28,22,29,28,20,26,21,23,22,29,25,20,23,22,26,29,23,25,16,24,21,27,21,25,24,19,25,24,25,26,20,22,26,19,21,20,0,26,22,23,24,24,27,23,21,25,24,24,17,22,24,24,22,23,24,23,30,29,21,14,28,23,25,24,27,22,29,21,27,16,24,23,28,16
20,6,6,10,6,26,7,18,29,25,26,8,22,10,27,11,7,21,7,9,29,8,10,6,22,11,6,7,15,25,7,13,9,15,11,24,19,25,10,24,7,10,21,2,15,21,25,25,0,22,9,22,6,8,23,13,8,24,23,17,22,7,23,22,7,24,23,29,6,9,15,5,8,7,7,11,9,9,20,9,16,22,22,9,24
7,19,19,20,19,14,20,9,14,13,15,18,6,18,12,13,20,7,18,18,16,19,16,19,11,18,19,18,13,18,20,11,21,10,14,14,5,10,16,8,20,14,5,21,10,11,20,22,20,0,17,10,20,19,10,13,20,15,10,9,12,20,14,11,18,15,3,14,19,16,13,20,18,20,20,18,16,18,9,20,9,6,4,21,17
15,8,5,3,5,23,4,13,24,22,23,5,19,8,23,8,5,18,3,6,26,3,7,5,19,3,8,3,10,22,6,9,6,11,6,21,15,22,4,21,5,7,18,8,12,18,22,22,8,18,0,17,4,6,20,7,4,21,20,14,19,4,21,19,3,21,18,25,9,6,12,7,3,4,4,4,5,8,16,5,13,17,17,5,21
9,16,17,18,17,20,18,5,19,18,19,16,13,16,17,12,18,14,17,17,21,17,15,18,17,17,17,17,10,23,18,10,18,9,13,20,7,16,15,15,18,13,12,18,9,17,24,22,17,11,15,0,18,16,17,12,18,20,16,10,18,18,19,18,17,20,9,19,16,15,14,17,16,18,18,17,15,16,8,18,11,9,9,18,21
18,6,5,5,5,26,5,16,27,25,26,5,22,7,26,10,2,21,5,9,29,3,10,5,22,6,6,5,13,25,7,12,3,14,9,24,19,25,7,24,2,10,21,7,14,21,25,25,7,22,4,20,0,3,23,11,2,24,23,17,22,5,23,22,5,24,22,28,6,9,15,4,5,1,4,7,8,6,19,4,16,20,21,4,24
18,5,7,4,7,27,6,16,27,26,26,4,24,6,26,11,3,22,6,10,30,4,11,6,24,6,6,6,12,27,8,13,4,15,9,26,18,25,8,26,3,11,23,8,16,22,27,27,7,21,5,20,4,0,24,11,5,26,25,18,24,6,25,23,6,26,21,28,6,10,16,5,7,4,5,6,9,6,19,3,18,19,20,4,25
12,25,19,22,19,8,20,15,12,8,10,23,5,24,10,18,21,4,19,18,14,21,16,19,5,22,25,19,19,18,20,17,23,15,20,10,10,4,20,5,22,16,4,22,15,7,20,22,21,7,19,15,20,23,0,19,21,11,5,13,8,20,10,6,19,11,8,12,25,16,13,23,19,21,20,22,18,24,14,23,11,11,9,23,17
14,11,9,10,9,23,10,11,23,22,23,9,16,10,22,3,10,17,7,8,26,10,7,9,20,8,11,8,6,23,10,3,11,5,5,22,10,20,6,18,10,6,15,12,6,18,24,22,11,14,7,13,9,10,19,0,10,21,20,9,20,9,21,19,7,21,13,24,11,7,12,12,7,10,9,9,6,10,10,11,11,14,12,12,21
18,7,4,4,4,25,4,16,27,24,25,6,21,8,26,8,3,20,3,7,28,3,9,4,21,6,7,4,13,24,6,10,4,13,9,23,18,24,7,23,3,9,21,8,13,20,24,25,7,21,4,20,2,4,22,9,0,23,22,16,21,3,23,21,4,23,22,28,7,7,14,5,4,2,3,7,6,7,18,4,15,19,20,5,23
18,28,22,25,22,11,23,19,17,10,10,27,12,28,17,21,25,10,22,21,19,24,19,22,12,25,28,22,23,22,23,21,26,19,24,6,14,13,23,13,25,19,10,25,18,8,20,25,25,13,22,20,24,26,11,22,24,0,13,16,5,23,8,7,22,2,14,18,28,20,16,27,23,24,24,26,21,28,18,26,15,17,15,27,20
13,25,20,23,20,6,21,16,10,5,7,24,8,24,8,18,22,7,19,19,11,22,16,20,2,23,25,19,20,19,20,19,24,17,22,11,12,4,20,5,22,17,7,23,15,9,20,23,22,10,20,16,21,24,5,19,22,12,0,13,9,21,11,7,20,12,10,10,25,17,14,24,20,22,21,23,19,24,16,24,12,12,11,24,17
11,17,14,17,13,17,14,9,18,16,17,17,10,17,16,9,16,11,13,13,20,16,10,14,14,16,18,13,12,17,14,8,17,7,12,16,6,14,14,13,16,10,9,17,5,12,18,16,16,8,14,10,15,17,13,10,16,15,14,0,14,15,15,13,14,15,10,18,17,11,7,18,14,16,15,17,12,17,7,18,4,11,9,18,15
16,28,22,25,22,12,23,19,17,11,11,26,10,28,15,20,24,8,21,21,17,24,18,22,10,25,28,21,23,21,22,20,26,19,24,5,14,11,22,11,24,19,8,25,17,4,22,25,24,12,22,20,23,26,9,21,24,6,11,15,0,23,5,5,22,6,12,17,28,19,16,26,22,24,23,25,21,27,17,26,14,15,14,26,19
17,7,3,4,3,24,3,15,26,23,24,7,20,9,25,7,4,18,2,6,27,3,7,4,20,6,7,2,12,23,4,9,5,11,8,22,16,22,6,22,4,7,19,7,12,18,23,23,7,19,4,19,3,5,20,8,3,22,21,14,20,0,21,19,2,22,20,27,8,6,12,6,3,3,3,7,5,8,16,5,14,19,19,6,21
16,27,21,23,20,12,21,18,16,12,12,25,9,26,15,19,23,8,20,20,17,22,17,21,10,24,26,20,22,20,21,19,24,17,23,7,13,11,21,11,23,18,8,24,16,2,21,23,23,11,21,19,22,24,9,20,23,9,11,14,5,21,0,5,21,9,12,17,27,18,15,25,21,23,22,24,20,26,16,25,13,15,13,25,18
14,27,20,23,20,8,21,18,14,7,7,25,8,26,12,19,23,6,20,20,14,22,17,21,7,24,26,20,22,20,21,19,24,17,23,6,13,10,21,9,23,17,7,23,16,6,21,23,23,10,21,18,22,24,7,20,23,7,8,14,4,21,7,0,21,7,10,14,27,18,15,25,21,22,22,24,19,26,16,24,13,14,12,25,18
16,8,4,4,4,23,4,13,25,22,23,7,19,9,24,7,4,18,3,6,26,3,7,4,19,5,8,3,10,22,5,10,6,12,7,22,16,22,4,22,5,8,19,8,12,18,22,23,8,19,2,17,3,6,20,8,4,21,21,14,19,4,21,19,0,21,19,25,8,6,12,6,3,4,3,6,6,8,17,6,13,17,18,6,21
19,29,23,26,23,12,24,21,18,11,11,28,13,29,18,22,26,11,23,23,20,25,20,24,13,26,29,23,25,23,24,22,27,20,25,8,16,15,24,14,26,20,11,26,19,9,20,26,26,14,24,21,25,27,12,23,26,3,14,17,6,24,9,9,23,0,15,20,30,21,18,28,24,25,25,27,22,29,19,27,16,19,16,28,21
6,20,20,21,20,14,21,9,12,13,14,19,6,20,11,14,21,8,19,19,14,21,17,21,10,19,20,19,14,19,21,13,22,11,15,14,7,9,18,8,21,16,5,22,12,11,20,23,21,4,19,10,21,20,10,14,22,15,10,10,12,21,14,11,19,15,0,13,20,18,14,21,19,22,21,19,17,20,10,21,10,5,3,22,17
13,23,23,24,23,11,24,15,3,9,10,22,14,22,3,22,24,12,23,24,7,24,22,24,8,23,23,23,18,24,24,20,25,19,20,16,15,9,22,11,24,22,13,25,18,14,25,28,24,13,22,16,24,23,11,22,25,15,9,17,14,24,17,13,23,16,11,0,23,22,19,24,23,25,24,24,24,22,18,24,16,13,12,25,23
15,2,8,5,8,25,8,13,24,23,24,3,22,6,23,11,5,22,8,10,27,6,11,8,22,6,2,8,10,26,10,10,6,12,6,25,16,23,8,23,5,11,21,5,14,22,26,26,4,19,7,17,5,4,24,9,7,25,23,16,23,7,24,23,8,25,19,25,0,10,16,2,8,6,7,6,10,5,17,5,17,17,18,6,25
18,12,6,9,6,20,7,16,23,19,20,10,16,12,21,5,8,15,6,5,23,8,4,6,16,9,12,6,11,20,7,7,10,9,9,18,13,19,7,18,9,4,16,9,8,15,21,20,8,16,6,18,7,10,17,8,8,18,17,11,16,7,18,16,6,18,17,24,12,0,9,10,6,8,7,9,5,11,14,10,10,19,17,10,18
16,18,12,15,12,18,13,14,21,17,18,17,14,18,19,9,14,12,12,11,21,14,9,12,14,15,18,12,15,17,13,10,16,10,14,16,10,16,13,16,15,9,13,15,9,12,18,16,14,13,12,15,13,16,14,10,14,16,15,8,14,13,15,13,12,16,14,21,18,9,0,16,12,14,13,16,11,18,12,16,7,16,14,17,15
16,3,7,6,7,26,7,14,25,24,25,4,23,7,25,12,4,22,7,10,28,6,12,7,23,7,3,7,11,27,9,12,6,13,7,26,17,24,9,24,4,12,22,6,15,22,27,27,5,20,8,18,5,5,24,10,6,25,24,17,24,7,25,23,7,25,20,26,3,11,16,0,8,5,6,8,10,6,18,6,18,18,19,7,25
16,8,4,5,4,23,4,14,25,22,23,8,19,10,24,6,5,18,2,5,26,4,7,4,19,6,8,2,11,23,4,8,6,11,7,21,16,22,5,21,5,6,19,8,11,18,23,23,7,19,3,18,4,6,20,7,4,21,21,14,19,4,21,19,1,21,19,26,9,5,12,7,0,4,4,6,4,9,16,6,13,18,18,7,21
20,7,7,6,7,28,7,18,29,27,28,7,24,8,28,11,4,23,6,10,31,6,12,6,24,8,7,6,14,27,9,13,2,16,11,26,20,27,10,26,4,12,24,9,16,23,27,27,8,24,7,22,4,5,25,12,5,26,25,19,24,6,26,24,7,26,23,30,8,10,17,6,7,0,6,8,9,8,21,5,18,21,22,6,26
18,8,2,5,2,24,2,16,27,23,24,7,20,9,25,8,5,18,3,7,27,4,8,1,20,7,8,4,13,23,4,10,6,13,10,22,17,23,7,22,5,8,19,6,13,18,23,23,6,20,5,20,3,6,20,9,4,22,21,14,20,2,21,19,4,22,21,27,9,7,12,7,4,4,0,7,6,9,18,6,14,20,20,7,21
17,7,8,3,8,26,7,14,26,25,25,4,22,7,25,9,6,21,7,9,29,6,11,8,23,1,7,7,11,26,9,10,6,12,8,25,16,24,5,24,6,11,21,10,13,21,26,26,9,19,4,18,6,4,23,8,7,25,24,16,23,7,24,22,6,25,19,26,7,10,15,8,7,6,7,0,9,7,17,5,17,18,18,5,24
17,11,5,8,5,22,6,15,25,21,22,9,18,11,24,4,7,17,5,4,25,7,5,6,19,8,11,5,10,22,6,7,9,9,8,21,14,21,5,21,8,5,18,9,9,17,22,22,8,17,5,17,6,9,19,4,7,20,20,12,19,6,20,18,4,20,17,26,11,4,11,9,4,7,6,8,0,11,14,9,12,18,16,9,20
17,4,10,7,10,27,10,15,26,25,25,5,23,3,25,13,7,23,9,11,29,8,13,9,24,8,6,10,11,28,11,12,7,14,8,27,17,24,9,25,7,13,23,9,15,23,28,28,8,21,8,19,7,5,25,11,8,27,25,18,25,9,26,24,10,27,21,27,5,12,17,6,10,8,9,8,11,0,18,7,19,18,19,7,26
10,16,14,16,14,18,15,7,19,17,18,15,11,15,17,8,16,12,13,13,21,15,11,14,15,15,16,13,10,18,15,7,17,6,11,17,5,16,13,14,16,9,10,17,4,13,19,17,17,9,14,9,15,16,14,9,16,16,16,5,15,15,16,14,13,16,9,19,16,11,8,17,13,15,15,15,11,15,0,17,6,10,8,18,16
17,5,7,3,7,27,6,15,26,25,26,3,23,6,25,11,3,22,6,10,29,4,12,6,24,4,5,6,12,27,9,12,4,13,8,26,17,25,7,25,3,11,23,8,15,22,27,27,6,20,5,19,4,1,24,10,5,25,25,17,24,6,25,23,6,25,20,27,5,10,16,5,7,4,6,4,9,5,18,0,18,19,19,1,25
11,19,13,15,12,16,13,10,18,15,16,17,10,18,16,11,15,10,12,12,19,14,9,13,12,16,18,12,13,15,13,10,16,9,14,14,5,14,13,13,15,10,9,16,6,11,16,15,15,8,13,10,14,16,12,11,15,14,13,4,12,13,13,11,13,14,10,18,19,10,6,17,13,15,14,16,12,18,8,17,0,11,9,17,13
3,19,19,20,19,17,20,8,15,16,16,18,9,18,13,13,20,11,18,18,17,19,17,20,13,18,19,19,13,20,20,12,21,10,14,17,6,12,17,11,20,15,9,21,11,14,21,23,20,7,17,8,20,19,13,13,20,17,12,11,15,20,16,14,18,17,5,15,19,17,15,20,18,20,20,19,16,18,10,20,10,0,5,21,18
5,17,17,18,17,15,18,7,13,14,15,16,7,17,12,11,18,9,16,16,15,18,15,18,11,16,17,17,11,18,18,10,19,8,12,15,4,10,15,9,18,13,7,19,9,12,19,21,18,4,16,8,18,17,11,11,19,15,11,9,13,18,14,12,16,15,3,14,17,15,13,18,16,19,18,17,14,17,8,18,8,4,0,19,16
17,5,7,3,7,27,7,15,26,25,26,3,23,6,25,11,4,22,7,11,29,5,12,7,24,4,5,7,12,27,9,11,5,13,8,26,17,24,7,25,4,12,22,8,15,22,27,27,7,20,5,19,5,2,25,10,6,26,25,17,24,7,25,23,7,26,20,27,5,11,16,6,7,5,6,4,10,5,18,3,18,18,19,0,25
20,27,21,24,21,20,22,19,23,19,20,25,16,27,22,20,23,15,21,20,23,23,18,21,16,24,27,21,23,13,22,20,25,19,24,18,14,19,22,18,24,18,16,24,17,15,14,16,23,16,21,20,22,25,17,21,23,18,17,15,16,22,18,16,21,18,17,24,27,18,15,25,21,23,22,24,20,26,18,25,13,19,17,25,0
