Name: bar-n45-m4-c2-OD-large
Type: GPDPOD-IMC
Commodity type: 4
Compartment num: 2
CapacityHD: 100
VehicleHDs: 10
CapacityOD: 50
VehicleODs: 54
ID Xc Yc DEMAND StartT EndT SerT PairedID
0,41.3722496,2.1636008,[0, 0, 0, 0],0,240,0,0
1,41.3584274,2.1049355,[7, 2, 1, 15],111,231,10,23
2,41.4573762,2.2175219,[3, 6, 1, 4],64,184,10,24
3,41.4493212,2.210935,[7, 2, 1, 5],25,145,10,25
4,41.4544532,2.2186274,[3, 1, 6, 3],0,107,10,26
5,41.4502702,2.2114644,[14, 6, 2, 23],0,108,10,27
6,41.4417277,2.237108,[7, 2, 1, 9],0,119,10,28
7,41.3728922,2.081481,[7, 2, 1, 16],13,133,10,29
8,41.362527,2.1015406,[14, 6, 2, 14],0,240,10,30
9,41.4512399,2.215386,[7, 2, 1, 14],0,99,10,31
10,41.3702964,2.0978402,[14, 6, 2, 34],59,179,10,32
11,41.3783978,2.1277763,[14, 6, 2, 7],42,162,10,33
12,41.4480155,2.2171536,[7, 2, 1, 12],128,240,10,34
13,41.3656084,2.0582814,[14, 6, 2, 29],0,240,10,35
14,41.44524,2.2213186,[14, 6, 2, 7],42,162,10,36
15,41.4478675,2.2063436,[7, 2, 1, 12],0,113,10,37
16,41.4456118,2.2089552,[14, 6, 2, 23],69,189,10,38
17,41.4382502,2.2077829,[3, 1, 6, 3],38,158,10,39
18,41.3609936,2.0825021,[14, 6, 2, 28],4,124,10,40
19,41.4531224,2.2063556,[14, 6, 2, 8],112,232,10,41
20,41.4337282,2.2172295,[14, 6, 2, 16],44,164,10,42
21,41.3375512,2.1083287,[14, 6, 2, 11],0,98,10,43
22,41.3622974,2.0931396,[14, 6, 2, 15],0,240,10,44
23,41.4311022,2.1876125,[-7, -2, -1, -15],151,224,10,1
24,41.4615268,2.2010703,[-3, -6, -1, -4],80,200,10,2
25,41.389356,2.1592813,[-7, -2, -1, -5],58,178,10,3
26,41.4528571,2.2348045,[-3, -1, -6, -3],17,137,10,4
27,41.4373567,2.2074204,[-14, -6, -2, -23],16,136,10,5
28,41.4459049,2.1886791,[-7, -2, -1, -9],21,141,10,6
29,41.4406968,2.2181021,[-7, -2, -1, -16],47,167,10,7
30,41.4016534,2.147641,[-14, -6, -2, -14],0,240,10,8
31,41.4217479,2.1417851,[-7, -2, -1, -14],22,142,10,9
32,41.4362326,2.1868822,[-14, -6, -2, -34],88,208,10,10
33,41.441527,2.2275919,[-14, -6, -2, -7],73,193,10,11
34,41.3949328,2.12944,[-7, -2, -1, -12],158,231,10,12
35,41.3752067,2.0871221,[-14, -6, -2, -29],0,240,10,13
36,41.3734167,2.0916796,[-14, -6, -2, -7],73,193,10,14
37,41.4406278,2.1892066,[-7, -2, -1, -12],16,136,10,15
38,41.4325848,2.2229152,[-14, -6, -2, -23],84,204,10,16
39,41.4113198,2.1872084,[-3, -1, -6, -3],59,179,10,17
40,41.4496721,2.2373738,[-14, -6, -2, -28],48,168,10,18
41,41.3909772,2.1735894,[-14, -6, -2, -8],142,233,10,19
42,41.4382381,2.22407,[-14, -6, -2, -16],57,177,10,20
43,41.4080448,2.2096487,[-14, -6, -2, -11],34,154,10,21
44,41.3948773,2.1903514,[-14, -6, -2, -15],0,240,10,22
StartID EndID StartX StartY EndX EndY StartT EndT
45,99,41.4062484,2.1650543,41.4201793,2.2027689,122,476
46,100,41.3544296,2.0735694,41.3906531,2.0730443,25,454
47,101,41.426011,2.2262646,41.3789237,2.152275,0,438
48,102,41.439989,2.2290181,41.3720005,2.100837,38,497
49,103,41.4490414,2.2067515,41.3798821,2.0507836,92,482
50,104,41.4397456,2.225673,41.4676564,2.0622343,0,486
51,105,41.4566576,2.2133261,41.4436988,2.2252387,3,411
52,106,41.4520389,2.2273956,41.4168684,2.179132,93,498
53,107,41.4242744,2.1855493,41.4573228,2.2032651,0,414
54,108,41.3818532,2.0520024,41.4399253,2.2379168,74,521
55,109,41.3833251,2.0764792,41.4322033,2.1872315,0,477
56,110,41.4567419,2.2083613,41.3853736,2.1685885,100,502
57,111,41.4551417,2.2083596,41.4500306,2.2226654,68,476
58,112,41.3717312,2.0889754,41.3599849,2.0740359,115,475
59,113,41.4298515,2.1820608,41.3849029,2.0854836,56,497
60,114,41.3622657,2.1282718,41.3727858,2.1291242,0,405
61,115,41.4259211,2.1671663,41.4691634,2.0755153,13,466
62,116,41.4487614,2.2160931,41.4029761,2.1475665,117,477
63,117,41.3597275,2.0909717,41.4530228,2.2052872,114,474
64,118,41.3532624,2.095218,41.3681459,2.1014342,85,493
65,119,41.4072565,2.1217426,41.4415796,2.2192121,0,456
66,120,41.4460569,2.2221081,41.4698459,2.1816529,42,468
67,121,41.3630995,2.0686934,41.376774,2.1326213,127,466
68,122,41.3872974,2.1778131,41.3557355,2.105888,14,449
69,123,41.4552567,2.2151101,41.3626952,2.0778621,85,502
70,124,41.4569328,2.0624987,41.3711077,2.1131479,90,510
71,125,41.4426591,2.1749909,41.4517244,2.2208757,6,417
72,126,41.450718,2.19299,41.3805892,2.1348004,2,446
73,127,41.451625,2.2341474,41.4495961,2.2180694,110,470
74,128,41.3736106,2.140136,41.3989488,2.1569471,104,482
75,129,41.4403956,2.2184485,41.4247627,2.1907999,110,470
76,130,41.4319909,2.2300518,41.4497006,2.2229892,20,434
77,131,41.3638313,2.0926901,41.4026572,2.1572714,23,464
78,132,41.3551318,2.1338972,41.4645297,2.0827599,0,456
79,133,41.4625923,2.2045488,41.4082703,2.1708935,101,488
80,134,41.469147,2.2341853,41.4105332,2.208314,95,494
81,135,41.441985,2.2115016,41.4033864,2.1443981,43,475
82,136,41.3774977,2.1176535,41.375952,2.1157719,103,490
83,137,41.357915,2.0903896,41.4207853,2.1543114,33,471
84,138,41.4368981,2.2348379,41.4303138,2.1855012,127,466
85,139,41.4326536,2.2222507,41.3536974,2.0864987,55,520
86,140,41.4160758,2.1764666,41.4112566,2.1908185,0,405
87,141,41.4278079,2.169431,41.4369304,2.2198839,78,501
88,142,41.322348,2.0923512,41.4401413,2.1478097,89,491
89,143,41.3189186,2.1017005,41.4269596,2.2253214,0,720
90,144,41.3857246,2.0845426,41.454215,2.2130729,36,492
91,145,41.3741082,2.1246055,41.4141762,2.1372591,0,429
92,146,41.3866354,2.0762859,41.4326715,2.2358806,42,522
93,147,41.4184792,2.143728,41.3181394,2.0751992,81,513
94,148,41.4096189,2.1393877,41.409968,2.2022377,15,444
95,149,41.4516487,2.2359664,41.4345712,2.2231087,0,720
96,150,41.4537473,2.2091072,41.3721633,2.0983271,124,472
97,151,41.3865792,2.0707845,41.4436746,2.2355571,110,470
98,152,41.3830452,2.0762528,41.4008741,2.1610253,56,512
edge
0,13,19,17,19,17,17,16,13,17,15,8,17,17,18,17,16,16,16,18,15,12,14,16,18,6,18,16,18,18,10,15,17,17,10,14,15,17,15,11,16,7,16,12,9,11,16,13,15,17,16,18,18,13,19,17,16,17,15,14,9,15,17,15,13,12,18,19,7,19,21,18,18,17,6,17,14,16,9,19,19,18,11,14,15,15,13,14,15,15,18,9,18,14,12,17,18,18,17,14,19,5,15,19,20,17,13,17,16,16,6,19,17,15,8,21,10,17,14,18,21,8,13,17,12,18,8,18,11,14,18,11,23,11,13,11,10,14,16,15,12,16,19,13,18,13,15,16,12,15,14,17,10
11,0,22,22,23,20,24,8,2,21,5,7,22,10,25,21,21,21,6,21,22,7,4,22,21,11,25,21,19,24,13,14,21,25,11,7,7,20,22,16,24,13,24,20,17,16,7,21,23,20,24,21,24,18,12,10,20,20,6,19,5,17,21,4,3,10,24,9,14,22,19,17,20,25,8,24,22,5,7,22,24,23,7,3,23,22,17,17,9,9,12,7,11,14,14,25,21,11,9,19,11,10,4,12,18,24,17,20,24,21,12,24,7,9,6,19,13,20,4,24,22,8,2,7,5,22,9,23,15,19,23,15,21,16,20,12,5,15,21,4,17,23,17,21,22,11,23,9,20,23,5,24,15
20,23,0,6,4,5,10,21,24,4,21,20,5,26,8,5,6,8,21,5,9,25,20,11,6,19,8,9,8,9,16,13,10,8,18,20,20,8,10,14,9,19,8,13,17,16,25,11,8,5,8,3,6,11,23,22,4,3,19,10,23,13,4,22,22,14,7,24,18,2,24,9,8,9,22,9,9,21,24,6,8,8,21,22,9,10,14,13,28,28,23,22,23,15,16,8,4,23,22,11,24,21,22,23,23,7,14,5,9,12,20,6,23,20,22,23,16,5,22,8,11,21,24,22,22,4,21,5,19,11,5,18,22,14,13,16,21,15,10,22,14,9,13,11,4,13,10,26,14,9,21,8,16
17,23,5,0,4,3,9,21,23,3,21,20,2,25,7,4,4,6,21,4,7,23,20,9,6,17,7,6,7,7,16,13,9,7,18,19,20,7,8,11,8,16,6,10,14,15,25,9,7,4,7,4,5,10,23,21,4,4,19,8,22,12,2,22,21,14,6,24,15,4,24,9,8,8,21,6,8,21,21,6,9,6,21,21,8,8,12,11,26,25,22,21,23,14,16,7,4,23,21,8,23,19,21,23,23,6,12,5,8,10,17,5,23,20,21,22,16,4,22,6,10,21,24,22,22,3,21,4,18,9,4,17,22,13,10,15,20,14,9,21,12,7,12,9,3,12,9,26,11,8,21,7,15
19,23,3,4,0,3,8,21,24,3,21,20,3,26,6,4,5,7,21,4,8,24,20,10,6,18,6,7,7,7,16,13,9,6,18,20,20,7,8,12,7,17,7,12,15,15,25,9,6,4,6,3,4,10,23,22,4,3,19,9,23,13,3,22,22,14,5,24,17,2,24,9,8,7,22,7,8,21,23,5,7,6,21,22,7,8,13,12,27,27,23,22,23,15,16,7,4,23,22,10,24,20,22,23,23,5,12,5,8,11,19,5,23,20,22,23,16,4,22,7,11,21,24,22,22,2,21,3,18,10,3,17,22,13,11,16,21,15,9,21,13,7,13,9,2,13,8,26,12,7,21,6,15
17,22,4,2,3,0,7,20,22,1,20,19,2,24,6,3,4,5,20,3,7,22,19,8,4,16,5,6,6,6,15,12,8,6,17,18,19,5,7,11,7,16,6,10,13,13,24,9,5,2,6,3,4,9,22,20,3,3,18,7,22,11,1,21,20,13,4,23,15,3,23,8,6,7,21,5,7,20,21,5,7,5,20,20,6,7,11,10,26,25,22,20,22,14,15,6,3,22,20,8,22,18,20,22,22,4,11,3,7,9,17,4,22,19,20,22,15,3,21,5,9,20,23,21,21,2,20,3,17,8,3,15,21,11,10,15,20,14,8,20,11,6,12,9,2,11,8,25,10,7,20,6,14
16,23,7,8,5,7,0,24,25,6,24,21,7,27,5,8,9,9,24,8,5,22,23,11,9,16,4,8,11,7,17,16,12,4,20,22,23,10,5,11,4,15,4,9,13,15,26,6,2,8,4,7,5,11,26,24,8,8,22,12,21,15,6,25,23,17,5,27,14,7,27,12,11,4,20,6,4,24,20,10,7,8,23,24,3,5,13,14,25,24,25,22,26,17,19,4,8,26,24,8,26,17,24,26,26,3,13,9,4,12,16,5,26,23,21,25,17,8,25,6,13,21,24,25,24,5,20,6,18,10,4,17,25,13,9,18,22,17,11,24,11,5,15,6,7,15,5,26,10,5,23,2,15
14,8,22,22,23,20,27,0,8,21,6,9,22,7,25,21,21,21,5,21,22,10,6,22,21,14,25,21,19,24,14,14,21,26,12,3,5,19,23,18,26,16,24,22,20,17,8,24,25,20,25,21,24,20,7,4,20,20,4,19,12,17,21,7,7,10,24,5,18,22,19,17,20,26,10,24,24,5,14,22,23,23,8,7,25,24,18,17,13,14,7,9,6,14,14,26,21,5,4,21,6,13,7,7,18,24,18,20,26,21,15,24,5,6,10,19,14,20,7,24,22,10,10,5,8,22,10,23,16,20,23,16,21,17,22,14,7,14,21,7,19,23,17,24,22,11,26,12,22,24,6,26,16
14,4,22,22,23,20,27,8,0,21,5,8,22,11,25,21,21,21,6,21,22,10,4,22,21,13,25,21,19,24,14,14,21,26,12,7,6,20,23,18,26,16,24,22,20,17,9,23,25,20,25,21,24,20,13,10,20,20,5,19,8,17,21,5,6,10,24,10,17,22,19,17,20,26,10,24,24,4,10,22,23,23,8,5,25,24,18,17,13,12,12,9,11,14,14,26,21,11,10,21,12,13,5,13,18,24,18,20,26,21,15,24,8,10,9,19,14,20,5,24,22,10,5,7,6,22,10,23,17,20,23,17,21,17,22,14,6,15,21,7,19,23,17,23,22,11,26,12,22,24,6,26,17
17,22,4,3,2,2,7,20,23,0,20,19,2,25,6,3,4,6,20,3,7,23,19,8,5,17,5,6,6,6,15,12,8,5,17,19,19,6,7,11,7,16,6,10,14,14,24,9,5,3,6,3,4,9,22,21,3,3,18,7,22,11,1,21,20,13,4,23,15,3,23,8,6,6,21,5,7,20,21,5,7,5,20,21,6,7,11,10,26,25,22,21,22,14,15,6,3,22,21,8,22,18,21,22,22,4,11,4,7,9,17,4,22,19,20,22,15,3,21,5,9,20,23,21,21,2,20,3,17,8,3,16,21,12,10,15,20,14,8,20,11,6,12,9,2,12,8,25,11,7,20,6,14
12,4,20,20,20,18,24,6,4,19,0,7,20,12,23,18,19,19,6,19,20,10,5,20,19,12,23,19,17,22,12,12,19,23,10,4,3,17,21,16,24,15,22,20,18,15,9,22,23,18,23,19,21,17,10,7,17,18,3,17,8,15,19,6,6,8,22,9,16,19,17,15,17,24,9,21,22,5,10,19,21,21,6,5,23,21,16,15,13,12,9,7,8,12,12,23,19,8,7,19,9,11,2,10,16,22,16,18,24,19,13,22,8,6,8,17,12,18,3,22,20,8,5,7,4,20,8,21,14,18,21,15,19,15,20,11,5,12,19,7,17,21,15,22,20,9,23,11,20,22,2,24,14
7,8,21,21,22,19,21,9,8,20,9,0,21,15,22,19,20,18,11,20,17,11,10,17,20,7,22,18,18,20,9,13,17,21,6,8,8,18,18,11,20,10,19,15,13,11,13,19,19,19,20,20,22,14,13,10,18,19,9,15,6,16,20,10,10,9,22,12,11,21,18,16,19,21,3,20,18,11,7,21,22,21,4,9,19,18,13,15,13,13,12,3,12,12,9,21,20,11,10,14,12,6,8,13,17,21,13,19,20,17,8,23,13,9,3,17,8,19,8,20,21,2,9,12,6,21,3,22,10,15,22,11,19,11,16,8,3,13,16,11,13,18,16,19,21,10,20,13,15,19,7,21,10
17,22,5,3,4,3,9,20,23,2,20,19,0,25,6,3,4,5,20,4,7,22,20,9,6,16,6,6,7,6,15,12,9,7,17,19,19,6,7,11,8,16,5,10,13,15,25,9,6,4,6,4,5,10,23,21,4,4,19,8,22,12,2,21,21,13,5,24,15,4,24,9,7,8,21,5,8,21,21,6,8,5,21,21,7,7,12,11,26,25,22,21,22,14,15,7,4,22,21,8,23,18,21,23,23,5,12,5,8,10,17,5,22,19,21,22,16,4,21,5,10,20,23,21,22,3,20,3,18,9,4,17,21,12,10,15,20,14,9,21,11,6,12,9,3,12,9,26,10,7,20,7,15
17,11,25,25,26,24,27,9,13,25,12,14,25,0,28,24,25,24,9,24,25,10,10,25,24,17,28,25,23,27,17,17,25,27,15,10,11,23,25,21,26,19,26,22,20,20,7,23,25,24,26,24,27,23,6,8,23,24,10,22,14,20,25,9,10,14,28,5,19,25,23,20,23,27,16,27,24,11,15,25,27,26,14,8,26,25,21,20,14,13,10,14,8,17,17,27,24,8,8,24,9,17,13,5,20,27,22,23,26,24,19,28,7,10,15,22,17,23,13,27,26,15,13,7,14,25,15,26,19,23,26,20,24,20,23,17,13,18,24,9,23,26,21,23,25,14,26,13,22,25,12,27,19
18,24,6,5,4,5,7,22,25,5,22,21,4,27,0,5,6,7,22,7,5,24,21,11,8,17,6,7,9,4,17,14,10,5,19,20,21,9,6,12,7,16,4,11,15,15,26,7,5,6,4,7,4,12,24,23,6,6,20,10,23,14,4,23,22,15,3,25,16,6,25,10,9,7,21,4,6,22,22,8,9,4,22,23,6,6,13,13,27,26,24,23,24,16,17,7,6,24,23,9,24,19,23,24,24,4,13,7,7,12,18,4,24,21,22,24,17,6,23,3,12,22,25,23,23,4,21,5,19,10,4,17,23,13,11,17,22,16,10,22,12,5,14,8,6,14,7,27,12,5,22,6,16
16,21,5,2,4,3,9,19,22,3,19,18,3,24,7,0,1,4,19,4,6,21,18,8,5,15,7,4,6,6,14,11,7,7,16,18,18,6,6,10,8,14,6,9,12,14,23,8,7,3,7,4,5,9,21,20,4,4,17,7,20,11,2,20,19,12,6,22,13,4,22,7,6,8,19,5,8,19,20,6,8,4,19,20,8,6,11,10,24,24,21,20,21,13,14,7,4,21,20,7,22,17,20,21,21,6,11,4,8,9,16,6,21,18,20,21,14,3,20,6,9,19,22,20,20,3,19,4,17,8,4,16,20,12,8,14,19,13,7,19,10,5,11,8,3,11,9,24,9,6,19,7,14
15,20,6,2,4,3,9,19,21,3,19,18,3,23,6,3,0,4,19,5,5,21,18,7,5,15,7,4,6,5,14,11,7,7,16,17,18,5,5,9,9,14,5,8,12,13,23,7,6,4,6,5,6,9,21,19,4,5,17,7,20,11,3,20,19,12,5,22,13,5,22,7,6,8,19,4,7,19,19,6,8,3,19,19,8,5,11,10,24,23,20,19,21,12,14,8,5,21,19,6,21,16,19,21,21,6,10,5,9,8,15,6,20,18,19,20,14,4,20,5,8,19,22,20,20,4,19,4,16,8,5,15,20,11,8,13,18,12,7,19,9,5,10,7,4,10,8,24,9,5,18,8,13
15,22,9,6,7,5,10,20,23,6,20,19,6,25,8,5,6,0,20,6,5,21,20,6,7,14,10,1,7,7,14,12,7,9,17,19,19,6,6,9,9,14,7,8,12,12,25,7,7,5,7,7,8,7,23,21,6,7,19,6,20,10,6,21,21,13,9,24,13,8,24,9,7,10,18,6,7,21,19,8,10,7,21,21,8,6,10,9,24,23,22,20,23,14,15,10,7,22,21,6,23,16,21,23,23,8,9,6,9,7,15,9,22,19,19,22,15,6,21,7,10,19,23,21,22,7,18,8,15,6,8,14,22,10,8,15,20,13,5,21,9,6,12,7,7,12,9,25,9,6,20,9,12
15,6,21,21,22,20,26,5,7,21,6,10,21,7,25,20,21,20,0,20,22,8,3,21,20,13,25,21,19,23,14,13,21,25,11,5,6,19,23,18,25,16,24,21,19,16,6,22,24,19,24,20,23,19,9,8,19,20,5,18,11,16,21,5,5,10,24,5,17,21,19,16,19,26,11,23,23,4,13,21,23,22,9,4,24,23,17,16,12,12,10,10,9,13,13,25,20,9,7,21,9,13,7,9,18,24,18,19,25,20,15,24,3,9,11,18,13,19,7,23,21,11,8,3,9,21,11,22,16,19,22,16,20,16,22,13,8,14,20,5,19,23,17,22,21,10,25,10,21,23,6,25,16
17,21,5,3,4,2,9,19,21,3,19,18,3,23,7,2,3,6,19,0,7,22,18,8,3,16,7,6,5,7,14,11,7,7,16,17,18,5,8,10,8,16,7,10,14,13,23,9,7,2,7,3,5,8,21,19,2,3,17,7,21,10,3,20,19,12,6,22,15,4,22,7,6,8,20,7,9,19,21,4,7,6,19,19,8,8,11,10,26,25,21,19,21,13,14,8,4,21,19,8,21,18,19,21,21,6,10,2,9,8,17,6,21,18,19,21,14,2,20,7,8,19,22,20,20,3,19,4,16,8,4,15,20,11,10,14,18,13,7,19,11,7,10,9,4,10,9,24,11,8,19,7,13
14,20,8,5,7,5,6,20,22,5,21,17,5,24,5,5,5,4,21,7,0,19,20,7,7,12,7,4,8,4,13,12,8,4,17,19,20,7,2,7,6,12,3,7,10,11,23,3,3,6,3,7,6,7,23,21,6,7,19,7,18,11,5,21,20,14,6,24,11,7,24,9,8,6,16,3,4,21,18,8,9,4,19,21,5,2,9,10,22,22,22,18,23,14,15,6,7,22,21,4,23,14,21,23,23,4,9,6,5,8,13,7,22,19,17,22,14,6,22,4,10,17,21,21,21,6,16,6,14,6,6,13,22,9,6,14,18,14,7,21,7,2,12,3,6,12,5,23,7,2,20,5,11
11,6,26,24,26,24,24,13,7,24,10,9,24,13,25,24,23,23,11,25,22,0,9,22,25,12,25,23,23,25,14,18,22,24,11,12,11,23,22,16,23,14,23,19,17,16,12,20,22,24,23,25,25,19,17,14,24,24,11,20,5,21,24,8,7,14,26,13,15,26,23,21,24,24,9,24,21,10,7,26,26,25,11,8,23,22,18,20,10,9,17,9,16,17,14,24,25,15,14,19,16,10,9,16,22,24,18,24,23,22,12,26,12,14,8,22,14,24,8,25,26,10,6,11,9,25,10,26,16,20,25,16,24,16,20,13,10,18,21,9,17,23,21,20,25,15,23,9,19,22,9,24,15
14,4,20,20,20,18,25,6,4,19,4,8,20,8,23,18,19,19,4,19,20,8,0,20,19,12,23,19,17,22,12,12,19,23,10,5,5,17,21,16,24,15,22,20,18,15,6,22,23,18,23,19,22,18,10,8,17,18,4,17,8,15,19,2,3,8,22,7,16,19,17,15,18,24,10,21,22,3,10,20,21,21,8,2,23,21,16,15,11,12,10,8,9,12,12,23,19,9,8,19,10,12,5,10,16,22,16,18,24,19,14,22,5,7,9,17,12,18,5,22,20,9,5,4,6,20,10,21,14,18,21,15,19,15,20,12,6,12,19,4,17,21,15,22,20,9,23,10,20,22,5,24,14
16,22,10,8,9,7,12,20,22,8,20,16,8,25,10,6,7,5,20,8,7,23,19,0,8,12,12,5,6,9,11,10,4,11,14,19,19,5,8,6,11,12,9,9,12,9,24,9,9,7,10,8,10,4,22,21,7,8,18,3,19,6,8,21,21,13,11,23,14,9,23,7,7,12,16,8,9,20,20,9,11,9,18,21,10,8,7,6,26,25,22,18,22,11,12,12,9,22,21,7,23,14,21,22,22,10,6,7,11,1,13,11,22,19,17,23,11,7,21,9,9,17,23,21,20,8,16,9,12,4,9,11,23,7,10,12,17,10,2,20,7,8,11,9,8,12,11,25,9,8,20,11,9
18,21,5,5,6,4,11,19,22,5,19,18,5,24,9,4,5,7,19,4,8,23,18,9,0,17,9,7,6,9,14,11,9,9,16,18,18,7,9,12,10,17,9,11,15,14,23,10,9,4,9,4,7,9,21,20,3,4,17,8,21,11,5,20,19,12,8,22,16,5,22,7,6,10,20,8,10,19,22,2,7,7,19,20,10,9,11,10,26,26,21,20,21,13,14,9,4,21,20,9,22,19,20,21,21,8,12,2,10,10,18,8,21,18,20,21,14,3,20,8,9,19,22,20,20,5,19,6,18,9,6,16,20,12,11,14,19,13,9,19,12,9,11,10,5,11,11,24,12,10,19,9,14
6,12,16,14,16,14,14,14,13,15,14,8,15,18,15,14,14,12,14,15,11,14,13,11,15,0,15,12,13,14,4,9,11,14,7,13,13,12,12,5,14,4,13,9,7,5,18,13,13,14,13,15,16,7,16,14,14,15,12,9,9,9,14,14,14,9,16,17,5,16,18,12,13,15,6,13,12,14,10,16,16,14,10,14,13,12,7,9,16,16,15,8,16,8,7,15,15,16,14,8,16,4,13,16,17,14,7,14,14,10,2,16,16,13,8,18,5,14,13,14,15,7,13,15,11,15,7,16,5,8,15,5,20,5,9,5,9,9,10,15,6,12,13,13,16,7,13,16,9,12,13,14,4
18,25,7,7,5,6,6,23,26,6,23,22,6,28,7,7,8,10,23,8,7,23,23,13,9,17,0,10,10,9,18,15,12,6,20,22,22,10,7,12,2,16,6,10,14,16,27,9,6,7,5,7,3,13,25,24,7,7,22,12,22,15,6,24,24,16,6,26,16,6,26,12,10,2,21,8,7,24,22,8,6,9,23,24,7,7,14,15,26,26,25,23,25,17,18,1,7,25,24,9,26,19,24,25,25,6,14,8,7,14,18,6,25,22,22,25,18,7,24,8,13,22,25,24,25,5,21,6,19,11,5,18,24,14,10,18,23,17,12,24,12,7,15,9,6,15,8,27,11,6,23,4,17
15,22,9,6,8,6,10,21,23,7,21,19,7,25,8,5,6,1,21,7,5,21,20,5,8,14,10,0,7,6,14,13,6,9,17,19,20,5,6,8,9,13,7,8,12,12,25,7,7,5,7,8,9,7,23,21,6,7,19,6,20,9,6,22,21,14,9,24,13,8,24,9,7,10,18,6,7,21,19,8,10,7,21,21,8,6,9,9,24,23,23,20,23,14,15,10,8,23,21,6,23,16,21,23,23,8,9,7,9,6,15,9,23,20,19,23,14,6,22,6,10,19,23,22,22,7,18,8,15,6,8,14,22,10,8,15,20,13,5,21,9,6,13,7,7,12,8,25,9,6,21,9,12
17,19,7,5,6,4,11,17,20,5,17,16,5,22,10,4,5,5,17,5,7,21,17,5,5,13,9,6,0,8,12,9,5,9,15,16,16,2,8,8,10,13,9,10,13,10,22,9,9,4,9,5,7,5,20,18,4,5,16,4,19,8,5,18,18,10,8,21,15,6,21,4,4,10,17,8,9,18,20,6,8,7,18,18,10,8,8,7,24,25,19,18,20,11,12,10,5,19,18,8,20,15,18,20,20,8,8,4,11,6,14,8,19,16,18,20,13,4,18,9,6,18,21,18,19,6,17,6,13,6,7,12,19,8,10,12,17,10,5,18,8,8,9,9,6,9,10,23,10,8,17,10,10
17,23,8,6,6,6,7,22,25,6,22,20,6,27,4,6,6,5,22,8,4,22,22,9,9,15,8,5,10,0,16,14,10,6,19,21,21,9,4,10,7,15,3,10,13,14,26,6,4,7,4,8,6,10,25,23,8,8,21,9,21,13,6,23,23,15,5,26,14,8,25,11,9,7,19,1,6,23,21,10,10,4,22,23,6,4,12,12,25,25,24,21,24,16,17,7,8,24,23,7,25,17,23,25,24,4,11,8,7,10,16,6,24,21,20,24,17,7,23,2,12,20,24,23,24,6,19,7,17,8,6,16,23,12,9,17,21,16,9,23,10,3,14,6,7,14,6,26,10,4,22,6,14
9,13,15,15,16,14,17,13,13,15,13,7,15,18,18,14,15,14,13,15,13,15,12,13,14,4,18,14,13,16,0,7,12,17,5,11,12,13,14,7,16,6,15,11,10,5,17,15,15,14,16,14,17,8,15,14,13,14,11,10,10,10,15,14,13,6,18,16,7,15,15,10,13,17,8,16,14,13,11,15,17,16,9,14,15,15,7,9,17,17,15,9,15,6,3,17,14,15,14,11,15,6,13,15,14,17,7,13,16,12,5,18,15,12,9,15,1,13,12,16,16,8,14,14,11,15,8,16,6,10,16,5,17,6,12,2,8,7,11,13,9,14,11,15,15,4,16,17,11,15,12,17,5
13,13,12,12,13,10,17,11,14,11,11,10,12,16,15,11,11,11,11,11,12,15,10,11,11,9,15,11,9,14,6,0,10,16,8,10,10,9,13,10,16,10,14,13,12,8,15,14,15,10,15,11,14,8,13,12,10,10,10,8,13,6,11,12,12,4,14,14,11,12,14,7,10,16,12,13,14,11,14,12,13,13,11,12,15,14,8,6,18,18,13,12,13,4,6,16,11,13,12,11,14,11,12,13,13,14,9,10,16,10,10,14,13,10,11,14,6,10,12,14,12,11,14,12,12,12,11,13,10,9,13,8,16,7,14,6,11,5,9,12,11,13,7,14,12,2,16,16,13,14,11,16,9
17,20,9,7,8,6,12,19,21,7,19,16,8,23,10,6,7,5,19,7,7,22,18,4,7,12,11,5,5,8,11,11,0,11,14,17,18,4,8,7,11,12,9,10,12,9,23,9,9,6,9,7,10,5,21,19,6,7,17,3,19,7,7,20,19,12,10,22,14,8,22,5,6,12,17,8,9,19,20,8,10,8,18,19,10,8,7,6,26,25,20,18,21,11,13,12,8,21,19,7,21,14,19,21,21,10,7,6,11,3,13,10,21,18,18,22,12,6,20,8,8,17,22,20,20,8,17,9,13,5,9,11,21,7,10,13,18,10,3,19,8,8,10,9,8,10,11,24,9,8,18,11,10
17,23,6,7,4,6,5,24,25,5,24,21,6,27,4,7,8,8,24,7,4,22,23,10,9,16,5,7,10,5,17,16,11,0,20,22,23,9,4,10,4,15,3,9,13,15,26,6,2,7,3,6,4,11,26,25,7,7,22,11,21,14,5,25,23,17,4,27,14,6,27,12,10,4,20,5,5,24,21,9,7,6,23,24,4,4,12,13,25,25,26,22,26,18,18,5,7,26,24,7,26,17,24,26,26,2,12,8,4,11,16,4,26,23,21,26,17,7,25,4,13,21,24,25,24,4,20,5,18,10,3,17,25,13,9,18,22,17,10,24,10,4,16,6,6,16,5,26,10,4,24,3,15
9,10,17,17,18,15,20,10,10,16,10,4,17,15,20,15,16,16,11,16,16,12,10,16,16,6,20,16,14,19,6,9,15,20,0,9,10,14,17,10,19,9,18,14,13,9,15,18,18,15,19,16,19,12,13,11,14,15,9,13,7,12,16,11,11,5,19,14,10,16,14,12,15,20,6,18,17,11,8,17,18,18,6,11,18,18,10,12,14,14,12,6,12,9,7,20,16,12,11,13,13,6,10,12,13,19,10,15,19,15,8,19,12,9,6,13,6,15,9,19,17,5,11,11,8,17,5,18,9,13,18,9,15,9,15,5,5,9,14,11,12,17,12,18,17,6,19,14,14,18,9,20,9
12,7,20,20,21,19,25,2,7,20,4,7,20,9,24,19,19,19,5,19,20,9,5,20,19,12,23,19,18,22,12,12,19,24,10,0,3,18,22,16,24,15,23,20,18,15,9,22,23,18,23,19,22,18,7,5,18,19,2,17,11,15,19,6,6,8,22,6,16,20,18,15,18,24,9,22,22,5,12,20,22,21,6,6,23,22,16,15,12,13,7,7,6,12,12,24,19,6,4,19,6,11,5,7,17,22,16,18,24,19,13,22,6,4,8,17,12,18,5,22,20,8,8,5,6,20,8,21,14,18,21,15,19,15,21,12,5,13,19,6,17,22,15,22,20,9,24,11,20,22,4,24,14
13,6,19,19,20,18,24,5,7,19,3,8,19,11,23,18,19,18,5,19,20,9,4,19,18,12,23,19,17,21,12,12,19,23,10,4,0,17,21,16,23,14,22,20,18,14,9,22,22,18,22,18,21,17,10,7,17,18,2,17,10,15,19,6,6,8,22,8,15,19,17,15,17,24,10,21,22,5,12,19,21,20,7,6,23,21,15,15,12,12,9,8,9,11,12,23,18,8,7,19,9,11,4,10,16,22,16,17,23,19,13,22,7,7,9,16,12,17,5,22,20,9,7,6,7,19,9,20,14,18,20,14,18,14,20,11,6,12,18,5,17,21,15,22,19,8,23,10,19,21,4,23,14
17,20,7,6,7,5,11,18,21,6,18,17,6,23,10,4,5,5,18,6,6,22,17,4,6,13,10,5,4,8,13,10,4,10,15,17,17,0,8,7,10,13,8,10,12,10,22,8,9,5,9,6,8,6,20,19,5,5,16,4,20,8,6,19,19,11,9,21,15,7,21,5,4,11,17,8,9,18,21,7,9,7,18,19,10,8,8,7,25,25,20,19,20,12,13,10,6,20,19,7,21,15,19,20,20,9,8,5,11,5,14,9,20,17,18,21,13,5,19,8,7,18,21,19,19,6,17,7,14,4,7,12,20,8,10,13,18,11,4,18,8,8,10,8,6,10,10,23,10,8,18,10,11
15,22,9,6,7,6,6,22,23,6,22,19,6,26,5,6,6,5,22,8,2,20,21,8,9,13,7,5,9,5,15,14,9,5,18,20,21,8,0,8,6,13,3,7,11,12,24,3,3,7,3,8,7,8,24,22,7,8,20,8,19,12,6,23,22,15,6,25,13,8,25,10,9,6,18,4,3,22,19,9,9,5,21,22,4,1,10,11,23,23,23,19,24,15,16,6,8,24,22,5,24,15,22,24,24,5,10,8,5,9,14,7,24,21,19,23,15,7,23,5,11,18,22,23,22,7,18,8,15,7,6,14,23,10,8,16,20,15,8,22,8,2,13,3,7,13,5,25,8,2,22,5,13
12,17,12,10,12,10,11,18,18,11,19,12,11,23,11,9,10,8,18,11,7,18,18,7,11,7,12,8,8,10,8,10,6,11,11,17,17,7,8,0,10,7,9,5,7,6,22,9,9,9,9,11,12,3,21,19,9,10,17,4,14,6,10,19,19,12,12,22,9,11,22,8,9,11,11,9,8,19,15,11,13,10,14,19,9,8,4,5,21,21,20,13,20,10,10,11,11,20,19,4,21,9,18,21,21,11,4,10,10,6,8,13,20,17,12,21,9,10,18,10,11,12,18,19,16,11,11,12,9,4,12,8,23,4,5,9,13,9,6,19,3,8,12,9,11,10,10,21,5,8,17,11,6
17,23,8,9,6,8,5,24,25,8,24,21,8,27,6,9,9,9,24,9,6,22,23,12,10,16,2,9,11,8,17,16,13,5,20,22,23,11,6,11,0,15,5,9,13,15,26,8,4,9,4,9,5,11,26,25,9,9,22,12,21,15,7,25,23,17,6,27,14,8,27,12,11,2,20,7,6,24,21,10,5,9,23,24,5,6,13,14,25,25,26,22,26,18,19,2,9,26,24,8,26,18,24,26,26,5,13,9,6,13,16,7,26,23,21,26,17,9,25,7,14,21,24,25,24,6,20,7,18,10,6,17,25,13,9,18,22,18,12,24,11,5,16,8,8,16,6,26,10,5,24,3,15
7,14,17,14,16,15,14,16,14,15,16,9,15,19,15,14,14,13,16,16,12,14,15,12,15,4,15,13,14,15,6,11,12,14,9,15,15,12,12,6,13,0,13,9,5,6,18,12,13,15,13,15,16,8,18,17,14,15,15,9,10,10,14,16,15,11,16,19,3,16,20,13,14,14,7,14,12,16,11,16,16,15,12,15,13,12,8,10,17,17,17,10,18,10,8,14,16,18,16,9,18,6,16,18,19,14,8,14,14,11,3,16,18,15,9,20,6,14,15,15,16,9,14,17,13,15,9,16,7,9,15,7,22,6,10,7,11,10,11,17,7,13,14,12,16,9,13,17,9,12,15,14,5
15,22,7,7,5,7,5,23,24,7,23,20,6,26,3,7,7,6,23,8,3,21,22,9,10,14,5,6,10,5,16,15,10,3,19,21,22,9,3,9,4,14,0,8,12,13,25,5,2,8,1,8,5,10,25,23,8,8,21,9,20,13,6,24,22,16,4,26,13,7,26,11,10,5,19,4,3,23,19,10,7,6,22,23,3,3,11,12,24,23,24,20,25,16,17,5,8,25,23,6,25,16,23,25,25,3,11,9,4,10,15,6,25,22,20,24,16,8,24,4,12,19,23,24,23,5,19,6,16,8,5,15,24,11,8,17,21,16,9,23,9,3,14,5,7,14,4,25,8,3,22,4,14
10,17,12,9,11,10,10,22,19,10,20,16,10,21,11,10,9,8,20,11,7,16,18,9,11,11,11,8,11,10,13,15,11,10,16,21,20,10,7,7,9,9,9,0,7,11,20,6,8,10,9,11,11,7,24,23,9,10,19,8,15,11,10,18,17,16,11,22,8,11,27,12,11,10,14,10,7,20,14,11,12,10,18,18,8,7,9,10,19,18,25,17,25,15,15,10,11,25,23,5,25,12,20,24,26,10,9,10,9,10,10,12,20,22,16,25,13,10,20,10,13,16,18,21,19,11,16,11,14,7,11,13,25,9,4,14,17,14,9,18,7,8,15,6,11,15,8,20,4,8,21,10,11
9,16,15,13,15,14,13,19,17,14,19,12,13,20,14,13,13,11,19,14,10,15,17,10,14,7,14,11,12,13,9,10,10,13,12,17,18,11,11,5,12,5,12,7,0,7,19,11,11,13,12,14,14,7,21,19,13,14,17,8,13,9,13,18,16,12,14,21,6,15,22,12,13,13,10,13,10,19,13,15,15,14,15,17,11,11,7,8,18,18,20,13,21,11,10,13,14,20,19,7,21,8,18,21,21,13,7,13,12,10,6,15,20,17,12,22,9,13,18,13,15,12,17,20,15,14,12,15,9,8,14,9,24,5,7,10,14,10,10,18,5,11,13,11,14,10,12,19,6,11,18,13,7
10,15,15,13,14,12,14,16,16,13,16,10,13,20,15,12,13,11,16,13,10,18,15,9,13,6,15,11,11,13,6,8,9,14,9,14,15,10,11,5,13,6,12,8,7,0,20,12,13,12,13,13,15,5,18,16,12,13,14,7,13,7,13,17,16,9,16,19,7,14,19,10,12,14,10,13,12,16,14,14,16,14,12,16,13,12,4,7,20,20,17,11,18,8,7,14,13,18,16,8,18,7,16,18,18,14,5,12,14,9,6,16,18,15,11,19,6,12,15,13,13,10,17,17,14,14,10,14,6,7,15,4,21,2,9,7,11,7,8,16,6,11,10,12,14,7,13,20,8,12,15,14,3
16,7,23,23,24,22,26,7,8,22,7,11,23,6,27,22,22,22,5,22,23,8,5,23,22,15,26,22,21,25,15,15,22,26,13,7,8,21,24,19,25,18,25,21,19,18,0,22,25,21,25,22,25,21,11,10,21,22,7,20,11,18,22,5,5,11,25,5,18,23,21,18,21,26,13,25,23,7,13,23,25,24,11,4,25,24,19,18,12,13,13,12,11,15,15,26,22,11,10,23,12,15,9,11,19,25,19,21,26,22,17,25,4,11,12,20,15,21,9,25,23,13,8,5,10,23,13,24,18,21,24,18,22,18,22,15,9,16,22,5,21,25,18,22,23,12,25,11,21,24,8,26,18
14,21,10,7,8,8,6,22,23,8,22,19,7,25,7,7,7,6,22,9,3,20,21,9,9,14,8,6,9,6,15,14,10,6,18,20,21,9,3,9,7,13,5,6,11,13,24,0,5,8,5,9,8,9,24,22,7,8,20,10,19,12,7,22,21,15,8,25,12,9,25,10,9,8,18,5,2,22,18,10,10,7,21,22,5,3,11,11,23,22,24,20,24,16,17,8,9,24,22,6,24,16,22,24,24,6,10,8,5,10,14,8,24,21,19,24,16,8,23,6,11,19,22,23,22,8,18,9,16,8,7,15,23,11,6,16,20,16,9,22,9,4,14,1,8,13,4,24,7,4,22,6,13
15,22,7,7,5,6,4,22,24,6,23,20,6,26,3,7,8,7,23,7,3,21,22,9,9,15,4,6,10,5,16,15,10,2,19,21,22,9,3,9,4,14,2,8,12,14,25,5,0,7,2,7,4,10,25,23,7,7,21,10,20,13,5,23,22,16,4,26,13,6,26,11,10,4,19,5,3,23,19,9,6,6,22,23,2,3,11,12,24,23,24,21,25,16,17,4,7,24,23,6,25,16,23,25,25,3,11,8,3,10,15,5,24,21,20,24,16,7,24,4,12,20,23,23,23,5,19,6,16,9,4,16,24,12,8,17,21,16,9,23,9,3,14,5,6,14,4,25,8,3,22,3,14
16,21,6,2,4,3,9,19,22,3,20,19,3,24,7,1,2,4,19,4,6,22,19,8,5,15,7,5,5,6,15,11,7,7,17,18,18,5,6,10,8,15,6,9,13,13,24,8,7,0,7,5,5,8,22,20,4,4,18,7,21,10,2,20,20,13,6,23,14,4,23,7,6,8,20,5,8,20,20,6,8,4,20,20,8,6,11,10,25,24,21,20,22,13,15,8,4,21,20,7,22,17,20,22,22,6,10,4,9,9,16,6,21,18,20,21,15,3,20,6,8,20,23,20,21,3,20,4,16,8,4,15,21,11,9,14,19,13,7,20,10,6,11,8,4,11,9,25,10,6,19,7,13
16,23,8,7,6,7,5,23,24,7,23,20,7,27,4,8,8,7,23,9,3,21,22,10,10,15,6,7,11,5,16,15,11,4,19,22,22,10,4,10,5,14,3,8,12,14,25,5,2,8,0,8,6,10,25,24,9,9,21,10,20,13,7,24,23,16,5,26,14,7,26,11,10,5,19,5,4,23,20,11,8,6,22,23,4,4,12,12,24,24,25,21,25,17,17,5,9,25,24,7,26,17,24,25,25,3,11,9,5,11,16,6,25,22,20,25,16,8,24,4,13,20,23,24,23,6,19,7,17,9,5,16,24,12,8,17,21,16,9,23,10,3,15,5,7,15,4,25,9,3,23,4,14
19,22,2,5,3,4,9,20,23,3,21,20,4,25,7,5,6,8,20,4,9,24,20,10,5,19,7,8,8,8,16,12,10,7,18,19,19,7,9,13,8,18,8,12,16,15,25,10,7,5,7,0,5,11,23,21,3,3,19,9,22,13,4,21,21,14,6,24,17,1,24,9,8,8,22,8,9,21,23,5,7,7,21,21,8,9,13,12,27,28,22,21,23,14,16,8,3,22,21,10,23,20,21,23,23,6,13,4,9,11,19,6,22,19,21,22,16,5,21,8,10,21,24,21,22,3,21,5,19,10,4,18,22,13,12,15,20,14,10,21,14,9,12,11,3,12,9,26,13,9,20,7,16
18,24,5,5,3,4,6,22,25,4,22,21,4,27,5,5,6,8,22,6,6,24,22,11,7,18,3,8,8,7,17,14,10,5,19,21,21,8,6,13,5,17,5,11,15,16,26,8,4,5,5,5,0,11,24,23,6,5,21,10,23,13,4,23,23,15,3,25,16,4,25,10,9,4,22,6,6,23,22,7,6,7,23,23,5,7,14,13,27,26,24,23,24,16,17,4,5,24,23,9,25,19,23,24,24,3,13,6,6,12,18,4,24,21,23,24,17,5,23,5,11,22,25,23,24,3,22,4,19,11,2,18,23,14,11,17,22,16,10,23,13,6,14,8,4,14,7,27,11,6,22,5,16
14,19,10,9,10,8,11,18,20,8,19,14,9,23,11,7,8,7,19,9,7,20,18,5,9,9,12,7,6,9,9,10,4,11,12,17,18,5,8,4,11,9,9,6,9,6,23,9,9,7,10,9,11,0,21,19,7,8,17,2,16,6,8,20,19,12,11,22,11,9,22,6,7,12,13,9,9,19,17,9,11,10,15,19,10,8,4,5,23,22,20,15,21,10,10,12,9,20,19,4,21,11,19,21,21,11,4,8,11,4,10,11,20,17,14,21,9,8,19,9,9,14,20,19,17,9,13,10,9,2,10,8,22,4,7,10,15,9,3,19,4,8,11,9,9,10,10,23,6,8,18,11,6
19,14,25,25,26,23,30,9,14,24,11,13,25,8,28,23,24,24,11,24,25,15,11,25,24,17,28,24,22,27,17,17,24,28,15,9,9,22,26,21,29,19,27,25,23,19,12,27,28,23,28,24,27,22,0,6,22,23,10,22,16,20,24,13,13,13,27,8,21,25,22,20,23,29,15,26,27,12,18,25,26,26,13,13,28,27,21,20,18,18,9,13,7,17,17,28,24,7,6,24,8,17,12,3,21,27,21,23,29,24,19,27,11,9,15,22,17,23,12,27,25,15,15,10,13,25,14,26,19,23,26,19,24,20,25,16,11,17,24,13,22,26,20,27,25,14,28,18,25,27,11,29,19
15,10,23,23,23,21,27,5,10,22,8,10,22,9,26,21,22,22,8,22,23,12,8,23,22,15,26,22,20,25,15,15,22,26,13,5,6,20,24,19,27,17,25,22,21,17,11,25,26,21,26,21,24,20,6,0,20,21,6,20,14,18,22,10,9,11,25,9,18,22,20,18,20,27,12,24,25,8,15,22,24,24,9,9,26,24,19,18,16,16,4,10,2,14,15,26,22,3,2,22,4,14,8,6,19,25,19,21,27,22,16,25,9,4,11,20,15,21,8,25,23,11,11,8,9,23,11,23,17,21,24,17,22,18,23,14,8,15,21,9,20,24,18,25,23,12,26,14,22,24,7,26,17
17,20,3,4,4,3,9,18,21,3,18,17,3,23,8,3,4,6,18,3,7,22,18,9,3,17,7,6,6,8,13,10,8,7,15,17,17,6,9,11,8,16,7,10,14,13,23,9,7,3,8,2,5,9,21,19,0,1,17,7,20,10,3,19,19,11,6,22,15,3,22,7,6,8,20,7,9,19,21,3,5,7,19,19,8,9,11,10,25,25,20,19,20,12,13,7,2,20,19,8,21,18,19,21,20,6,11,2,9,10,17,6,20,17,19,20,13,3,19,7,8,18,21,19,20,4,18,4,17,9,5,16,19,12,10,13,18,12,8,19,12,8,10,9,3,10,9,23,11,9,18,8,14
19,22,4,5,5,3,9,20,23,3,20,19,3,25,8,4,5,7,20,2,8,24,20,9,5,18,7,8,7,8,15,12,9,7,17,19,19,7,9,12,9,17,7,12,15,15,24,10,7,4,8,3,6,10,23,21,3,0,19,8,22,12,3,21,21,13,6,24,17,4,23,9,7,8,22,7,9,21,23,5,7,7,21,21,8,9,12,11,27,27,22,21,22,14,15,8,1,22,21,10,23,19,21,22,22,6,12,4,9,10,18,6,22,19,21,22,15,4,21,7,10,20,23,21,22,4,20,5,18,9,5,17,21,13,12,15,20,14,9,21,13,8,12,11,3,12,10,25,12,9,20,8,15
13,6,19,19,20,17,24,4,6,18,3,7,19,10,22,18,18,18,4,18,19,8,4,19,18,11,22,18,16,21,11,11,18,23,9,3,3,16,20,15,23,14,21,19,17,14,8,21,22,17,22,18,21,17,10,7,17,17,0,16,10,14,18,5,5,7,21,7,15,19,16,14,17,23,9,21,21,4,12,19,20,20,7,5,22,21,15,14,11,11,9,7,8,11,11,23,18,8,7,18,9,11,4,10,15,21,15,17,23,18,13,21,6,7,8,16,11,17,5,21,19,9,7,5,6,19,9,20,13,17,20,14,18,14,20,11,5,11,18,5,17,20,14,21,19,8,23,9,19,21,4,23,13
15,20,9,8,9,7,13,18,20,8,18,14,8,22,12,7,8,7,18,8,8,22,17,5,8,11,12,7,6,10,9,8,5,12,12,16,17,5,10,5,12,11,10,8,10,7,22,10,11,7,11,8,10,3,20,19,7,8,16,0,17,4,8,19,18,11,11,21,12,9,21,5,7,13,15,10,11,18,18,9,11,10,16,18,12,10,5,4,24,24,20,16,20,9,10,13,8,20,18,6,20,12,18,20,20,11,5,7,13,4,12,11,20,17,15,21,9,7,19,10,8,15,21,19,18,9,15,9,11,3,9,10,22,6,8,10,15,8,4,18,6,10,9,11,9,10,12,23,8,10,18,12,8
8,5,23,22,24,21,22,12,6,22,8,6,22,14,23,22,21,20,10,22,19,8,8,19,22,9,23,20,20,22,11,15,19,22,9,11,10,20,20,13,21,11,21,17,14,13,11,18,20,21,21,22,23,16,16,13,21,21,9,17,0,18,22,8,7,11,23,13,12,23,20,18,21,22,6,21,19,9,4,23,24,22,8,7,20,20,15,17,10,10,16,5,15,14,11,22,22,14,13,16,15,7,8,16,19,22,15,21,21,19,9,24,11,13,4,19,11,21,7,22,23,6,6,11,7,23,7,23,13,17,23,13,21,13,17,10,7,15,18,9,14,20,18,18,23,12,20,10,17,20,8,22,12
15,18,12,11,12,10,15,16,19,11,16,13,11,21,15,9,10,10,16,11,11,20,16,7,11,10,15,9,9,13,8,7,7,15,11,15,15,8,12,7,14,10,13,10,11,7,21,13,13,10,13,11,13,5,19,17,10,10,15,5,16,0,11,17,17,9,14,20,12,12,20,7,9,16,15,12,13,17,17,12,13,13,15,17,14,12,5,2,23,23,18,15,19,7,9,15,11,18,17,8,19,12,17,19,19,14,5,10,15,7,11,14,18,15,15,19,9,10,17,13,11,14,20,17,17,11,14,12,11,6,12,9,21,5,10,9,14,6,6,17,8,12,9,13,11,8,14,22,10,12,16,15,8
16,22,5,2,3,2,8,20,22,2,20,19,1,24,5,3,3,5,20,4,6,22,19,9,5,16,6,5,6,5,15,12,8,6,17,18,19,6,7,10,7,15,5,9,13,14,24,8,6,3,6,4,4,9,22,21,4,4,18,8,21,11,0,21,20,13,4,23,14,3,23,8,7,7,20,5,8,20,20,5,8,4,20,20,7,7,12,11,25,24,22,20,22,14,15,7,3,22,20,7,22,18,20,22,22,5,11,4,8,10,16,5,22,19,20,22,15,3,21,4,10,20,23,21,21,2,20,3,17,9,3,16,21,12,9,15,20,14,8,20,11,6,12,8,3,12,8,25,10,7,20,6,14
15,5,22,21,22,20,26,8,7,21,6,10,21,9,25,20,21,21,6,21,22,9,4,22,21,14,25,21,19,24,14,14,21,25,12,7,7,19,23,18,25,16,24,22,19,17,6,23,24,20,25,20,23,19,12,10,19,20,6,19,10,17,21,0,4,10,24,7,18,21,19,17,19,26,12,23,24,5,12,21,23,22,9,2,25,23,17,17,12,12,12,10,11,13,14,25,21,11,10,21,11,14,7,12,18,24,18,20,26,21,16,24,6,9,11,19,14,20,8,24,22,11,7,7,9,21,11,22,16,20,22,16,21,16,22,13,8,14,20,4,19,23,17,23,21,11,25,10,22,23,7,25,16
13,3,22,21,22,20,25,8,4,21,6,9,21,9,25,20,21,21,6,21,22,7,4,22,20,13,25,21,19,24,14,14,21,25,12,7,7,19,22,18,24,16,24,20,18,16,6,21,23,20,24,20,23,19,12,10,19,20,5,19,7,17,21,3,0,10,24,8,17,21,19,17,19,25,10,23,22,5,9,21,23,22,9,3,23,22,17,17,10,9,12,9,11,13,14,25,21,11,9,21,11,12,6,12,18,24,18,19,24,21,14,24,6,9,9,19,14,19,6,24,22,10,4,7,7,21,11,22,16,20,22,16,21,16,21,13,7,14,20,4,19,23,17,21,21,10,23,8,20,23,7,25,16
12,11,15,14,15,13,19,9,11,14,9,8,14,13,18,13,14,14,9,14,15,12,8,15,13,8,18,14,12,17,7,7,14,18,5,7,8,12,16,12,18,11,17,16,14,9,13,17,17,13,18,13,16,12,11,9,12,13,7,12,10,10,14,10,9,0,17,12,12,14,11,10,12,19,10,16,17,9,12,14,16,15,9,9,18,16,10,10,16,16,10,9,11,6,6,18,14,11,9,15,11,10,9,11,10,17,11,12,19,14,10,17,11,8,9,11,7,12,10,17,15,9,12,10,10,14,8,15,11,13,15,9,13,9,16,6,8,7,13,9,13,16,10,17,14,3,18,14,16,16,9,18,10
19,24,7,5,5,6,8,22,25,6,23,22,5,27,2,6,6,8,23,7,6,24,22,11,8,17,7,7,10,5,18,15,11,6,20,21,22,9,6,12,7,17,4,12,15,16,27,8,5,6,5,7,4,12,25,23,7,7,21,11,23,15,5,24,23,16,0,26,17,6,26,11,10,7,22,4,7,23,23,9,10,5,23,23,6,6,14,14,27,27,24,23,25,16,18,7,7,25,23,9,25,19,23,25,25,4,13,7,7,12,18,4,24,22,23,24,18,7,24,4,12,22,26,24,24,5,22,5,19,10,4,18,24,14,11,17,22,16,11,23,12,5,14,8,6,14,7,28,12,6,22,6,16
18,9,25,24,25,23,28,6,10,24,9,12,24,4,28,23,24,24,5,24,25,12,6,25,23,16,28,24,22,27,17,17,24,28,14,6,8,22,26,21,27,19,27,24,21,19,6,25,27,23,27,23,26,22,8,8,22,23,7,22,13,20,24,7,8,13,27,0,20,24,22,20,22,29,14,26,25,8,15,24,26,25,11,6,27,26,20,20,14,15,11,12,9,16,17,28,24,9,8,24,10,16,10,8,21,27,21,22,28,24,18,27,4,9,13,22,17,22,11,27,25,13,10,4,11,24,13,25,19,23,25,19,24,19,24,16,10,17,23,7,22,26,20,24,24,13,27,13,24,26,9,28,19
7,14,17,14,16,15,14,17,15,15,17,10,15,18,15,14,14,14,17,16,12,13,15,12,15,5,15,13,14,15,7,12,12,15,10,15,16,13,12,7,14,2,14,10,6,7,17,11,13,15,14,15,16,9,19,17,14,15,15,10,11,11,14,16,14,11,16,20,0,16,21,13,15,15,8,15,12,17,12,16,16,15,12,15,13,12,8,10,16,16,18,11,19,10,9,15,15,18,17,10,19,6,16,19,20,14,8,14,14,12,4,16,18,15,10,20,7,14,16,15,17,10,15,18,13,15,10,16,7,10,15,8,22,7,10,8,12,11,12,16,7,13,15,11,16,10,13,17,10,12,16,14,6
19,23,3,5,3,3,8,21,24,3,21,20,3,26,6,5,5,7,21,4,8,24,21,10,6,18,6,8,8,8,16,13,10,6,18,20,20,7,8,13,7,18,7,12,15,15,26,10,6,4,7,3,4,11,24,22,4,4,20,9,23,13,3,22,22,14,5,25,17,0,25,10,8,7,23,7,8,22,23,6,8,7,22,22,7,8,13,12,28,27,23,22,23,15,16,7,4,23,22,10,24,20,22,24,23,5,13,5,8,11,19,5,23,20,22,23,16,5,22,7,11,21,24,22,23,2,21,4,19,10,3,17,22,13,12,16,21,15,10,22,13,8,13,10,2,13,8,26,13,8,21,6,16
21,19,24,23,24,22,28,17,20,23,17,16,23,22,27,22,23,23,17,23,24,21,17,24,23,17,27,23,21,26,15,16,23,27,14,16,16,21,25,21,27,19,26,25,23,19,21,26,26,22,27,22,25,21,19,18,21,22,16,21,19,19,23,18,18,11,26,20,21,23,0,19,21,28,18,25,26,18,20,23,25,24,17,18,27,25,20,19,24,24,19,18,19,15,16,27,23,19,18,24,20,18,18,19,4,26,20,22,28,23,19,26,19,16,18,5,15,22,18,26,20,17,20,18,19,24,17,24,19,22,25,18,5,19,25,15,17,16,22,18,22,25,19,26,24,13,27,22,25,25,17,27,18
17,17,8,7,8,6,12,15,18,7,15,14,7,20,11,6,7,7,15,7,8,19,15,8,6,13,11,7,5,10,11,7,7,11,13,14,14,5,9,8,11,13,10,11,13,9,20,10,10,6,11,6,9,6,18,16,5,6,14,5,17,6,7,16,16,8,10,19,14,7,19,0,5,12,17,9,10,16,19,7,9,8,16,16,11,9,6,5,22,23,17,16,18,9,10,11,7,17,16,9,18,14,16,18,18,10,7,5,12,8,13,10,17,14,16,18,11,5,16,10,8,16,19,16,17,7,15,8,13,7,8,12,20,8,11,10,15,9,7,16,9,9,7,10,7,7,11,21,11,9,15,11,10
18,20,8,7,8,6,12,18,20,7,18,17,7,22,11,6,7,7,18,7,8,22,17,8,7,15,11,7,5,10,13,10,7,11,15,16,17,5,9,10,11,15,10,11,14,12,22,10,10,6,11,6,9,8,20,19,5,6,16,6,20,10,7,19,18,11,10,21,16,7,21,6,0,12,19,9,10,18,21,7,9,8,18,19,11,9,10,9,25,25,20,19,20,12,13,11,7,20,18,9,20,17,18,20,20,10,10,6,12,9,16,10,20,17,18,20,13,6,19,10,6,18,21,19,19,7,18,8,16,8,8,14,20,10,11,13,18,12,7,18,11,9,10,10,7,10,11,23,11,9,18,11,13
18,25,7,8,5,7,6,24,26,6,24,22,7,28,7,8,9,10,24,8,7,23,23,13,9,17,1,10,11,9,18,16,13,6,21,22,23,10,7,12,3,17,6,11,14,17,27,9,6,8,6,7,4,13,26,24,8,8,22,12,23,16,6,25,24,17,6,27,16,7,27,12,11,0,21,8,7,24,22,9,6,10,24,24,7,7,14,15,26,26,25,23,26,17,19,2,8,26,24,9,26,19,24,26,26,6,14,8,8,14,18,7,26,23,22,25,19,8,25,8,13,22,25,25,25,5,21,6,19,12,5,19,25,15,10,18,23,17,13,24,12,7,15,9,7,15,8,28,11,7,24,5,17
6,9,22,20,22,20,20,11,9,21,11,4,20,16,21,19,20,18,13,21,16,10,11,16,21,6,21,17,19,19,9,14,16,20,7,10,10,17,18,11,19,9,19,14,12,11,14,18,19,19,19,21,22,13,15,12,19,20,11,14,5,15,20,11,10,10,22,15,9,21,19,17,19,20,0,19,18,12,6,21,22,20,6,10,19,18,13,14,13,12,14,5,14,13,10,20,21,14,12,14,14,5,10,15,18,20,12,20,20,16,7,22,14,11,4,18,9,20,10,20,21,4,9,14,7,21,4,22,10,14,21,11,20,11,15,9,5,14,16,12,12,18,17,18,21,11,19,12,14,18,9,20,10
17,24,8,5,6,6,7,22,24,5,22,21,5,26,3,6,6,5,22,7,4,23,21,9,8,15,7,5,9,1,16,14,10,5,19,20,21,9,4,10,6,15,2,10,14,14,26,6,4,6,3,7,5,10,24,22,7,7,20,9,22,13,5,23,22,15,4,25,15,7,25,10,9,7,20,0,5,22,21,9,9,3,22,22,5,4,11,12,26,25,24,21,24,16,17,7,7,24,22,7,24,17,22,24,24,3,11,7,6,10,16,5,24,21,21,24,16,7,23,1,12,20,25,23,23,6,20,6,17,8,5,16,23,12,10,17,22,16,8,22,10,4,14,7,6,13,5,27,10,4,22,5,14
15,22,9,7,7,8,5,22,23,8,23,20,8,26,6,8,8,7,23,9,3,20,22,10,10,15,7,6,10,6,16,15,11,6,19,21,22,10,3,9,7,14,5,6,11,14,24,2,4,8,5,9,7,10,25,23,8,9,21,10,20,13,7,23,22,16,7,26,13,9,26,11,10,7,19,6,0,23,19,10,9,7,22,22,4,3,12,12,23,23,24,21,25,16,17,7,9,24,23,6,25,17,23,25,25,6,11,9,5,10,15,8,24,21,20,24,16,9,24,6,12,20,22,23,23,7,19,9,17,9,7,16,24,12,7,17,21,16,9,23,10,5,14,2,9,14,3,25,8,4,22,6,14
15,5,22,22,23,20,27,5,5,21,6,10,22,11,25,20,21,21,5,21,22,9,4,22,21,14,25,21,19,24,14,14,21,25,12,5,6,19,23,18,26,17,24,22,20,17,8,23,25,20,25,21,24,20,11,8,19,20,4,19,9,17,21,4,5,10,24,8,18,21,19,17,20,26,12,23,24,0,11,22,23,23,9,4,25,23,18,17,13,13,11,10,10,14,14,25,21,10,8,21,10,14,7,11,18,24,18,20,26,21,16,24,7,8,10,19,14,20,6,24,22,11,6,6,7,22,11,23,16,20,23,17,21,17,23,14,8,14,21,6,19,23,17,23,22,11,25,11,22,24,7,26,16
8,8,22,20,22,20,20,14,9,20,11,7,20,13,21,20,19,19,12,21,18,8,10,20,21,9,21,20,21,21,11,15,20,20,9,12,13,20,18,14,19,12,19,15,13,14,12,16,18,20,19,21,21,16,17,15,20,20,12,17,4,18,20,10,9,12,21,14,12,22,20,19,21,20,7,20,17,11,0,22,22,21,9,10,18,18,15,18,11,10,16,7,16,15,12,20,21,16,15,17,17,8,11,16,19,20,16,20,19,19,10,22,13,14,6,20,11,20,10,21,24,8,8,13,9,21,8,21,14,17,21,14,22,14,16,11,8,15,19,10,15,19,19,16,21,12,19,11,15,18,11,20,13
19,22,5,6,6,4,11,20,22,5,20,19,5,24,10,5,5,8,20,5,9,23,19,10,2,18,9,8,7,10,15,12,10,9,17,18,19,7,10,12,10,17,9,12,15,15,24,11,9,4,10,4,8,10,22,20,3,3,18,9,22,12,5,21,20,13,8,23,17,5,23,8,7,10,21,9,11,20,23,0,7,8,20,20,10,10,12,11,27,27,21,20,22,14,15,9,4,22,20,10,22,20,20,22,22,8,12,2,11,11,19,8,22,19,20,21,15,4,21,9,9,20,23,21,21,6,20,7,18,10,7,17,21,13,12,15,19,13,10,20,13,9,11,11,5,11,12,25,12,10,20,10,15
21,23,8,9,6,7,10,22,24,7,22,21,8,26,10,7,8,9,22,8,10,25,21,12,7,20,7,10,9,12,17,14,12,10,19,20,21,9,11,14,7,19,10,14,17,17,26,12,9,7,9,6,7,12,24,22,6,6,20,11,24,14,7,23,22,15,9,25,19,7,25,10,9,7,23,11,11,22,25,7,0,11,22,22,10,11,14,13,29,29,23,22,24,15,17,6,7,24,22,12,24,22,22,24,24,8,14,6,11,13,21,9,23,21,22,23,17,7,23,11,11,22,25,23,23,6,22,8,20,12,7,19,23,15,14,16,21,15,12,22,15,10,13,12,7,13,11,27,14,10,21,8,17
16,21,6,3,5,3,9,19,22,3,19,18,3,24,6,3,3,4,19,5,4,21,18,8,6,14,7,4,6,4,14,11,7,7,16,17,18,6,5,9,9,14,5,9,12,12,23,6,6,4,6,5,6,9,21,20,4,5,17,8,20,11,3,20,19,12,5,22,13,5,22,7,6,8,19,4,7,19,20,6,8,0,19,20,8,5,10,10,24,24,21,20,21,13,14,8,5,21,20,6,21,16,20,21,21,6,10,5,8,9,15,6,21,18,19,21,14,4,20,4,9,19,22,20,20,4,19,4,16,7,5,14,20,10,8,14,19,13,7,19,9,4,11,7,4,11,8,24,9,5,19,8,13
9,8,21,21,22,19,23,8,8,20,7,4,21,14,23,19,20,20,10,20,19,13,9,19,20,9,23,20,18,22,10,13,19,23,7,6,7,18,20,13,22,12,21,17,15,12,13,21,21,19,22,20,23,15,12,9,18,19,7,17,8,16,20,9,9,9,23,11,13,21,18,16,19,23,5,21,20,9,9,21,22,22,0,9,21,20,14,16,15,15,11,4,10,13,10,23,20,10,9,16,11,8,7,12,17,22,14,19,22,18,10,23,11,8,5,18,10,19,6,22,21,5,8,11,5,21,5,22,12,16,22,12,20,13,17,9,2,13,18,10,14,20,16,21,21,10,21,15,17,20,6,23,12
14,3,20,20,21,19,25,7,5,20,4,8,20,7,24,19,19,19,4,19,20,7,2,20,19,12,23,19,18,22,12,12,20,24,10,6,5,18,22,16,24,15,23,20,18,15,4,21,23,18,23,19,22,18,11,8,18,19,4,17,8,15,19,1,2,8,22,6,16,20,18,15,18,25,10,22,22,4,10,20,22,21,8,0,23,22,16,15,11,11,10,9,10,12,12,24,19,9,8,20,10,12,6,11,17,22,16,18,24,19,14,22,4,8,9,17,12,18,6,22,20,10,5,5,7,20,10,21,15,18,21,15,19,15,21,12,6,13,19,3,18,22,15,21,20,9,24,9,20,22,5,24,15
16,23,9,9,6,8,4,23,25,8,23,21,8,27,6,9,9,9,23,9,5,22,23,12,10,15,6,8,11,7,17,15,12,5,20,22,22,11,4,11,6,15,5,8,13,15,26,4,3,9,4,9,6,11,26,24,9,9,22,12,21,14,7,24,23,16,6,27,14,8,27,12,11,6,20,7,3,24,20,11,8,8,23,24,0,4,13,13,25,24,25,21,26,17,18,6,9,25,24,8,26,17,24,26,26,5,12,9,3,13,16,7,25,22,21,25,17,9,24,6,13,20,24,24,24,6,20,8,17,10,6,17,25,13,9,18,22,17,11,24,11,5,15,4,8,15,3,26,9,4,23,5,15
15,22,9,6,7,7,6,22,23,7,22,19,6,26,5,6,6,5,22,8,2,20,21,8,9,13,7,5,9,5,15,14,9,5,18,20,21,8,1,8,6,13,3,7,11,12,24,3,3,7,3,8,6,9,24,22,7,8,20,8,20,12,6,23,22,15,6,25,13,8,25,10,9,6,18,4,3,22,19,10,9,5,21,22,5,0,10,11,23,23,24,19,24,16,16,6,8,24,22,5,24,15,22,24,24,5,10,8,5,9,14,7,24,21,19,24,15,7,23,5,11,18,22,23,22,7,18,8,15,7,6,14,23,10,8,16,20,15,8,22,8,2,14,3,7,13,5,25,8,2,22,5,13
12,17,12,11,12,10,13,17,18,11,17,12,11,21,13,10,11,9,17,11,9,19,16,7,11,7,14,9,9,12,7,8,7,13,10,15,16,8,10,4,12,7,11,7,8,4,21,11,11,10,12,11,13,3,19,17,10,11,15,5,14,5,11,18,17,10,14,20,9,12,20,8,9,13,12,11,10,17,16,12,14,12,14,17,11,10,0,4,22,21,19,13,19,8,8,13,11,19,17,6,19,9,17,19,19,13,1,10,12,7,8,14,19,16,13,20,7,10,17,12,11,12,18,18,16,11,12,12,8,5,12,6,22,2,7,8,13,7,6,17,5,10,10,11,12,8,12,22,7,10,17,13,5
15,17,11,10,11,9,14,15,18,10,15,13,10,20,14,8,9,9,15,10,10,19,15,7,10,10,14,9,8,12,8,6,6,14,11,14,14,7,11,7,14,10,12,9,11,7,20,12,12,9,13,10,12,4,18,16,9,9,14,4,16,2,10,16,16,8,13,19,12,11,19,6,8,15,15,11,12,16,17,11,13,12,15,16,13,11,4,0,22,23,17,16,18,6,10,14,10,17,16,7,18,12,16,18,18,13,5,9,14,6,11,13,17,14,15,18,9,9,16,12,10,15,19,16,17,10,14,11,11,5,11,9,20,5,10,10,15,5,5,16,7,11,8,12,10,7,13,21,9,11,15,14,8
14,10,26,24,26,25,24,14,11,25,11,13,24,13,25,24,24,23,12,25,22,6,9,25,25,15,25,24,25,25,17,19,25,24,15,13,12,25,22,20,23,16,23,20,17,20,12,20,23,24,23,25,26,22,17,15,24,25,11,23,9,22,24,10,9,15,26,14,16,26,25,22,25,24,12,24,21,12,10,26,26,25,15,9,23,22,21,22,0,3,17,12,17,19,18,25,25,16,15,21,17,14,13,16,24,24,21,24,24,25,16,26,13,15,12,24,17,24,12,25,27,13,10,12,13,25,14,26,19,23,25,20,26,20,20,16,13,20,25,10,20,23,22,20,25,16,23,4,19,22,12,24,19
14,9,26,24,26,25,24,14,11,25,12,13,24,13,25,24,24,23,12,25,22,5,10,25,25,15,25,24,25,25,17,20,25,24,15,13,13,25,22,20,23,16,23,20,17,20,12,20,23,24,23,25,26,22,17,16,24,25,11,23,9,23,24,11,9,16,26,14,16,26,25,23,25,24,12,24,21,12,10,26,26,25,15,10,23,22,21,23,2,0,18,12,17,19,18,25,25,17,15,21,17,14,13,16,24,24,21,24,24,25,16,26,13,15,12,25,17,24,12,25,28,13,10,13,13,25,14,26,19,23,25,20,27,20,20,16,14,20,25,10,20,23,23,20,25,16,23,4,19,22,13,24,19
16,10,22,22,23,21,27,5,10,21,8,10,22,11,26,21,21,21,9,21,22,13,8,22,21,14,25,21,20,24,14,14,21,26,12,5,6,20,24,18,26,17,25,22,20,17,12,24,25,20,25,21,24,20,9,5,20,21,6,19,14,17,21,10,10,10,24,10,18,22,20,17,20,26,12,24,24,9,15,22,24,23,9,10,25,24,18,17,16,16,0,10,6,14,14,26,21,6,5,21,7,14,8,9,18,24,18,20,26,21,16,24,10,2,11,19,14,20,9,24,22,11,11,9,10,22,11,23,16,20,23,17,21,17,22,14,8,15,21,9,19,24,17,24,22,11,26,14,22,24,8,26,16
8,6,21,21,22,20,21,9,7,20,8,2,21,14,22,20,20,19,10,20,17,11,8,17,20,7,22,18,19,21,9,13,17,21,7,8,8,18,19,12,20,10,20,15,14,11,11,19,20,19,20,20,23,14,13,10,19,20,9,15,6,16,20,8,8,9,23,12,11,21,18,16,19,21,4,20,19,9,7,21,23,21,4,7,20,19,13,15,13,13,12,0,12,12,10,21,20,11,10,15,12,7,7,13,17,21,13,19,21,17,8,23,11,9,3,18,9,19,7,21,21,3,7,11,4,21,4,22,11,15,22,11,19,12,16,8,3,13,17,10,13,19,16,19,21,10,20,13,15,19,7,21,11
17,11,23,23,24,22,28,6,11,23,9,11,23,10,27,22,23,22,9,22,24,13,9,23,22,15,27,23,21,25,15,15,23,27,13,6,7,21,25,19,27,18,26,23,21,18,12,26,26,22,26,22,25,21,5,2,21,22,7,20,15,18,23,11,10,12,26,9,19,23,21,18,21,28,13,25,25,9,16,23,25,24,10,10,27,25,19,18,17,17,2,11,0,15,15,27,22,2,2,22,3,15,9,5,20,26,20,21,27,22,17,26,9,3,12,20,15,21,10,25,24,12,12,9,10,23,12,24,17,22,24,18,22,18,24,15,9,16,22,10,21,25,19,26,23,12,27,15,23,25,8,27,17
13,15,14,13,14,12,18,13,15,13,13,10,13,17,17,12,13,13,13,13,14,16,12,11,12,8,17,13,11,16,5,4,11,17,8,11,12,11,15,10,17,9,16,14,13,7,17,16,16,12,17,12,15,9,15,13,11,12,11,8,13,6,13,14,13,6,16,16,11,13,16,9,11,18,12,15,16,13,14,13,15,14,12,13,17,15,8,6,20,20,14,12,15,0,6,17,13,15,13,12,15,10,13,15,15,16,9,11,18,10,9,16,15,12,12,16,5,11,14,16,14,11,16,14,14,13,11,14,9,10,14,7,18,7,14,6,11,3,10,13,11,15,9,16,13,4,17,18,14,15,13,17,8
12,14,14,14,15,12,18,12,14,13,12,8,14,16,17,13,13,13,12,13,14,16,11,13,13,7,17,13,11,16,4,5,12,18,6,10,11,12,15,9,18,8,16,13,12,7,16,16,17,12,17,13,16,10,14,13,12,12,10,10,11,7,13,13,12,5,16,15,10,14,15,9,12,18,11,16,16,12,12,14,15,15,10,12,17,16,7,7,19,18,14,10,14,3,0,18,13,14,12,12,14,9,12,14,14,16,8,12,18,12,8,16,14,11,10,15,4,12,13,16,14,10,15,13,12,14,9,15,8,11,15,6,17,6,13,4,10,4,11,12,10,15,9,16,14,3,17,17,13,16,12,18,8
18,25,7,8,5,6,6,23,26,6,23,22,6,28,7,7,8,10,23,8,7,23,23,13,9,17,3,10,10,9,18,15,12,6,20,22,22,10,7,12,3,16,6,11,14,16,27,9,6,7,6,7,4,13,26,24,8,8,22,12,22,16,6,24,24,16,6,27,16,6,27,12,11,2,21,8,7,24,22,9,6,9,24,24,7,7,14,15,26,26,25,23,26,17,18,0,8,25,24,9,26,19,24,26,26,6,14,8,8,14,18,6,25,22,22,25,19,8,24,8,13,22,25,24,25,5,21,6,19,12,5,19,25,14,10,18,23,17,12,24,12,7,15,9,6,15,8,28,11,7,23,4,17
18,21,4,4,4,3,9,19,22,2,20,19,3,24,7,4,4,7,20,2,8,23,19,9,4,17,7,7,7,7,15,12,9,7,17,18,19,6,9,12,8,17,7,11,15,14,24,10,7,3,7,2,5,10,22,20,2,2,18,8,22,12,3,21,20,13,6,23,16,3,23,8,7,8,21,7,9,20,22,4,6,6,20,20,8,8,12,11,27,26,21,20,22,13,15,7,0,22,20,9,22,19,20,22,22,6,12,3,8,10,18,6,21,19,20,21,15,3,21,6,9,20,23,21,21,3,20,4,18,9,4,16,21,12,11,14,19,13,9,20,12,8,11,10,2,11,9,25,12,8,19,7,15
17,11,24,23,24,22,28,6,11,23,9,11,23,10,27,22,23,23,9,23,24,14,9,24,22,15,27,23,21,26,16,16,23,27,14,6,7,21,25,20,27,18,26,23,22,18,12,26,26,22,27,22,25,21,5,3,21,22,7,21,15,19,23,11,11,12,26,9,19,23,21,19,21,28,13,25,26,10,16,23,25,24,10,11,27,25,19,19,17,17,4,11,3,15,16,27,23,0,3,23,2,15,9,5,20,26,20,21,28,23,17,26,10,4,12,21,16,22,10,26,24,12,12,9,11,23,12,24,18,22,24,18,23,18,24,15,9,16,22,10,21,25,19,26,23,12,27,15,23,25,9,27,18
16,10,23,23,23,21,27,5,10,22,8,10,22,10,26,21,22,22,9,22,23,12,8,23,22,15,26,22,20,25,15,15,22,26,13,5,6,20,24,19,27,17,25,23,21,17,11,25,26,21,26,22,24,20,6,1,20,21,6,20,14,18,22,10,9,11,25,9,18,22,20,18,20,27,12,24,25,8,15,22,24,24,9,9,26,24,19,18,16,16,4,10,2,14,15,26,22,4,0,22,4,14,8,6,19,25,19,21,27,22,16,25,9,4,11,20,15,21,9,25,23,11,11,8,9,23,11,23,17,21,24,17,22,18,23,14,8,15,22,9,20,24,18,25,23,12,26,14,22,25,7,27,17
14,20,10,8,10,9,9,21,21,9,21,15,9,25,9,8,8,6,21,9,5,20,21,6,9,10,10,5,9,8,11,12,8,8,14,20,20,7,6,5,8,10,7,4,9,9,24,6,7,9,7,9,10,5,23,22,8,9,20,6,17,8,8,22,21,14,10,25,11,10,25,10,9,9,14,7,6,22,18,10,11,8,17,21,7,6,7,7,23,22,23,16,23,13,13,9,9,23,22,0,24,12,21,23,24,9,6,8,8,7,11,11,23,20,15,24,12,8,20,8,12,15,21,22,18,9,14,10,12,4,10,11,23,7,4,12,16,12,6,22,5,6,14,6,9,13,8,24,5,6,20,9,9
18,12,24,24,25,23,29,7,12,24,10,12,24,11,28,23,24,23,10,24,25,14,10,24,23,16,28,24,22,26,17,17,24,28,14,7,8,22,26,20,28,19,27,24,23,19,13,27,27,23,27,23,26,22,6,4,22,23,8,22,16,20,24,12,11,13,27,10,20,24,22,20,22,29,14,26,27,10,17,24,26,25,11,11,28,26,20,20,18,18,5,12,3,16,17,28,23,2,3,23,0,16,10,6,21,27,21,22,28,24,18,27,10,5,13,21,16,22,11,26,25,13,13,10,11,24,13,25,19,23,25,19,23,19,25,16,10,17,23,11,22,26,20,27,24,13,28,16,24,26,9,28,19
4,10,19,17,19,17,17,13,10,17,12,6,17,17,18,16,17,15,13,18,13,12,12,13,18,3,18,14,15,16,7,12,13,17,6,11,12,14,15,8,16,6,16,11,10,8,15,15,15,16,16,18,18,10,15,13,16,17,11,11,6,12,17,12,11,9,19,16,7,18,17,14,16,17,4,16,15,13,7,19,19,17,8,11,16,15,9,11,14,13,14,6,15,10,9,17,18,15,13,11,15,0,12,15,16,17,9,17,16,13,5,19,15,11,6,17,7,17,11,17,18,5,10,14,9,18,5,19,7,11,18,8,19,8,12,7,7,11,13,13,9,15,16,15,18,9,16,13,11,15,11,17,7
12,4,20,20,21,18,25,6,4,19,2,6,20,11,23,18,19,19,7,19,20,10,6,20,19,11,23,19,17,22,12,12,19,23,10,5,4,17,21,16,24,14,22,19,18,15,9,22,23,18,23,19,22,18,10,7,18,18,4,17,7,15,19,5,5,8,22,10,15,20,17,15,18,24,8,21,22,5,10,20,21,21,5,5,23,22,16,15,12,12,10,6,9,12,12,23,19,9,7,19,9,11,0,10,16,22,16,18,24,19,13,22,8,7,7,17,12,18,2,22,20,7,5,8,4,20,7,21,14,18,21,15,19,15,20,12,4,12,19,7,17,21,15,22,20,9,23,12,19,22,2,24,14
18,12,24,24,24,22,28,7,13,23,10,12,23,6,27,22,23,23,9,23,24,14,10,24,23,16,27,23,21,26,16,16,23,27,14,7,8,21,25,20,27,18,26,23,22,18,11,26,26,22,27,22,25,21,2,5,21,22,8,21,15,19,23,12,12,12,26,7,19,23,21,19,21,28,14,25,26,11,16,23,25,24,12,11,27,25,20,19,17,17,8,12,6,15,16,27,23,6,5,23,6,15,11,0,20,26,20,22,28,23,17,26,10,8,13,21,16,22,11,26,24,14,13,9,12,24,13,24,18,22,25,18,23,19,24,15,10,16,22,12,21,25,19,26,24,13,27,16,23,25,10,27,18
20,18,23,23,24,21,28,16,19,22,16,15,23,21,26,21,22,22,16,22,23,20,16,23,22,16,26,22,20,25,15,15,22,26,13,15,15,20,24,20,27,19,25,24,22,18,21,25,26,21,26,22,25,21,19,17,21,21,15,20,18,18,22,17,17,11,25,20,20,23,4,18,21,27,18,24,25,17,19,23,24,24,17,17,26,25,19,18,23,24,18,17,19,15,15,26,22,18,17,23,19,17,17,19,0,25,19,21,27,22,18,25,18,15,17,3,15,21,17,25,20,17,20,17,18,23,16,24,18,21,24,18,5,18,24,14,16,15,22,17,21,24,18,25,23,12,26,22,24,25,16,27,18
18,25,6,6,4,5,6,23,26,5,23,22,5,28,4,6,7,8,23,7,6,23,23,12,8,17,6,8,9,6,18,15,11,4,20,22,22,9,6,12,5,17,5,11,14,16,27,7,4,6,4,6,4,12,26,24,7,7,22,11,23,15,5,24,24,16,3,27,16,5,26,11,10,6,21,6,6,24,22,9,8,6,24,24,5,6,14,14,26,26,25,23,25,17,18,6,7,25,24,9,26,19,24,26,25,0,14,7,6,13,18,4,25,22,22,25,18,6,24,5,13,22,25,24,25,4,21,5,19,11,3,18,24,14,10,18,23,17,11,24,12,6,15,8,5,15,6,28,11,6,23,4,17
12,17,12,10,12,9,12,17,18,10,17,12,11,21,12,9,10,9,17,10,8,19,16,7,10,7,13,8,8,11,7,8,6,12,10,15,16,7,9,3,11,7,10,6,8,4,21,10,11,9,11,10,13,3,19,17,9,10,15,4,14,5,10,18,17,10,13,20,9,11,20,7,9,13,12,10,10,17,16,11,13,11,14,17,11,9,2,4,22,21,19,13,19,8,8,13,11,19,17,5,19,9,17,19,19,12,0,9,12,6,8,13,19,16,13,20,7,9,17,11,11,12,18,18,16,11,12,12,8,4,12,6,22,2,7,8,13,7,5,17,4,9,10,10,11,8,11,22,6,10,17,12,5
17,20,5,4,5,3,10,18,21,4,18,17,4,23,8,3,4,6,18,3,7,22,17,8,2,16,8,6,6,8,13,10,8,8,15,17,17,6,8,11,9,16,8,10,14,13,22,9,8,3,8,3,6,9,20,19,2,3,16,7,20,10,4,19,19,11,7,21,15,4,21,6,5,9,19,7,9,18,21,2,7,7,18,19,9,8,10,9,25,25,20,19,20,12,13,8,3,20,19,8,21,18,19,20,20,7,11,0,9,9,17,7,20,17,19,20,13,2,19,7,8,18,21,19,19,4,18,5,17,8,5,15,19,11,10,13,18,12,8,18,11,8,10,9,4,10,10,23,11,9,18,8,14
17,24,9,10,7,9,3,24,26,8,24,22,9,28,7,10,10,10,24,10,6,22,24,12,11,16,6,9,12,8,17,16,13,6,21,23,23,11,5,11,6,16,6,9,13,16,27,5,4,10,5,9,7,12,27,25,10,10,23,13,22,15,8,25,24,17,7,28,15,9,27,13,11,6,21,8,3,25,21,12,9,9,23,24,3,5,13,14,26,25,26,22,26,18,19,6,10,26,25,8,27,18,25,27,26,5,13,10,0,13,17,7,26,23,21,26,18,10,25,7,14,21,24,25,25,7,21,8,18,11,6,18,25,14,9,18,23,18,12,25,11,6,16,5,9,16,3,27,10,5,24,4,16
16,21,10,8,9,7,12,19,22,8,20,15,9,24,11,7,8,6,20,8,7,22,19,3,9,12,12,6,6,9,10,10,3,11,13,18,19,5,9,6,11,11,9,9,11,8,24,9,10,7,10,8,11,4,22,20,7,8,18,2,18,6,8,20,20,13,11,23,13,9,23,6,7,13,16,9,10,20,19,9,11,9,17,20,11,9,6,5,25,25,21,17,22,10,12,13,9,21,20,7,22,13,20,22,22,10,6,8,12,0,12,11,21,18,17,22,11,8,21,9,9,16,22,20,19,9,16,10,12,4,10,11,22,6,9,12,17,9,2,20,7,9,11,9,9,11,11,25,8,9,19,12,9
6,13,17,15,16,15,15,16,14,16,15,9,15,19,16,15,15,14,16,16,12,13,15,12,16,3,16,13,14,15,6,11,12,15,9,15,15,13,13,6,14,2,14,10,6,7,18,12,13,15,14,16,16,9,18,16,15,16,14,10,9,11,15,15,15,11,16,19,3,17,20,13,15,15,7,15,12,16,11,17,17,16,11,15,13,13,8,10,17,16,17,10,18,10,8,15,16,18,16,10,18,5,15,18,19,15,8,15,14,12,0,17,18,14,9,20,7,15,14,15,17,9,14,17,12,16,8,17,7,10,16,7,22,7,10,7,10,10,12,16,7,13,15,11,16,9,14,17,10,13,14,15,6
18,24,4,5,2,4,6,22,25,4,22,21,4,27,5,5,6,8,22,5,6,24,21,10,7,17,4,8,8,6,17,14,10,4,19,21,21,8,6,12,6,17,5,11,15,16,26,8,4,5,5,5,3,11,24,23,5,5,20,9,23,13,3,23,23,15,3,25,16,4,25,10,9,6,22,6,6,22,22,7,7,6,22,23,5,6,13,12,27,26,24,23,24,16,17,5,5,24,23,9,25,19,23,24,24,3,13,6,6,11,18,0,24,21,23,24,17,5,23,5,11,22,25,23,23,2,22,4,19,11,1,18,23,14,11,17,22,16,10,22,12,6,14,8,4,14,7,27,11,6,22,5,16
17,7,24,23,24,22,27,5,9,23,8,11,23,5,27,22,23,23,3,23,24,10,6,24,23,16,27,23,21,26,16,16,23,27,14,5,7,21,25,20,26,18,26,22,20,19,4,23,25,22,26,22,25,21,9,7,21,22,6,21,12,19,23,5,6,12,26,3,19,23,21,19,21,27,13,25,24,7,14,23,25,24,10,4,25,25,19,19,13,13,10,11,9,15,16,27,23,9,7,23,9,15,9,9,20,26,20,22,26,23,18,26,0,9,12,21,16,22,10,26,24,12,9,3,11,24,12,24,18,22,24,18,23,18,23,15,9,16,22,6,21,25,19,23,24,13,26,12,22,25,9,27,18
15,9,21,21,22,20,26,4,9,20,7,9,21,10,24,20,20,20,8,20,21,12,7,21,20,13,24,20,19,23,13,13,20,25,11,4,5,19,23,17,25,16,23,21,19,16,11,23,24,19,24,20,23,19,8,4,19,19,5,18,13,16,20,9,9,9,23,9,17,21,18,16,19,25,11,23,23,8,14,21,23,22,8,9,24,23,17,16,15,15,5,9,5,13,13,25,20,5,4,20,6,13,7,8,17,23,17,19,25,20,15,23,9,0,10,18,13,19,8,23,21,10,10,8,9,21,10,22,15,19,22,15,20,16,21,13,7,14,20,8,18,23,16,23,21,10,25,13,21,23,7,25,15
8,7,21,21,22,20,21,9,7,20,9,2,21,15,22,20,20,19,11,20,17,10,9,17,20,7,22,18,19,20,9,13,17,21,7,8,8,18,19,12,20,10,20,15,14,11,12,19,20,19,20,20,23,14,13,11,19,19,9,15,5,16,20,9,9,9,23,13,11,21,18,16,19,21,4,20,19,10,6,21,23,21,5,8,20,19,13,15,12,12,12,2,12,12,10,21,20,12,10,15,12,7,8,13,17,21,13,19,21,17,8,23,12,10,0,17,9,19,8,21,21,3,8,12,5,21,4,22,11,15,22,11,19,12,16,8,4,13,17,10,13,19,16,19,21,10,20,12,15,19,8,21,11
21,19,21,21,22,20,26,17,20,21,17,16,21,22,24,20,21,20,17,21,21,21,17,23,20,17,25,20,20,23,16,16,22,25,14,16,16,20,22,21,25,20,23,24,23,19,22,23,24,20,24,20,23,22,20,18,19,20,16,20,19,19,21,18,18,12,24,21,21,21,5,19,20,26,19,23,23,18,20,21,23,22,18,18,24,23,20,19,24,24,19,18,20,16,16,25,20,19,18,22,20,18,18,20,3,24,20,19,25,23,19,24,19,16,18,0,16,19,18,23,18,18,21,18,19,21,17,22,19,22,22,19,2,19,24,15,17,16,22,18,22,22,19,23,21,13,25,23,25,23,17,25,18
9,13,16,16,17,14,17,13,14,15,14,7,16,18,18,14,15,15,13,15,13,16,13,13,15,5,18,14,13,17,1,7,13,17,5,12,12,13,15,8,16,6,16,11,10,5,18,15,16,14,16,15,18,9,16,14,14,14,12,10,10,10,15,14,14,6,18,17,7,16,16,11,14,17,9,16,15,14,11,16,17,17,9,14,16,15,7,10,18,17,15,10,16,7,4,18,15,15,14,11,16,7,13,16,15,17,8,14,17,12,6,18,15,12,9,15,0,14,13,17,16,9,14,14,11,16,8,17,6,10,17,5,17,6,12,2,9,7,12,14,9,15,11,16,16,5,16,17,11,15,13,17,5
17,20,4,3,4,2,9,18,21,3,18,17,3,23,7,2,3,6,18,3,7,22,17,7,3,16,7,6,5,7,13,10,7,7,15,17,17,5,8,10,8,16,7,10,14,13,22,9,7,2,7,3,5,8,20,19,2,2,17,7,20,10,3,19,19,11,6,21,15,4,21,6,5,8,19,6,9,18,21,4,6,6,18,19,8,8,11,10,25,25,20,19,20,12,13,8,3,20,19,8,21,18,19,20,20,6,10,2,9,8,17,6,20,17,19,20,13,0,19,7,8,18,21,19,19,3,18,4,16,8,4,15,19,11,10,13,18,12,7,19,11,7,10,9,4,10,9,23,11,8,18,7,13
12,3,21,20,21,19,25,6,4,20,2,6,20,11,24,19,20,19,7,20,21,10,5,20,19,11,24,20,18,22,13,13,20,24,10,5,4,18,22,15,24,14,23,19,17,15,8,23,23,19,23,19,22,18,11,8,18,19,4,18,7,16,20,5,5,9,23,9,15,20,18,16,18,25,8,22,22,5,9,20,22,21,5,5,23,22,16,16,12,11,10,6,9,12,13,24,19,9,8,18,10,10,2,11,17,23,17,18,24,20,12,23,8,7,7,17,13,18,0,23,21,7,4,8,4,20,7,21,14,19,21,15,19,15,20,12,4,13,19,7,17,22,16,23,20,9,24,12,19,22,3,24,14
17,24,8,5,6,5,7,22,25,5,22,21,5,27,3,6,6,6,22,7,4,22,22,10,8,16,7,6,9,3,17,14,10,5,20,21,21,9,4,10,6,15,2,10,14,14,27,6,4,6,3,7,5,11,25,23,7,7,21,10,22,13,5,23,23,15,4,26,15,7,26,11,10,6,20,3,5,23,21,9,9,4,23,23,5,4,12,13,26,25,24,22,25,16,17,7,7,24,23,7,25,17,23,25,25,3,12,7,6,10,16,5,24,21,21,24,17,6,23,0,12,21,24,23,24,6,20,6,18,9,5,16,24,12,10,17,22,16,9,23,10,4,14,6,6,14,5,27,10,4,22,5,14
21,22,11,11,12,9,16,20,23,10,21,20,11,25,14,9,10,10,21,10,11,24,20,11,10,18,14,10,8,13,16,13,10,14,18,19,20,8,12,12,15,17,13,14,17,15,25,13,14,9,14,10,13,10,23,21,9,9,19,8,23,12,10,22,21,14,13,24,19,11,23,9,8,15,22,12,13,21,24,11,12,12,21,21,14,13,12,11,28,28,22,21,23,14,16,14,10,22,21,12,23,19,21,23,22,13,12,9,15,12,18,13,22,19,21,19,16,9,22,13,0,21,24,21,22,11,21,12,18,11,12,17,19,13,14,15,20,14,11,21,13,12,12,13,11,12,14,26,15,13,20,15,15
6,8,21,20,21,19,20,10,8,20,9,3,20,16,21,19,19,17,12,20,16,11,10,16,19,6,21,17,18,19,8,12,16,20,6,9,9,17,17,10,19,9,18,14,13,10,13,18,18,19,19,19,21,13,13,11,18,19,10,14,6,15,20,10,10,8,21,13,10,20,17,16,18,20,3,19,17,11,7,20,22,20,5,9,19,18,12,14,13,13,13,3,12,12,9,20,20,12,11,14,13,5,9,13,16,20,12,18,19,16,7,22,13,10,3,17,8,18,8,19,21,0,9,12,6,20,3,21,10,14,21,10,19,11,15,7,4,12,16,12,12,17,16,18,20,9,19,13,14,18,8,20,10
12,2,23,23,24,22,25,9,4,23,6,9,23,11,26,22,22,22,7,22,23,7,5,23,22,13,26,23,21,25,14,15,23,25,12,8,8,21,23,17,24,15,24,20,18,17,8,21,23,21,24,22,25,20,14,11,21,22,7,20,6,18,23,5,3,11,26,10,16,23,21,18,21,25,9,25,22,6,8,23,25,24,8,4,23,23,18,18,10,9,13,8,12,15,15,25,22,12,11,20,13,11,6,14,20,25,19,21,24,22,13,26,8,10,8,20,14,21,5,25,23,10,0,8,6,23,10,24,17,21,24,17,22,17,21,14,7,16,22,5,18,24,18,21,23,12,24,9,20,23,6,25,16
16,8,22,22,23,21,27,4,8,22,7,10,22,7,26,21,22,21,3,22,23,9,4,22,21,15,26,22,20,24,15,15,22,26,13,4,6,20,24,19,26,17,25,22,20,17,6,23,25,21,25,21,24,20,8,7,20,21,5,19,12,17,22,6,6,11,25,3,18,22,20,18,20,27,12,24,24,6,14,22,24,23,10,5,26,24,18,17,13,13,10,10,8,14,15,26,21,8,7,22,8,14,8,8,19,25,19,20,26,21,16,25,2,8,11,19,15,20,8,24,23,12,9,0,10,22,12,23,17,21,23,17,21,17,23,14,8,15,21,6,20,24,18,23,22,11,26,11,22,24,8,26,17
10,5,21,21,22,19,23,7,5,20,5,4,21,13,24,20,20,20,9,20,20,10,7,20,20,9,24,20,18,23,11,13,20,23,9,6,6,18,21,14,22,12,22,18,16,13,10,22,22,19,22,20,23,16,11,8,19,19,7,17,6,16,20,6,7,9,23,11,14,21,18,16,19,24,6,22,21,7,8,21,22,22,4,6,22,21,15,16,13,12,11,4,10,13,12,24,20,10,8,17,10,9,5,11,17,23,15,19,23,19,11,23,10,8,5,18,11,19,4,23,21,6,5,10,0,21,6,22,13,17,22,13,20,14,18,10,2,13,19,8,15,21,16,22,21,10,22,12,18,21,5,23,13
18,24,5,4,3,4,7,22,24,4,22,21,3,26,5,5,5,7,22,5,6,24,21,10,7,18,4,7,8,7,17,14,10,5,19,20,21,8,7,12,6,17,5,11,15,16,26,8,5,5,5,5,3,11,24,22,5,5,20,10,23,13,3,23,22,15,4,25,16,4,25,10,9,6,22,6,6,22,22,7,7,6,22,22,6,7,14,13,27,26,23,22,24,15,17,5,5,24,22,9,24,20,22,24,24,3,13,6,6,11,18,3,24,21,22,23,17,5,23,6,11,22,25,23,23,0,22,2,19,11,1,18,23,14,11,16,21,15,10,22,12,6,13,8,4,13,7,27,12,6,21,5,16
7,9,21,19,20,18,19,11,9,19,11,3,19,17,20,18,18,16,13,19,15,12,11,15,19,5,20,16,17,18,7,12,15,19,7,10,10,16,16,9,18,8,17,13,11,9,14,17,17,18,18,19,20,12,15,12,18,19,11,13,6,14,19,10,11,9,20,14,9,20,18,16,18,19,3,18,16,12,7,20,21,19,6,10,17,16,11,13,14,13,14,5,14,11,9,19,20,13,12,12,14,4,10,15,17,19,11,18,18,15,7,21,14,11,4,18,8,19,10,18,20,3,10,14,7,20,0,20,9,13,20,9,20,9,14,8,5,12,14,12,11,16,16,17,20,10,18,13,13,17,9,19,9
18,23,5,4,3,3,7,21,23,2,21,20,3,25,6,4,5,6,21,4,7,24,20,9,5,17,5,7,7,7,16,13,9,6,18,19,20,6,8,12,7,17,6,11,15,14,25,9,5,4,6,4,4,10,23,22,4,4,19,8,23,12,2,22,21,14,4,24,16,4,24,9,7,7,22,6,7,21,22,6,7,6,21,21,6,8,12,11,27,26,23,21,23,15,16,6,4,23,21,9,23,19,21,23,23,4,12,5,7,10,18,4,23,20,21,23,16,4,22,6,10,21,24,22,22,2,21,0,18,9,3,16,22,12,11,16,21,15,9,21,12,7,13,9,3,13,8,26,12,7,21,6,15
10,14,16,15,16,14,16,14,15,14,14,9,15,19,16,13,14,13,14,15,12,17,13,11,15,5,17,13,12,15,3,7,11,16,7,13,13,11,13,6,15,6,14,10,9,3,18,14,14,13,15,14,17,7,16,15,13,14,12,8,12,9,14,15,15,7,17,17,7,15,17,11,13,16,9,15,13,14,13,15,17,16,11,15,14,13,6,8,19,19,16,11,16,6,5,16,15,16,15,9,17,7,15,16,16,16,6,14,15,10,6,17,16,13,10,17,3,14,14,15,15,10,16,15,13,15,9,16,0,9,16,3,19,4,10,4,10,7,10,15,8,13,12,14,15,5,15,19,10,13,14,16,3
14,19,11,9,10,8,11,19,20,9,19,14,9,24,10,7,8,6,19,9,6,20,18,4,9,9,12,6,7,9,9,10,5,10,12,18,18,6,7,4,10,9,8,6,9,7,23,8,9,8,9,9,11,3,21,20,8,9,17,3,16,6,9,20,20,12,11,22,11,10,22,7,8,11,13,8,8,19,18,10,12,9,16,20,9,7,4,5,23,22,21,15,21,10,10,11,9,21,20,3,22,11,20,21,21,10,4,8,10,5,10,11,21,18,14,22,9,8,19,9,10,14,20,20,18,9,14,10,10,0,10,9,23,5,6,10,15,9,4,19,4,7,12,8,9,10,10,24,6,8,19,10,7
20,25,6,6,4,5,8,23,26,5,23,22,5,28,6,6,7,9,23,7,7,25,23,12,8,19,6,9,9,8,19,15,11,6,21,22,22,9,8,14,7,18,7,12,16,17,28,9,6,6,6,6,4,12,26,24,7,7,22,11,24,15,5,24,24,16,5,27,17,5,27,11,10,7,23,7,8,24,24,8,9,8,24,24,7,8,15,14,28,28,25,24,26,17,18,6,7,25,24,11,26,21,24,26,26,5,15,7,7,13,20,2,25,22,24,25,19,6,24,7,13,24,27,24,25,4,23,5,20,12,0,19,25,15,12,18,23,17,11,24,14,7,15,9,5,15,8,29,13,7,23,6,17
10,15,16,14,16,13,16,14,15,14,14,9,15,19,16,13,14,13,14,14,12,17,14,11,15,5,17,13,12,15,3,8,11,16,7,13,13,11,13,6,15,6,14,10,9,3,19,14,14,13,15,14,17,7,17,15,13,14,13,8,12,9,14,15,15,7,17,18,7,15,17,11,13,16,9,14,13,15,13,15,17,16,11,15,14,13,5,8,19,19,16,11,17,6,5,16,15,16,15,9,17,7,15,17,16,16,6,14,15,10,6,17,16,13,10,17,3,14,14,15,15,10,16,15,13,15,9,16,5,8,16,0,19,4,10,4,10,7,10,15,7,13,12,14,15,6,15,19,10,13,14,16,3
25,23,21,20,21,19,25,21,23,20,21,20,20,25,24,19,20,19,21,20,21,24,20,22,20,20,24,20,19,22,19,19,22,24,17,19,20,19,22,23,24,23,23,24,27,22,25,23,23,19,23,19,22,21,23,21,18,19,19,20,23,22,20,22,21,15,23,24,24,20,6,20,19,25,22,22,23,21,24,20,22,21,21,21,24,22,23,22,28,28,23,21,23,19,19,24,20,23,21,22,23,22,21,23,6,23,24,19,24,23,22,23,23,20,21,4,19,19,22,22,17,21,24,22,22,21,21,21,23,22,22,22,0,22,23,18,20,20,22,21,24,22,23,23,21,16,24,26,24,22,21,24,22
10,16,14,13,14,12,13,16,16,12,16,10,13,20,14,11,12,11,16,13,10,18,15,9,13,6,14,11,10,13,6,7,9,14,9,14,15,9,11,4,13,6,12,8,7,3,20,12,12,11,12,13,15,5,18,16,11,12,14,6,13,7,12,17,16,9,15,19,7,13,19,9,11,14,10,12,11,16,14,13,15,13,12,16,12,11,4,6,20,20,17,11,18,7,7,14,13,18,16,7,18,7,16,18,18,13,4,12,13,8,6,15,18,15,11,19,6,12,15,13,13,10,17,17,14,13,10,14,6,6,14,5,21,0,8,7,11,7,8,16,5,11,10,12,13,7,12,20,8,11,15,13,3
12,19,12,10,11,11,10,23,20,11,21,17,10,22,11,10,10,7,21,11,6,17,19,8,11,11,11,7,11,9,13,14,10,10,16,21,22,9,7,6,9,10,9,2,8,10,21,6,8,10,9,11,11,7,25,23,10,11,21,8,16,10,10,20,19,16,11,24,10,12,26,12,11,10,16,9,7,21,16,12,12,10,18,19,8,7,9,9,20,20,24,17,25,14,14,10,11,24,23,4,25,13,22,25,25,10,8,10,9,9,11,12,22,21,17,26,13,10,21,10,14,16,19,22,20,11,16,12,13,6,11,13,25,8,0,13,18,13,8,20,6,8,16,6,11,14,8,21,3,8,22,10,11
9,13,15,15,16,14,17,13,13,14,13,7,15,17,18,14,14,14,13,14,14,15,12,12,14,5,18,14,13,17,2,6,12,18,5,11,12,12,15,8,17,6,16,12,10,5,17,16,16,13,17,14,17,9,15,13,13,13,11,10,10,10,14,14,13,5,17,16,8,15,16,10,13,18,9,16,15,13,11,15,17,16,9,13,16,15,7,9,17,17,14,9,15,6,3,18,14,15,13,11,15,7,13,15,15,17,7,13,17,12,6,17,15,12,9,15,2,13,12,17,15,8,14,14,11,15,8,16,6,10,16,5,17,6,12,0,8,6,11,13,9,15,10,16,15,4,16,17,12,15,12,17,5
8,6,20,20,20,18,21,6,6,19,6,3,20,12,22,18,19,19,8,19,18,12,8,18,19,8,22,19,17,21,9,12,18,22,7,5,5,17,19,12,21,11,20,16,14,11,11,20,20,18,21,19,21,14,10,7,17,18,6,16,6,15,19,7,8,8,22,10,12,19,17,15,17,22,4,20,19,8,8,19,21,21,2,7,20,19,13,15,14,13,10,3,9,12,10,22,19,9,7,15,9,7,5,10,16,21,14,18,21,17,9,22,10,7,4,17,9,18,5,21,20,4,7,9,3,20,4,21,11,15,21,11,19,12,16,9,0,12,17,9,13,19,15,20,20,9,20,13,16,19,4,21,11
13,16,14,13,14,12,17,14,16,13,14,11,14,18,17,12,13,12,14,13,13,17,13,10,13,9,17,12,11,15,6,3,10,17,9,12,13,10,15,8,17,10,16,12,11,6,18,15,16,12,16,13,16,8,16,14,12,12,12,7,14,5,13,15,14,7,16,17,11,14,17,9,12,18,13,15,15,14,15,14,16,15,13,14,16,15,6,5,21,21,15,13,16,3,7,18,13,16,14,11,16,11,14,16,16,16,7,12,17,9,10,16,16,13,12,17,6,12,15,15,14,12,17,15,15,14,12,15,10,8,15,8,19,5,12,6,12,0,9,14,9,15,8,15,14,5,16,19,12,15,14,17,7
15,20,9,8,9,7,13,18,21,7,18,14,8,23,11,6,7,6,18,8,8,21,18,3,8,10,11,6,5,9,9,9,3,12,12,17,17,4,9,5,12,10,10,7,10,7,23,10,10,6,10,8,10,3,21,19,6,7,17,1,17,5,7,19,19,11,10,22,12,8,22,5,6,13,15,9,10,19,18,8,10,9,16,19,11,9,5,4,24,24,20,16,21,9,11,12,8,20,19,5,21,12,19,21,21,10,5,7,12,2,11,10,20,17,16,21,10,7,19,9,8,15,21,19,18,8,15,9,11,3,9,9,21,5,8,10,15,8,0,19,6,9,10,10,8,10,12,24,7,9,18,12,8
15,5,22,21,22,20,25,8,6,21,6,10,21,7,25,20,21,20,6,21,22,8,4,21,20,14,25,21,19,23,14,14,21,25,12,7,6,19,23,18,25,16,24,21,18,16,5,22,24,20,24,20,23,19,12,9,19,20,5,19,9,17,21,3,4,10,24,6,17,21,19,17,19,26,12,23,23,5,11,21,23,22,9,2,24,23,17,17,11,11,12,10,11,13,14,25,20,11,9,21,11,13,7,11,18,24,18,19,25,21,15,24,4,9,11,18,14,19,7,24,22,11,6,6,9,21,11,22,16,20,22,16,20,16,21,13,8,14,20,0,19,23,17,22,21,10,24,9,21,23,7,25,16
12,18,12,9,11,10,10,19,19,10,19,13,10,23,10,9,9,7,19,11,6,17,19,7,10,8,11,7,9,9,9,11,7,10,12,18,18,8,7,3,9,8,8,4,6,7,22,8,8,10,8,10,11,4,21,20,9,10,18,5,15,7,9,20,19,13,11,23,9,11,23,9,10,10,12,8,7,20,16,11,12,9,15,19,8,7,5,6,21,20,21,14,21,11,11,10,10,21,20,3,22,10,19,21,22,10,5,9,9,7,9,12,21,18,13,22,10,9,19,9,12,13,19,20,16,10,12,11,10,4,11,9,24,5,4,10,14,10,6,20,0,7,13,8,11,11,9,22,4,7,18,10,7
15,22,8,6,6,7,6,22,24,7,22,19,6,26,4,6,6,5,22,8,2,21,21,9,9,14,7,5,10,3,15,14,9,4,18,21,21,9,3,8,6,13,2,8,12,13,25,4,3,7,3,8,6,9,24,23,8,8,21,9,20,12,6,23,22,15,5,25,13,8,25,10,9,6,18,3,4,22,19,10,9,5,21,23,5,3,11,11,24,23,24,20,24,16,16,6,8,24,23,5,25,16,23,24,24,3,10,8,5,9,15,6,24,21,19,24,15,7,23,4,12,19,23,23,22,6,18,7,16,8,5,15,23,11,8,16,20,15,8,23,9,0,14,5,7,14,5,25,9,3,22,5,13
17,16,13,12,13,11,17,14,16,12,14,13,12,18,16,11,12,12,14,12,13,17,13,13,11,12,16,12,10,15,9,6,11,16,11,12,13,10,14,11,16,13,15,15,14,10,18,15,15,11,16,11,14,10,16,14,10,11,12,10,16,8,12,15,14,7,15,17,15,12,17,8,10,17,15,14,15,14,17,12,14,13,14,14,16,14,10,8,21,21,15,14,16,8,9,16,12,16,14,13,16,14,14,16,16,15,10,10,17,12,13,15,16,13,14,17,9,10,15,15,13,14,17,15,15,12,14,13,13,11,13,11,19,9,16,8,13,8,11,14,13,14,0,15,12,5,16,19,15,14,14,16,11
14,21,10,7,8,7,6,22,23,7,22,19,7,25,7,7,7,6,22,9,3,19,21,9,9,14,8,6,9,6,15,14,10,6,18,20,21,9,3,9,7,13,5,6,11,13,24,1,5,8,5,9,8,9,24,22,7,8,20,9,19,12,7,22,21,15,8,25,12,9,25,10,9,7,18,5,2,22,18,9,10,6,21,21,4,3,11,11,23,22,23,20,24,16,17,8,9,24,22,6,24,16,22,24,24,6,10,8,5,10,14,8,24,21,19,23,15,8,23,6,11,19,21,23,22,8,18,8,16,8,7,15,23,11,6,16,20,15,9,22,9,4,13,0,8,13,4,24,7,4,22,6,13
18,21,3,4,4,3,9,19,22,2,20,19,3,24,7,4,5,7,19,3,8,23,19,9,4,18,7,7,7,7,15,11,9,7,17,18,18,6,9,12,8,17,7,11,15,15,24,10,7,4,7,1,5,10,22,20,2,2,18,8,21,12,3,20,20,13,6,23,16,2,23,8,7,8,21,7,9,20,22,4,6,6,20,20,8,9,12,11,26,27,21,20,22,13,15,8,2,21,20,10,22,19,20,22,22,6,12,3,9,10,18,6,21,18,20,21,15,4,20,7,9,20,23,20,21,3,20,4,18,9,4,17,21,13,11,14,19,13,9,20,13,8,11,10,0,11,9,25,12,9,19,7,15
12,13,14,13,14,12,18,11,13,13,11,8,13,15,17,12,13,13,11,13,14,15,10,12,13,7,17,13,11,16,4,5,12,17,6,9,10,11,15,9,17,8,16,13,12,7,15,16,16,12,17,12,15,9,13,12,11,12,9,10,11,7,13,12,11,4,16,14,10,13,14,9,11,18,10,15,16,11,12,13,15,14,10,12,17,15,7,7,18,18,13,10,13,3,4,17,13,13,11,12,13,9,11,13,13,16,8,12,18,12,8,16,13,10,10,14,4,12,12,16,14,9,14,12,12,14,9,14,8,11,14,6,16,6,13,4,9,4,11,11,10,15,9,16,13,0,17,16,13,15,11,17,7
16,23,9,9,7,8,4,24,25,8,24,21,8,27,6,9,9,9,24,10,6,22,23,12,11,16,7,9,11,8,17,16,13,5,20,22,23,11,5,11,6,15,5,9,13,15,26,4,4,9,5,9,7,11,26,24,9,10,22,12,21,15,8,25,23,17,7,27,14,8,27,12,11,6,20,7,3,24,20,12,9,9,23,24,3,5,13,14,25,25,26,22,26,18,19,7,10,26,24,8,26,18,24,26,26,5,13,10,4,13,16,7,26,23,21,26,17,10,25,7,14,21,24,25,24,7,20,8,18,10,6,17,25,13,9,18,22,18,11,24,11,6,16,4,9,15,0,26,10,5,24,5,15
15,10,27,25,27,25,25,13,11,26,11,14,25,14,26,25,25,24,11,26,23,7,9,26,26,16,26,25,24,26,18,19,26,25,16,12,12,25,23,21,24,17,24,20,18,21,13,21,24,25,24,26,27,23,18,15,25,25,11,24,10,22,25,10,9,15,27,15,17,27,24,22,25,25,13,25,22,11,11,27,27,26,15,9,24,23,22,22,5,5,17,13,16,19,19,25,26,16,15,22,17,15,13,17,23,25,22,25,25,26,17,27,13,15,13,24,18,25,13,26,27,14,11,12,14,26,15,27,20,24,26,21,26,21,21,17,13,20,26,10,21,24,22,21,26,16,24,0,20,23,12,25,20
12,19,12,10,11,10,10,21,21,10,21,15,10,23,11,10,9,8,21,11,7,18,20,8,11,10,11,8,11,10,11,12,8,10,14,20,20,9,8,5,9,8,9,3,6,9,22,8,8,10,9,11,11,5,23,22,10,10,20,6,16,8,10,20,19,14,11,24,9,12,25,10,11,10,14,10,7,22,16,12,12,11,17,20,8,8,7,7,21,20,23,16,23,12,13,10,11,23,22,4,24,12,21,23,23,10,6,10,9,8,9,12,23,20,15,24,12,10,21,10,13,15,20,22,18,11,14,12,12,5,11,11,25,7,4,12,16,12,7,20,5,8,14,8,11,13,9,22,0,8,20,10,9
15,22,9,6,7,7,7,22,24,7,22,19,7,26,6,7,7,6,22,8,3,21,22,9,9,14,7,6,10,5,15,14,10,5,18,21,21,9,1,9,6,14,3,8,12,13,25,3,4,7,4,9,7,9,25,23,8,9,21,9,20,12,7,23,22,15,7,26,13,8,26,11,10,7,18,5,4,23,19,10,9,6,21,23,5,1,11,11,24,23,24,20,25,16,17,7,9,24,23,6,25,16,23,25,25,5,10,8,6,10,15,8,24,21,19,24,16,8,23,5,12,19,23,23,22,7,18,8,16,8,7,15,23,11,8,16,20,16,8,23,9,2,14,3,8,14,5,25,9,0,22,6,13
13,5,20,20,21,19,25,6,5,20,2,7,20,12,24,19,20,19,7,20,21,10,6,20,19,12,24,20,18,22,13,13,20,24,11,4,3,18,22,17,24,15,23,20,19,15,10,23,23,19,23,19,22,18,10,7,18,19,3,17,9,15,20,6,7,9,23,9,16,20,18,15,18,25,9,22,23,6,11,20,22,21,7,6,24,22,16,15,13,13,9,7,8,12,12,24,19,8,7,20,9,12,2,10,17,23,17,18,24,19,14,23,9,7,8,17,13,18,4,22,21,9,6,8,5,20,9,21,15,19,21,15,19,15,21,12,5,13,19,7,18,22,16,23,20,9,24,12,20,22,0,24,15
17,24,7,8,5,7,3,24,25,7,24,21,7,28,5,8,9,9,24,8,5,22,23,12,10,16,4,9,11,7,17,16,13,4,21,23,23,11,5,11,4,15,5,9,13,15,26,6,3,8,4,8,5,12,26,25,8,8,22,12,21,15,6,25,24,17,5,27,15,7,27,12,11,4,20,6,5,24,21,10,6,8,23,24,4,5,13,14,25,25,26,22,26,18,19,4,8,26,25,8,27,18,25,26,26,4,13,9,4,12,17,6,26,23,21,26,18,8,25,6,14,21,24,25,24,5,20,7,18,10,5,17,25,13,9,18,22,18,11,24,11,5,16,6,7,16,5,26,10,5,24,0,16
9,15,16,15,16,14,16,15,15,15,15,9,15,19,16,13,14,13,15,15,12,17,15,11,15,5,17,13,13,15,5,9,11,16,8,14,14,11,13,6,15,5,14,10,9,4,19,14,14,14,15,15,17,7,17,16,14,14,14,9,12,9,15,16,16,9,17,18,6,16,19,11,13,16,9,14,13,15,13,16,18,16,11,16,14,13,6,8,19,19,16,11,17,8,7,16,15,17,15,9,17,6,15,17,18,16,6,14,15,10,5,18,17,14,10,19,5,14,14,15,15,9,16,16,13,15,9,16,5,8,16,4,21,4,10,6,10,9,10,16,7,13,12,14,15,8,15,19,10,13,14,16,0
