Name: bar-n10-m4-c2-OD-small
Type: GPDPOD-IMC
Commodity type: 4
Compartment num: 2
CapacityHD: 100
VehicleHDs: 4
CapacityOD: 50
VehicleODs: 2
ID Xc Yc DEMAND StartT EndT SerT PairedID
0,41.3722496,2.1636008,[0, 0, 0, 0],0,240,0,0
1,41.3745388,2.1254753,[14, 6, 2, 24],81,201,10,6
2,41.4433485,2.1807613,[7, 2, 1, 15],15,135,10,7
3,41.3995238,2.1961495,[14, 6, 2, 30],83,203,10,8
4,41.3819329,2.0795768,[14, 6, 2, 24],0,88,10,9
5,41.3630995,2.0686934,[7, 2, 1, 10],127,240,10,10
6,41.383981,2.0602456,[-14, -6, -2, -24],104,221,10,1
7,41.3737407,2.1591137,[-7, -2, -1, -15],44,164,10,2
8,41.3857565,2.0988148,[-14, -6, -2, -30],112,226,10,3
9,41.3238794,2.0912046,[-14, -6, -2, -24],26,146,10,4
10,41.376774,2.1326213,[-7, -2, -1, -10],153,234,10,5
StartID EndID StartX StartY EndX EndY StartT EndT
11,13,41.4497458,2.2077945,41.4625924,2.2398991,118,478
12,14,41.4493932,2.2198353,41.4477782,2.2093682,43,445
edge
0,9,18,9,16,19,19,3,14,16,8,17,18,18,16
7,0,17,14,10,13,13,7,8,14,3,19,22,22,20
18,16,0,13,16,19,18,19,14,23,16,6,8,8,6
10,14,12,0,20,23,22,11,18,20,13,12,13,12,11
15,10,18,21,0,9,6,15,6,16,11,21,23,23,22
18,12,20,22,8,0,10,17,10,14,13,23,26,25,24
19,13,20,23,6,8,0,18,10,19,14,22,25,25,23
3,8,17,10,15,18,17,0,13,16,7,18,20,20,18
14,8,16,18,5,10,9,13,0,16,10,18,21,21,19
13,12,23,18,14,14,18,14,14,0,13,24,25,24,23
6,3,16,13,11,13,14,6,9,14,0,19,21,21,19
16,20,6,12,19,23,22,18,18,26,20,0,4,8,1
18,22,8,13,21,25,24,19,19,27,21,4,0,8,4
20,22,9,16,22,25,24,22,20,29,22,7,9,0,8
16,20,6,12,19,23,22,18,17,26,20,2,3,7,0
