Name: bar-n5-m4-c2-OD-large
Type: GPDPOD-IMC
Commodity type: 4
Compartment num: 2
CapacityHD: 100
VehicleHDs: 2
CapacityOD: 50
VehicleODs: 6
ID Xc Yc DEMAND StartT EndT SerT PairedID
0,41.3722496,2.1636008,[0, 0, 0, 0],0,240,0,0
1,41.3684347,2.0991589,[7, 2, 1, 16],67,187,10,3
2,41.3189186,2.1017005,[14, 6, 2, 7],0,240,10,4
3,41.4505409,2.2368208,[-7, -2, -1, -16],105,223,10,1
4,41.4269596,2.2253214,[-14, -6, -2, -7],0,240,10,2
StartID EndID StartX StartY EndX EndY StartT EndT
5,11,41.4166572,2.1910521,41.386186,2.1769304,112,478
6,12,41.4368981,2.2348379,41.4303138,2.1855012,127,466
7,13,41.4250776,2.2272202,41.4251356,2.0984945,0,720
8,14,41.4558747,2.2072483,41.4295296,2.1805525,0,720
9,15,41.452299,2.2327227,41.444196,2.2231824,128,464
10,16,41.4531346,2.2269082,41.4114417,2.1724649,0,720
edge
0,14,15,16,13,12,15,13,16,18,18,7,16,19,15,19,12
12,0,12,24,23,18,24,23,18,24,22,15,19,16,18,24,17
14,12,0,24,20,21,23,21,24,25,26,16,25,23,24,26,21
17,24,25,0,8,11,6,8,9,3,5,14,12,25,14,7,14
14,22,22,7,0,9,4,1,7,8,8,11,9,23,11,8,11
14,19,22,11,9,0,10,9,9,12,12,10,5,20,5,13,4
16,23,24,6,4,11,0,4,9,6,6,14,11,24,13,7,13
14,22,22,7,2,9,5,0,7,8,8,12,9,23,11,9,11
18,19,26,7,10,11,8,10,0,7,5,15,8,20,9,7,12
16,23,24,3,8,11,5,8,8,0,4,14,12,24,13,7,13
18,22,26,4,8,12,6,8,5,2,0,15,10,23,11,4,14
6,16,15,13,10,8,12,10,13,15,15,0,11,18,11,16,7
15,18,24,12,10,4,11,10,6,11,9,12,0,19,2,11,5
19,15,22,25,24,20,25,24,19,24,23,18,20,0,19,25,18
15,19,24,12,10,4,11,10,7,12,10,12,3,20,0,12,6
17,24,25,5,7,11,5,7,7,6,4,14,10,25,12,0,13
11,15,20,13,11,5,12,12,10,14,14,8,7,16,6,15,0
