Name: bar-n5-m4-c3-OD-large
Type: GPDPOD-IMC
Commodity type: 4
Compartment num: 3
CapacityHD: 100
VehicleHDs: 2
CapacityOD: 50
VehicleODs: 6
ID Xc Yc DEMAND StartT EndT SerT PairedID
0,41.3722496,2.1636008,[0, 0, 0, 0],0,240,0,0
1,41.4316293,2.1786367,[7, 2, 1, 10],61,181,10,3
2,41.3944368,2.108011,[3, 1, 0, 8],80,200,10,4
3,41.4183301,2.1435178,[-7, -2, -1, -10],82,202,10,1
4,41.4603961,2.2397338,[-3, -1, 0, -8],107,221,10,2
StartID EndID StartX StartY EndX EndY StartT EndT
5,11,41.3783978,2.1277763,41.441527,2.2275919,42,495
6,12,41.322348,2.0923512,41.4401413,2.1478097,89,491
7,13,41.4465068,2.237916,41.4190316,2.182984,0,720
8,14,41.44524,2.2213186,41.3734167,2.0916796,42,495
9,15,41.3728922,2.081481,41.4406968,2.2181021,13,475
10,16,41.4042244,2.1494187,41.4237267,2.1660094,0,720
edge
0,15,12,14,18,8,15,17,18,16,14,17,19,13,15,18,15
15,0,15,9,10,14,24,13,12,18,12,12,9,4,17,11,6
12,13,0,8,17,6,15,21,20,8,10,20,12,14,7,18,13
13,9,9,0,14,10,19,18,17,12,7,17,9,10,11,15,8
19,12,19,15,0,21,28,5,9,22,20,8,14,14,21,10,16
7,15,8,12,22,0,13,21,22,9,11,21,16,13,8,20,15
14,23,14,18,25,13,0,24,25,14,19,24,22,22,12,25,24
16,13,20,16,4,20,24,0,5,23,20,4,15,11,22,7,15
18,11,19,15,8,21,27,6,0,22,19,5,14,12,21,4,15
14,19,9,13,23,9,13,27,25,0,16,26,17,19,5,24,18
10,10,9,7,18,8,19,17,18,14,0,17,12,9,13,17,10
17,12,21,17,6,21,25,4,4,24,20,0,16,11,23,5,15
17,9,10,6,14,13,21,17,16,14,11,16,0,11,13,15,9
12,4,13,9,12,12,22,11,12,17,10,11,10,0,16,10,5
13,16,6,11,20,8,12,24,23,5,14,23,15,17,0,21,16
17,10,19,15,9,20,25,7,4,22,19,6,14,10,21,0,14
15,5,12,6,13,13,23,16,15,16,11,15,8,6,15,13,0
