Name: bar-n30-m4-c3-OD-large
Type: GPDPOD-IMC
Commodity type: 4
Compartment num: 3
CapacityHD: 100
VehicleHDs: 7
CapacityOD: 50
VehicleODs: 36
ID Xc Yc DEMAND StartT EndT SerT PairedID
0,41.3722496,2.1636008,[0, 0, 0, 0],0,240,0,0
1,41.3719594,2.1121604,[7, 2, 1, 9],43,163,10,16
2,41.3284942,2.086668,[7, 2, 1, 15],0,76,10,17
3,41.4520396,2.2128935,[14, 6, 2, 35],0,117,10,18
4,41.352645,2.110783,[14, 6, 2, 24],66,186,10,19
5,41.4426591,2.1749909,[3, 1, 0, 5],6,126,10,20
6,41.455319,2.2086932,[14, 6, 2, 23],0,240,10,21
7,41.3544296,2.0735694,[14, 6, 2, 16],25,145,10,22
8,41.4446179,2.2398851,[7, 2, 1, 12],33,153,10,23
9,41.4130442,2.1544329,[14, 6, 2, 8],140,240,10,24
10,41.4537473,2.2091072,[14, 6, 2, 21],124,240,10,25
11,41.4531224,2.2063556,[14, 6, 2, 8],112,232,10,26
12,41.4486016,2.2381093,[7, 2, 1, 17],95,215,10,27
13,41.36181,2.0787349,[14, 6, 2, 25],17,137,10,28
14,41.4478675,2.2063436,[7, 2, 1, 12],0,113,10,29
15,41.4493932,2.2198353,[14, 6, 2, 19],43,163,10,30
16,41.4087687,2.1412546,[-7, -2, -1, -9],65,185,10,1
17,41.4604654,2.2089974,[-7, -2, -1, -15],33,153,10,2
18,41.4046304,2.2047496,[-14, -6, -2, -35],22,142,10,3
19,41.3701104,2.1271576,[-14, -6, -2, -24],84,204,10,4
20,41.4517244,2.2208757,[-3, -1, 0, -5],23,143,10,5
21,41.4173957,2.2100637,[-14, -6, -2, -23],0,240,10,6
22,41.3906531,2.0730443,[-14, -6, -2, -16],48,168,10,7
23,41.3182357,2.0824932,[-7, -2, -1, -12],69,189,10,8
24,41.3769211,2.1677816,[-14, -6, -2, -8],162,237,10,9
25,41.3721633,2.0983271,[-14, -6, -2, -21],156,227,10,10
26,41.3909772,2.1735894,[-14, -6, -2, -8],142,233,10,11
27,41.4073995,2.1365981,[-7, -2, -1, -17],123,229,10,12
28,41.3708687,2.1286978,[-14, -6, -2, -25],38,158,10,13
29,41.4406278,2.1892066,[-7, -2, -1, -12],16,136,10,14
30,41.4477782,2.2093682,[-14, -6, -2, -19],57,177,10,15
StartID EndID StartX StartY EndX EndY StartT EndT
31,67,41.439989,2.2290181,41.3720005,2.100837,38,497
32,68,41.448492,2.226258,41.4012418,2.1629208,87,519
33,69,41.3872974,2.1778131,41.3557355,2.105888,14,449
34,70,41.3550009,2.1001943,41.4292184,2.219643,107,467
35,71,41.3627279,2.0988052,41.3765834,2.1454686,73,499
36,72,41.4381564,2.219303,41.4048157,2.139768,66,501
37,73,41.4531346,2.2269082,41.4114417,2.1724649,0,720
38,74,41.4487614,2.2160931,41.4029761,2.1475665,117,477
39,75,41.3242511,2.0918881,41.4381083,2.20708,62,521
40,76,41.4316293,2.1786367,41.4183301,2.1435178,61,484
41,77,41.3887689,2.1516108,41.3783691,2.1225161,129,462
42,78,41.4425434,2.213546,41.376977,2.1712554,59,506
43,79,41.4457797,2.2150333,41.3678151,2.0851413,98,482
44,80,41.3745388,2.1254753,41.383981,2.0602456,81,501
45,81,41.4582638,2.0713341,41.4065696,2.1451119,0,441
46,82,41.437641,2.2298148,41.4692218,2.0813928,0,468
47,83,41.4470474,2.2197586,41.4076473,2.1545724,0,441
48,84,41.357915,2.0903896,41.4207853,2.1543114,33,471
49,85,41.4552567,2.2151101,41.3626952,2.0778621,85,502
50,86,41.4569328,2.0624987,41.3711077,2.1131479,90,510
51,87,41.351608,2.0737941,41.3672918,2.1148142,37,454
52,88,41.4566576,2.2133261,41.4436988,2.2252387,3,411
53,89,41.388833,2.0858048,41.3914257,2.1634969,89,521
54,90,41.4203347,2.154988,41.449529,2.2162535,0,429
55,91,41.4404673,2.2378337,41.4449382,2.2241955,0,411
56,92,41.4160758,2.1764666,41.4112566,2.1908185,0,405
57,93,41.4534576,2.2083022,41.3928679,2.1517648,0,720
58,94,41.3328466,2.0921043,41.3745313,2.1450922,104,497
59,95,41.445783,2.2219608,41.4064027,2.1558441,0,447
60,96,41.3819329,2.0795768,41.3238794,2.0912046,0,438
61,97,41.3584274,2.1049355,41.4311022,2.1876125,111,471
62,98,41.444587,2.2195466,41.4093525,2.1758077,98,491
63,99,41.4623355,2.2014148,41.3832447,2.074934,75,522
64,100,41.3519567,2.0735431,41.4181979,2.1769714,55,502
65,101,41.4551417,2.2083596,41.4500306,2.2226654,68,476
66,102,41.4433485,2.1807613,41.3737407,2.1591137,15,462
edge
0,12,16,17,12,18,17,16,17,13,18,18,17,18,17,18,14,18,11,10,18,13,19,16,3,14,7,12,9,17,16,15,18,7,13,14,16,18,17,15,15,7,16,17,9,22,15,18,14,19,21,15,18,18,14,16,13,18,16,19,16,13,18,18,15,17,18,15,9,13,15,6,11,12,10,16,14,9,7,15,19,12,24,12,14,17,12,12,17,7,17,19,12,8,6,12,16,16,11,17,13,19,3
11,0,13,20,7,16,19,10,25,15,20,20,24,10,19,22,12,20,18,7,20,19,10,13,13,4,13,12,6,18,20,23,23,14,6,6,22,22,20,13,17,10,20,21,5,19,22,22,6,20,18,9,19,11,13,24,16,20,13,23,8,5,22,20,9,19,17,4,13,6,21,8,11,16,12,20,12,5,13,8,11,13,21,14,13,10,1,4,23,12,20,23,16,10,8,14,15,21,15,8,16,23,10
12,11,0,22,7,21,22,10,23,18,23,23,22,11,22,23,17,23,17,10,23,19,15,4,12,11,14,15,9,23,21,21,24,14,8,9,22,24,22,2,21,13,22,22,10,24,20,23,8,24,23,8,23,16,18,21,19,23,2,24,13,7,23,23,8,22,21,11,16,8,20,11,14,19,15,21,17,11,14,10,16,16,26,17,18,11,11,10,22,14,22,24,18,14,11,17,3,23,18,13,19,24,12
18,20,27,0,24,8,2,24,8,15,2,3,8,21,3,4,15,4,12,22,3,9,23,25,17,20,16,14,21,6,4,6,5,16,22,21,6,4,2,27,9,18,5,3,21,23,7,4,21,2,23,23,3,22,14,8,12,2,27,5,20,22,4,5,23,2,7,21,14,23,8,20,14,12,15,6,13,19,20,19,22,15,21,15,14,21,21,23,5,16,2,5,12,17,21,16,27,9,13,20,12,5,19
11,6,8,23,0,19,22,9,24,17,23,23,23,9,22,25,15,23,18,8,23,20,13,8,13,6,14,14,7,21,23,22,25,15,3,5,23,25,23,8,20,12,23,24,9,22,22,25,5,23,21,7,22,14,16,23,18,23,8,25,11,2,25,23,7,22,19,6,15,3,21,10,13,17,14,23,15,9,13,7,14,15,24,15,16,8,6,5,23,13,23,25,17,13,10,16,9,22,17,11,18,26,11
17,16,23,7,19,0,6,20,13,10,7,7,12,17,6,9,10,7,11,17,7,9,18,21,17,15,13,10,16,5,7,10,10,14,18,16,9,9,7,23,4,13,7,8,16,19,10,9,16,7,19,19,6,17,9,12,6,7,22,10,15,17,9,7,19,6,3,16,10,19,9,16,9,8,11,7,8,14,16,14,18,10,20,10,9,16,17,18,10,12,7,10,9,13,17,11,23,8,8,16,6,10,17
19,21,27,3,24,9,0,25,9,16,1,2,9,22,4,5,15,4,13,22,4,10,23,26,18,20,17,15,21,7,4,7,6,17,22,21,8,5,3,28,9,18,6,5,21,24,8,5,21,4,24,24,3,22,14,9,13,2,27,6,20,22,5,5,24,1,7,21,15,24,9,21,14,13,16,7,13,19,21,19,23,15,21,16,14,21,22,23,6,17,3,7,13,18,22,16,28,9,13,21,12,6,20
16,10,12,22,8,18,21,0,27,18,22,22,26,5,22,24,15,22,21,13,23,23,12,11,16,8,18,14,12,21,22,25,25,18,7,6,25,24,22,13,20,15,23,24,12,21,24,25,4,23,21,2,22,14,16,26,19,22,12,26,10,7,24,22,2,22,19,9,17,8,24,14,14,19,15,22,14,11,18,7,12,15,23,16,16,5,10,10,25,16,22,26,21,14,14,16,13,23,19,10,19,25,16
17,24,26,7,23,12,8,26,0,17,9,9,2,25,8,6,19,9,11,22,6,7,26,26,16,24,15,18,21,11,9,3,5,14,24,25,6,6,7,25,13,17,7,7,22,27,4,5,24,7,27,25,8,26,18,5,13,8,26,6,24,23,6,10,25,9,11,24,15,24,7,19,17,13,17,9,17,21,19,23,26,17,25,17,18,25,24,24,4,15,7,6,11,17,20,18,26,12,13,24,13,6,18
12,12,19,14,15,11,14,18,17,0,15,15,17,16,13,16,7,15,11,12,15,12,17,19,12,14,9,6,11,11,14,15,17,10,16,15,15,16,14,19,8,8,15,16,11,18,15,17,15,15,17,17,15,16,7,16,6,15,19,18,14,15,16,15,17,14,11,15,6,16,14,10,4,6,5,14,6,9,11,13,16,4,20,3,7,15,13,14,17,7,14,18,8,7,12,5,21,11,6,15,6,17,12
18,20,27,2,23,8,2,24,8,15,0,2,8,21,4,4,14,3,13,21,3,9,22,25,17,19,17,14,20,6,4,7,6,16,22,21,7,5,3,27,9,18,5,4,20,23,7,5,20,3,23,23,2,21,13,8,12,1,27,6,20,21,5,4,23,2,7,20,15,23,8,20,13,12,15,7,12,19,21,18,22,15,20,16,13,21,21,22,6,16,2,6,12,17,22,16,27,9,13,20,12,6,20
17,19,26,3,22,7,3,23,8,14,4,0,9,20,2,5,13,4,12,20,3,8,21,24,16,19,16,13,20,5,3,7,6,15,21,20,7,5,3,26,8,17,5,4,19,22,7,5,19,4,22,22,3,21,12,9,11,4,26,6,19,21,5,4,22,3,6,19,13,22,8,19,12,11,14,6,11,18,19,18,21,14,19,14,13,20,20,21,6,15,3,6,11,16,20,15,26,8,11,19,10,6,19
15,23,25,6,21,11,8,25,2,15,8,8,0,24,8,6,17,8,10,21,5,6,25,25,14,22,14,17,20,10,8,3,4,13,23,24,5,5,6,24,12,15,7,6,21,26,4,5,23,7,26,23,8,25,16,5,12,8,25,5,23,22,5,10,23,8,10,23,14,23,6,18,16,12,16,8,15,20,18,22,25,16,23,15,16,24,23,23,4,14,6,5,10,16,19,17,25,11,12,23,12,6,17
16,9,12,22,10,18,21,6,27,17,22,22,27,0,21,24,14,22,22,12,22,23,9,11,17,8,17,14,11,20,22,25,25,19,8,6,24,24,22,13,19,14,22,23,11,20,25,24,5,22,20,6,21,11,15,27,18,22,13,25,7,8,24,22,6,21,18,8,16,9,24,14,13,19,15,22,14,11,18,5,9,15,22,16,15,1,10,10,25,16,22,25,20,14,13,16,13,23,18,7,18,25,16
16,19,25,3,22,7,4,23,8,14,4,4,8,20,0,4,14,5,10,21,3,7,22,24,15,19,14,13,20,6,1,7,6,13,21,20,5,5,2,25,8,16,3,3,20,22,7,4,20,4,22,22,4,21,13,8,11,4,25,6,19,21,4,5,22,4,6,20,14,22,6,18,13,12,14,4,12,18,18,18,21,14,20,15,13,20,20,22,6,14,2,6,10,16,19,15,25,8,12,19,11,6,17
18,22,27,3,24,10,5,26,8,16,5,5,8,23,4,0,16,6,12,23,3,9,24,26,17,21,17,16,22,7,4,7,6,16,23,22,6,5,3,27,10,18,5,3,22,25,7,4,22,5,25,25,5,23,15,8,13,5,27,6,21,23,4,7,25,5,8,22,16,24,8,20,15,14,16,6,14,20,20,20,24,16,22,17,15,22,23,24,6,16,3,6,12,18,22,17,27,10,14,22,13,5,19
13,13,20,16,16,12,15,18,20,8,15,16,20,16,15,17,0,16,14,13,16,15,17,19,13,14,10,6,12,14,15,18,19,11,16,15,18,18,16,20,11,9,16,17,12,18,18,18,15,16,17,17,15,16,7,19,9,16,20,19,14,16,18,16,17,15,12,15,9,17,17,12,5,9,6,16,6,10,12,13,17,5,20,6,7,15,14,15,19,8,16,19,12,8,13,6,21,15,10,15,9,19,13
18,19,26,3,22,7,2,23,10,14,3,4,10,20,4,6,13,0,12,20,5,9,21,24,17,18,16,13,19,6,4,8,7,16,21,20,8,6,4,26,9,17,6,5,19,22,8,6,19,4,22,22,3,20,12,10,11,3,26,7,19,20,6,3,22,2,6,19,14,22,8,20,12,12,14,7,11,18,20,18,21,14,19,15,12,20,20,21,7,16,4,7,12,16,21,15,26,9,12,19,11,7,19
10,18,20,12,16,11,12,20,12,11,12,13,11,21,11,12,14,13,0,17,12,6,24,19,9,21,8,13,16,10,10,10,13,8,18,20,11,13,11,19,8,11,11,12,16,26,9,12,18,13,25,18,12,23,12,11,8,13,20,13,21,17,13,13,18,12,12,21,10,18,9,13,12,9,12,10,14,16,12,20,24,12,26,11,12,21,19,18,11,9,11,13,5,11,14,12,20,9,8,22,8,13,12
9,6,11,21,7,17,20,12,23,13,21,21,22,12,21,23,13,21,16,0,22,17,14,12,10,9,11,10,2,19,21,21,24,12,8,8,21,23,21,12,16,8,22,23,3,19,20,23,8,22,19,11,21,14,14,22,14,21,11,24,12,7,23,21,11,20,18,9,11,8,19,6,9,14,10,20,13,4,10,11,15,11,21,11,14,12,6,6,22,10,21,24,14,8,6,12,13,19,13,12,14,24,8
18,22,28,4,24,10,5,26,6,17,5,5,6,23,5,3,16,7,13,23,0,9,24,27,17,21,17,16,22,8,5,5,4,16,24,23,5,3,3,27,11,19,5,4,22,25,5,3,22,4,25,25,5,23,15,6,14,5,28,4,22,24,5,7,25,5,9,22,16,25,8,21,15,14,17,7,14,21,21,21,24,17,22,17,15,23,23,24,3,17,3,4,12,19,22,18,28,10,14,22,13,3,20
13,20,22,8,19,11,9,22,8,12,9,9,8,24,8,9,15,9,5,18,9,0,25,22,12,22,11,14,17,9,7,6,9,11,20,22,7,9,8,22,8,12,8,9,17,26,6,9,20,10,25,21,9,24,13,7,8,10,22,10,22,20,9,9,21,9,10,22,11,20,6,15,13,9,13,6,14,17,15,21,24,13,23,12,13,23,20,21,8,10,8,10,6,12,16,13,22,8,9,23,8,10,14
18,10,18,24,14,20,23,13,29,19,23,24,29,9,23,25,16,24,24,13,24,25,0,16,19,9,19,15,13,22,23,27,27,20,13,12,26,26,24,18,21,16,24,25,12,22,27,26,11,24,22,12,23,8,17,28,20,24,18,27,4,12,26,24,12,23,20,10,18,13,25,15,15,21,16,24,16,12,19,9,5,17,24,18,17,10,11,13,27,17,24,27,22,15,14,18,18,24,20,3,20,27,17
14,12,3,24,8,21,24,11,24,20,25,25,24,11,24,25,17,25,18,12,25,20,15,0,14,11,16,17,11,23,23,22,25,16,9,9,23,25,24,3,22,15,23,24,12,23,22,25,8,25,23,10,24,16,18,23,21,25,5,25,13,8,25,25,10,24,21,11,18,10,22,13,16,20,17,23,17,12,16,10,16,18,26,18,18,11,12,11,24,16,24,25,20,16,13,19,3,25,20,13,21,26,14
3,11,15,18,11,15,18,17,18,10,19,18,17,17,17,19,12,19,12,9,18,13,18,16,0,13,5,10,8,15,17,16,19,6,13,13,16,19,17,16,12,4,17,18,8,20,16,19,14,19,20,16,18,17,12,17,10,19,15,19,15,12,19,19,16,18,16,14,7,13,15,5,8,10,8,15,11,8,4,14,18,10,22,10,12,16,11,11,17,5,17,19,10,5,6,9,17,14,9,16,10,19,4
13,5,13,20,7,15,19,10,25,15,19,20,25,8,19,21,12,20,20,9,20,21,9,12,15,0,15,11,8,18,19,23,23,16,6,6,22,22,20,13,17,12,20,21,7,18,23,22,6,20,18,9,19,10,13,24,16,20,13,23,6,5,22,19,9,19,16,2,14,6,21,10,11,17,13,19,12,7,15,5,10,13,20,14,13,8,5,6,23,13,20,23,18,11,10,14,14,20,16,7,16,23,12
7,12,17,15,13,13,15,18,15,8,16,16,14,18,14,16,10,16,8,11,15,10,18,17,7,15,0,9,10,12,14,13,16,3,14,15,14,16,14,17,10,5,14,15,10,21,12,15,15,16,20,16,15,18,10,13,8,16,17,16,16,14,15,16,17,15,13,16,5,14,12,7,7,7,6,13,10,10,6,15,18,8,23,7,10,17,13,13,14,3,14,16,7,6,7,8,18,12,6,16,8,16,7
11,10,17,13,13,9,12,16,19,7,13,13,19,13,13,15,5,13,13,10,14,14,14,17,11,11,8,0,9,12,13,17,16,10,14,13,16,15,13,18,10,7,14,15,10,15,17,16,12,14,14,15,13,13,6,18,8,13,17,17,12,13,15,13,15,13,10,12,7,14,15,9,2,8,4,13,5,8,10,10,14,4,17,6,5,13,11,13,16,7,13,17,11,5,11,6,19,14,9,12,8,16,11
8,5,11,21,7,17,20,11,22,12,20,21,22,11,20,22,12,21,16,2,21,17,13,11,10,8,11,9,0,19,20,20,23,12,7,7,20,23,21,11,16,7,21,22,2,19,20,23,7,21,18,10,20,13,13,21,13,21,11,23,11,6,22,21,10,20,17,8,11,7,19,5,8,13,9,19,12,4,10,10,14,10,21,11,13,11,5,5,21,9,21,23,13,7,5,11,12,18,12,11,13,24,7
17,18,25,6,22,5,5,22,11,12,6,6,11,19,4,7,13,6,10,20,6,8,21,23,16,18,13,12,19,0,5,9,9,15,20,19,7,8,6,25,5,14,6,7,19,22,9,8,19,7,21,21,6,20,11,11,8,6,25,9,18,20,8,6,21,5,4,19,11,21,7,16,12,9,13,5,11,17,17,17,20,12,20,12,11,19,19,21,9,12,6,9,8,14,17,13,25,4,9,19,8,9,18
16,20,26,2,22,8,4,24,8,14,4,3,8,21,2,3,14,5,11,21,3,8,22,25,16,19,15,14,20,5,0,6,5,14,22,20,6,4,2,25,8,17,3,3,20,23,7,4,20,3,23,23,4,21,13,8,11,3,26,5,19,21,4,4,23,4,6,20,13,23,7,19,13,11,15,5,12,19,19,18,22,15,20,14,13,20,21,22,5,15,1,5,11,17,20,16,26,8,12,20,11,5,18
15,23,25,6,21,11,7,25,3,15,7,7,4,24,7,5,17,9,9,21,5,6,25,24,14,22,14,17,20,9,7,0,4,13,23,24,3,4,5,24,11,15,5,5,21,26,2,4,23,6,26,23,7,24,16,3,11,7,25,4,22,22,4,9,23,7,10,23,14,23,5,18,16,12,16,7,15,20,18,21,25,16,23,15,16,23,23,23,3,14,5,4,9,16,19,16,25,9,12,23,12,5,17
17,23,27,4,23,10,5,26,5,17,5,6,5,24,5,3,17,7,12,23,3,8,25,27,16,22,16,17,22,8,6,3,0,15,24,23,4,2,4,26,11,18,5,4,23,26,4,2,23,4,25,25,5,24,16,5,14,5,27,2,22,24,3,7,25,5,9,23,16,25,7,20,16,14,17,8,15,21,20,21,25,17,23,17,16,23,24,25,2,16,3,3,12,18,21,18,27,11,14,23,13,3,19
7,13,17,15,14,13,15,17,15,9,15,16,14,18,14,16,11,16,9,11,15,11,19,17,6,16,2,10,10,13,14,13,16,0,15,16,14,16,14,16,10,6,14,15,11,21,12,16,15,16,21,16,15,18,11,14,8,16,17,16,16,14,16,16,16,15,14,16,5,15,12,7,7,8,7,14,10,11,7,16,19,9,23,8,11,18,13,14,14,4,14,16,7,6,8,8,17,12,7,17,9,16,8
13,7,10,21,4,17,20,7,26,17,21,21,25,7,21,23,14,21,20,9,22,22,12,9,14,7,15,13,8,20,21,24,24,16,0,4,24,23,21,10,19,13,22,23,9,20,23,24,3,22,19,6,21,13,15,25,18,21,10,25,10,3,23,21,6,20,18,6,16,4,23,11,13,18,14,21,13,9,14,6,12,14,22,15,15,7,7,6,24,15,21,25,19,13,10,15,11,22,18,10,18,24,12
14,7,13,22,7,18,21,9,27,18,22,22,27,8,21,24,14,22,22,10,22,23,12,13,16,6,17,14,9,20,22,25,25,18,6,0,24,24,22,13,19,13,22,23,9,21,25,24,5,22,20,8,21,13,15,27,18,22,12,25,10,5,24,22,8,21,19,6,17,6,24,12,13,19,15,22,14,9,16,7,13,15,23,16,15,8,7,6,25,15,22,25,20,13,12,16,14,23,18,10,19,25,14
16,22,25,5,22,10,7,25,7,14,7,7,7,23,5,6,16,8,10,21,6,6,24,25,15,21,14,16,20,8,5,4,6,13,23,22,0,6,5,24,9,15,4,5,20,25,5,5,22,7,25,24,7,23,15,7,10,7,25,6,21,22,4,8,24,7,9,22,13,23,4,17,15,11,15,4,14,19,18,20,24,15,22,14,15,22,23,23,4,13,5,6,9,15,18,16,25,8,11,22,11,7,17
18,22,27,4,24,10,5,26,5,17,5,6,5,23,5,4,17,6,12,24,3,9,24,27,17,22,17,16,23,8,6,5,4,16,24,23,6,0,4,27,11,18,6,5,22,25,5,3,23,4,25,25,5,24,16,7,14,5,27,4,22,24,5,7,25,5,9,22,16,25,8,20,16,14,17,8,15,21,20,21,24,17,23,17,16,23,23,25,4,16,3,4,12,18,22,18,27,11,14,22,13,4,19
16,20,26,2,22,8,3,24,8,15,3,4,8,21,3,2,14,5,11,22,2,8,22,25,16,20,15,14,21,6,3,6,5,14,22,21,5,4,0,25,9,17,3,2,20,23,6,3,20,3,23,23,4,22,13,8,12,3,26,4,20,22,3,5,23,4,7,20,14,23,7,19,14,12,15,5,13,19,19,19,22,15,21,15,14,21,21,22,5,15,1,5,11,17,20,16,26,9,13,20,11,5,18
14,13,3,24,9,23,24,12,25,20,25,25,24,13,24,25,19,25,19,12,25,21,17,3,14,13,16,17,11,25,23,23,26,16,10,11,24,26,24,0,23,15,24,24,12,26,22,25,10,26,25,10,25,18,20,23,21,25,4,26,15,9,25,25,10,24,23,13,18,10,22,13,16,21,17,23,19,13,16,12,18,18,28,19,20,13,13,12,24,16,24,26,20,16,13,19,3,25,20,15,21,26,14
15,17,23,8,19,5,8,22,14,8,8,8,14,19,7,10,11,9,8,17,9,8,20,23,16,18,11,10,16,5,7,11,11,12,20,19,10,10,8,24,0,12,9,9,16,22,12,10,19,9,21,21,8,20,8,13,5,9,23,11,18,20,10,9,21,8,5,18,8,21,10,14,9,6,9,7,9,14,14,17,20,9,21,8,8,19,18,19,11,10,8,11,6,12,15,9,25,5,6,18,4,11,15
7,9,16,17,12,14,17,16,18,8,18,17,17,14,16,18,10,18,11,8,18,12,14,16,7,11,6,7,7,14,16,16,19,7,13,13,16,19,17,16,11,0,17,18,8,17,15,18,13,18,17,15,17,14,10,17,9,18,16,19,12,12,18,18,16,17,14,11,6,13,14,5,6,8,5,15,9,6,6,11,14,7,19,7,10,13,10,11,17,5,17,19,9,2,7,7,18,13,7,12,9,19,7
16,20,26,4,22,8,5,24,8,15,6,5,8,21,4,5,14,7,11,21,4,7,22,25,15,19,15,14,20,6,3,5,6,14,22,21,4,6,3,25,10,16,0,3,20,23,7,4,20,5,23,23,6,21,13,8,11,5,26,4,20,22,3,7,23,6,7,20,13,23,6,18,13,11,15,5,12,19,19,19,22,15,20,15,13,21,21,22,5,14,3,4,10,16,19,16,26,8,12,20,11,5,18
17,21,27,3,23,9,5,25,8,16,5,5,8,22,4,3,15,6,11,22,4,8,23,26,16,20,16,15,21,7,4,6,5,15,23,21,4,4,3,26,10,17,3,0,21,24,7,3,21,5,24,24,5,22,14,8,12,5,26,4,20,22,2,7,24,5,8,21,15,24,7,20,14,13,16,6,13,20,20,19,23,16,21,16,14,21,22,23,5,15,3,4,11,17,21,17,27,9,13,21,13,5,19
7,5,12,20,8,16,19,13,21,12,20,20,21,12,19,22,12,20,15,3,21,16,12,12,9,7,10,9,2,18,20,19,22,11,8,8,19,22,20,13,15,7,20,21,0,18,19,22,9,20,18,12,20,12,13,20,13,20,12,23,10,7,22,20,12,19,17,8,10,8,18,4,8,13,8,18,12,2,9,10,13,9,20,10,13,12,5,6,21,8,20,23,13,7,4,10,14,17,12,10,13,23,7
22,19,25,21,22,20,20,23,27,20,21,21,26,20,21,23,17,21,26,20,22,23,21,23,22,18,20,15,19,21,21,25,24,22,20,19,23,23,21,26,22,18,21,22,19,0,24,24,19,22,4,22,21,20,17,26,21,21,25,25,18,20,23,21,22,21,20,19,19,21,23,19,16,21,17,21,16,17,21,17,21,17,4,18,17,19,20,21,24,19,21,25,23,17,20,18,26,23,21,19,21,24,22
16,23,25,7,22,12,8,25,4,16,8,9,5,25,8,6,18,10,10,22,6,7,26,25,15,23,15,18,21,10,8,2,5,14,23,24,4,5,7,25,12,16,6,6,21,27,0,5,23,7,26,24,8,25,17,4,12,8,25,6,23,23,5,10,24,8,11,24,14,23,6,18,17,13,17,7,16,20,18,22,26,17,24,16,17,24,24,24,4,14,6,5,10,16,20,17,25,10,13,24,13,6,17
18,22,27,4,24,9,5,25,8,17,5,6,9,23,4,3,16,7,12,23,4,9,24,26,17,21,16,16,22,8,5,6,6,16,23,22,5,5,3,27,11,18,3,2,22,24,7,0,22,5,24,24,6,23,15,9,13,5,27,5,21,23,3,7,24,6,9,22,15,24,8,20,15,13,16,6,14,20,20,20,23,16,22,17,15,22,22,24,5,16,3,5,12,18,21,17,27,10,14,22,13,5,19
14,7,11,19,5,15,18,4,25,15,19,19,25,5,19,21,12,19,20,10,20,21,10,9,15,5,15,11,8,18,19,23,23,16,4,3,22,21,19,11,17,12,20,21,9,18,23,22,0,20,18,4,19,11,13,24,16,19,10,23,8,3,21,19,3,19,16,6,14,5,21,11,11,16,12,19,11,9,15,4,11,12,20,13,13,5,7,6,22,13,19,23,18,11,11,13,11,20,16,8,16,22,13
19,22,28,3,25,10,4,26,8,16,4,4,8,23,5,5,16,5,13,23,2,10,24,26,18,21,18,16,22,7,5,6,5,17,23,22,7,4,3,28,10,19,6,4,22,25,7,5,22,0,25,25,3,23,15,8,13,4,28,5,21,23,5,6,25,4,8,22,16,24,9,21,15,13,16,7,14,20,21,20,24,16,22,17,15,22,23,24,5,17,3,5,13,18,23,17,29,10,14,22,13,5,20
21,18,24,23,21,19,22,21,29,19,23,23,28,19,22,25,16,23,24,19,24,25,20,22,21,17,19,14,18,21,23,26,26,21,19,18,25,25,23,25,20,17,23,24,18,3,26,25,18,23,0,20,22,19,16,28,20,23,24,26,17,19,25,23,20,22,20,18,18,20,25,18,14,20,15,23,15,16,20,16,19,16,6,17,16,18,19,20,26,18,23,26,22,16,19,17,25,24,20,18,20,26,20
16,10,11,22,8,18,21,3,26,18,22,22,26,6,21,24,15,22,20,13,23,22,13,10,16,8,18,14,11,20,22,24,25,18,7,6,25,24,22,12,20,15,23,23,11,21,24,24,4,23,20,0,22,14,16,25,19,22,12,25,10,6,24,22,1,21,19,8,17,8,24,14,14,19,15,22,14,11,18,7,13,15,23,16,15,6,10,9,25,16,22,26,20,14,14,16,13,23,19,11,19,25,16
19,21,28,3,24,9,3,25,8,16,3,4,9,22,5,5,15,4,14,22,3,11,23,26,19,20,18,15,21,7,5,7,6,17,23,21,8,5,4,28,10,19,6,5,21,24,7,6,21,1,24,24,0,22,14,9,13,3,27,6,20,22,6,5,24,3,8,21,16,24,10,22,14,14,16,8,13,19,22,19,23,15,21,16,14,21,22,23,6,18,4,6,14,18,22,17,28,10,14,21,13,6,21
16,9,17,22,13,18,21,13,28,18,22,22,27,9,21,24,14,22,22,12,22,23,5,15,18,8,17,14,11,20,22,25,25,18,12,10,24,24,22,17,19,14,22,23,11,21,25,24,10,22,20,12,21,0,15,27,18,22,16,25,4,11,24,22,12,21,19,9,16,12,24,13,13,19,15,22,14,11,18,8,7,15,23,16,15,10,10,11,25,15,22,25,20,13,13,16,17,23,18,4,19,25,16
14,14,21,13,16,9,12,18,18,6,13,13,17,15,12,15,6,13,11,14,14,12,16,19,14,14,10,6,13,10,13,16,16,12,16,15,15,15,13,21,7,10,14,15,13,18,15,15,14,14,17,17,13,16,0,17,6,13,21,16,14,16,15,13,17,13,10,14,7,17,14,12,6,7,6,12,4,11,13,13,16,6,20,6,1,15,15,16,16,9,13,17,9,9,13,7,21,10,7,14,7,16,14
17,24,26,7,23,13,9,27,2,17,9,9,4,26,8,6,19,10,11,23,6,8,27,26,16,24,16,19,22,11,9,3,5,15,24,25,6,6,7,26,13,17,7,7,22,28,3,5,24,7,28,25,8,26,18,0,14,8,26,6,24,24,6,10,25,9,12,25,15,24,7,19,18,14,18,9,17,22,19,23,27,18,25,17,18,25,25,25,4,15,7,6,12,17,21,19,27,12,14,25,14,6,18
12,15,21,11,17,8,11,21,13,6,11,11,13,18,10,13,9,11,7,14,11,8,19,22,12,17,7,8,13,8,10,11,14,9,18,18,11,13,11,22,5,8,11,12,13,21,11,13,17,12,20,20,11,19,7,12,0,12,21,14,17,17,13,11,20,11,8,17,5,18,10,10,7,2,7,9,9,12,11,16,19,7,23,6,7,18,16,17,13,7,11,14,5,8,12,7,23,7,3,17,2,14,12
18,20,27,2,23,8,3,24,9,15,1,1,9,21,3,5,14,4,12,21,4,9,22,25,17,19,16,14,20,6,3,7,6,16,22,20,7,5,3,27,8,17,5,5,20,23,8,5,20,4,23,23,3,21,13,9,11,0,26,6,19,21,5,4,23,3,6,20,14,23,9,20,13,12,15,6,12,19,20,18,22,15,20,15,13,20,21,22,6,16,3,7,12,17,21,16,27,8,12,20,11,6,19
12,11,4,22,6,20,22,10,22,18,23,23,22,11,22,23,17,23,16,10,23,18,15,6,12,11,14,15,9,23,21,20,23,14,8,9,21,23,22,4,21,13,21,22,10,23,20,23,7,23,23,8,23,16,18,21,19,23,0,23,13,7,23,23,8,22,21,11,16,8,20,11,14,18,15,21,17,10,14,10,16,16,25,16,18,11,11,9,22,14,22,23,18,14,11,17,6,23,18,13,19,24,12
19,23,28,5,25,11,7,27,7,17,7,7,7,24,6,4,17,8,13,24,5,10,25,28,18,22,17,17,23,9,6,5,4,17,25,23,4,4,5,28,12,18,4,4,23,26,6,3,23,6,26,26,7,24,16,7,13,7,28,0,22,24,2,9,26,7,10,23,16,26,7,20,16,14,18,7,15,22,21,21,25,18,23,17,16,23,24,25,4,16,5,3,12,18,22,19,28,11,14,23,14,4,20
15,8,16,22,12,18,21,12,27,17,21,22,27,8,21,23,14,22,22,11,22,23,4,14,17,7,17,13,10,20,22,25,25,18,11,9,24,24,22,16,19,14,22,23,10,20,25,24,9,22,20,11,21,7,15,27,18,22,16,25,0,10,24,22,11,21,18,8,16,11,23,13,13,19,15,22,14,10,17,7,6,15,22,16,15,9,9,11,25,15,22,25,20,13,12,16,16,23,18,2,18,25,15
11,5,9,21,3,17,20,7,25,16,21,21,24,7,21,23,14,21,19,7,22,20,11,9,13,5,13,13,6,20,21,23,24,14,2,3,24,23,21,9,19,11,22,23,7,20,23,24,3,22,19,6,21,12,15,24,17,21,9,24,9,0,23,21,6,20,18,4,15,2,22,9,12,17,13,21,13,7,13,6,12,14,22,14,15,7,5,4,24,13,21,25,17,12,9,15,10,22,16,9,17,24,10
18,22,27,4,24,10,6,26,6,17,6,6,7,23,5,3,16,7,12,23,4,9,24,27,17,21,16,16,22,8,5,4,4,16,24,23,3,4,4,27,11,17,3,3,22,25,5,2,22,6,25,25,6,23,15,7,13,6,27,3,22,23,0,8,25,6,9,22,15,25,7,20,15,13,17,7,14,21,20,20,24,17,22,16,15,23,23,24,3,16,4,3,11,18,21,18,28,10,13,22,13,4,19
18,20,26,5,23,8,4,24,10,15,4,5,11,21,4,7,14,3,13,21,5,10,22,24,17,19,17,14,20,7,5,9,8,16,21,20,9,7,5,27,9,18,7,6,20,23,9,7,20,5,23,23,4,21,13,11,12,5,26,8,19,21,7,0,23,4,7,20,15,22,9,20,13,13,14,7,12,18,21,18,22,14,20,15,13,20,21,22,8,17,5,8,13,16,21,15,27,10,13,20,11,8,20
15,10,11,22,8,18,21,3,26,18,22,22,26,6,21,24,15,22,20,12,23,22,12,10,16,8,18,14,11,20,22,24,25,18,7,6,24,24,22,12,19,15,22,23,11,21,24,24,3,22,20,1,21,13,15,25,19,22,12,25,10,6,24,22,0,21,19,8,17,8,23,14,14,19,15,22,14,11,18,7,12,15,23,16,15,6,10,9,25,16,22,25,20,14,14,16,12,23,18,10,19,25,16
19,21,27,2,24,9,3,24,9,16,1,2,9,22,4,5,15,4,13,22,4,10,23,25,18,20,17,15,21,7,4,7,6,17,22,21,8,5,3,28,9,18,6,5,21,24,8,5,21,4,23,23,3,22,14,9,12,1,27,6,20,22,5,5,24,0,7,21,15,23,9,21,14,13,15,7,13,19,21,19,23,15,21,16,14,21,22,23,6,17,3,7,13,17,22,16,28,9,13,21,12,6,20
18,16,23,7,19,4,6,20,12,11,6,7,12,17,6,8,10,7,11,18,7,9,18,21,17,16,14,10,17,5,6,10,10,16,18,17,9,9,7,23,6,15,7,8,16,20,10,9,16,7,19,19,6,18,9,11,8,7,23,10,16,18,9,7,19,6,0,16,11,19,8,17,10,9,11,7,9,15,17,15,18,11,20,11,10,17,17,18,10,13,7,10,10,13,18,12,23,8,9,16,7,10,19
12,4,12,19,6,15,18,9,25,15,19,19,25,8,18,21,12,19,19,8,20,20,9,12,13,2,14,11,7,17,19,23,22,15,5,5,22,21,19,12,17,10,20,20,6,18,23,21,5,20,17,8,19,10,13,24,16,19,11,22,7,4,21,19,8,18,16,0,14,5,21,9,11,16,12,19,11,6,13,5,10,12,20,13,12,8,4,5,22,12,19,23,17,11,9,13,13,20,16,7,16,22,11
9,12,18,13,14,10,13,19,15,5,14,13,14,16,12,15,9,14,8,11,14,9,17,18,9,14,4,8,10,10,13,13,16,6,15,15,13,15,13,19,7,5,13,15,10,20,12,15,16,14,19,18,13,16,7,14,5,14,18,16,15,14,15,14,18,13,10,15,0,15,11,7,6,4,5,11,8,9,8,14,17,6,22,4,8,16,13,13,14,4,13,16,6,5,9,6,20,10,4,15,5,16,9
12,6,9,22,3,18,22,8,25,17,22,22,25,8,22,24,15,22,19,8,23,22,13,9,14,6,15,14,7,21,22,23,26,16,2,4,24,25,23,10,20,13,23,24,8,21,23,25,4,23,21,7,22,14,16,24,18,23,9,26,10,2,25,22,7,22,19,6,16,0,23,11,14,18,14,22,15,9,14,7,14,15,23,16,16,8,6,5,25,14,22,26,18,13,10,16,11,23,17,11,18,26,12
14,22,24,7,20,10,8,24,6,14,8,8,7,23,7,7,16,9,8,20,7,5,24,23,13,21,13,16,19,8,6,4,7,12,21,23,4,7,6,23,10,15,5,7,20,25,4,7,22,8,25,22,8,23,15,5,10,8,23,7,22,21,7,9,22,8,9,22,13,22,0,17,15,11,15,6,14,19,17,21,24,15,22,14,15,23,22,22,5,13,6,7,8,15,18,16,24,8,11,22,11,8,16
5,8,12,19,8,16,18,15,19,11,19,19,18,14,17,20,12,19,12,6,19,13,15,13,6,10,7,9,5,15,17,17,20,8,10,11,17,20,18,13,13,5,18,19,5,19,16,20,11,20,19,14,19,15,13,18,11,19,12,20,12,9,19,19,14,19,16,11,8,10,15,0,8,10,8,16,12,5,6,12,15,10,21,10,13,14,8,8,18,6,18,20,10,5,3,10,14,15,9,13,11,20,4
10,9,16,13,11,9,12,16,18,6,13,13,17,13,13,15,5,13,11,9,14,13,14,16,10,11,7,3,8,12,13,16,16,8,13,13,16,15,13,16,9,6,14,15,8,15,15,16,12,14,15,15,13,14,6,17,6,13,16,17,12,12,15,13,15,13,10,12,5,13,14,8,0,7,2,13,5,6,9,11,14,2,17,4,5,13,10,11,16,5,13,17,9,4,9,4,17,12,7,12,7,16,10
11,13,20,11,16,8,11,20,14,4,12,12,13,17,10,13,8,12,7,13,12,8,18,20,11,15,7,7,12,9,11,12,15,8,17,16,11,14,12,21,5,7,12,13,12,19,11,14,16,13,19,19,12,17,6,13,3,12,20,15,15,16,14,12,19,11,9,16,4,17,10,10,5,0,6,10,7,11,10,14,18,5,21,5,6,16,14,15,13,6,12,15,5,7,11,6,22,8,3,16,3,15,11
9,10,17,15,13,11,14,18,18,7,15,15,17,15,14,17,6,15,11,10,16,12,16,17,10,13,6,4,9,13,15,16,18,7,14,14,16,17,15,18,10,6,16,16,10,16,15,17,14,16,16,17,15,15,7,17,7,15,17,18,13,13,17,15,17,14,12,13,5,14,14,8,2,8,0,15,6,8,8,12,16,4,18,5,7,14,11,12,17,4,15,19,9,4,9,5,19,13,7,14,8,18,10
15,21,25,6,21,9,7,25,10,13,8,6,10,22,5,7,15,8,10,20,7,6,23,24,14,20,13,15,19,5,5,7,9,13,23,22,6,8,6,24,7,15,6,7,20,24,8,8,21,8,24,23,7,22,13,9,9,7,25,9,20,22,7,8,23,7,7,21,12,23,6,17,14,10,14,0,13,19,17,19,23,14,21,13,13,21,22,23,8,13,6,9,9,15,18,14,25,5,10,21,9,9,17
13,12,19,12,16,8,12,16,18,8,12,12,18,14,12,14,5,12,13,13,13,14,15,17,13,12,9,5,12,11,12,16,16,11,14,13,15,15,13,19,9,9,13,14,12,16,16,15,13,13,15,15,12,14,4,17,8,13,19,16,12,14,15,12,15,12,9,13,8,15,14,11,5,9,5,12,0,10,12,11,14,5,18,6,4,13,13,15,16,8,13,16,11,8,13,6,19,12,9,13,9,16,13
8,3,13,19,9,15,18,12,22,12,19,19,21,10,18,21,12,19,16,4,20,17,10,14,10,6,11,9,3,17,19,20,22,12,8,8,20,21,19,14,15,7,19,20,2,18,20,21,8,19,17,11,18,10,12,21,12,19,13,22,8,7,21,19,11,18,16,6,10,8,18,5,8,13,8,19,11,0,10,8,11,9,20,10,12,10,4,6,21,9,19,22,13,7,5,10,15,18,12,8,13,22,8
5,12,16,16,12,17,16,16,16,12,17,17,15,17,16,17,14,17,10,10,16,12,19,15,2,15,6,12,10,17,15,14,17,6,14,15,15,17,15,15,14,6,15,16,10,22,14,17,14,17,21,14,16,18,14,15,12,17,16,17,17,13,17,17,14,16,17,16,9,14,13,7,10,11,9,15,13,10,0,16,19,11,24,11,14,17,12,13,15,6,15,17,10,7,7,11,16,16,10,17,12,18,6
14,7,12,20,8,16,19,8,25,15,19,20,25,5,19,21,12,20,20,10,20,21,8,10,16,6,15,11,9,18,19,23,23,16,7,4,22,22,20,12,17,12,20,21,9,18,23,22,5,20,18,8,19,9,13,24,16,20,12,23,6,7,22,20,8,19,16,6,14,8,21,12,11,17,13,20,12,9,16,0,8,13,20,14,13,4,8,8,23,14,20,23,18,11,11,14,12,20,16,6,16,23,14
19,11,17,23,15,19,23,12,29,19,23,23,29,9,23,25,16,23,24,14,24,25,6,17,20,10,19,15,14,22,23,27,27,20,14,12,26,26,24,18,21,16,24,25,13,22,27,26,12,24,22,12,23,10,17,28,20,24,18,27,6,13,26,23,12,23,20,11,18,14,25,16,15,21,16,23,16,12,19,10,0,16,24,18,17,10,12,14,27,17,24,27,22,15,15,18,19,24,20,5,20,27,18
11,11,17,14,13,10,13,17,18,6,14,14,17,15,14,16,4,14,11,10,15,12,16,18,11,13,7,4,9,12,14,16,18,9,14,14,16,17,15,18,9,7,15,16,10,17,15,17,14,15,16,16,14,15,5,17,6,14,17,18,13,13,17,14,16,14,11,13,6,14,14,9,2,7,3,14,4,8,10,12,15,0,19,4,5,14,12,13,17,6,14,18,9,6,10,4,19,12,7,14,7,17,11
25,21,28,19,24,19,18,25,25,22,19,19,24,22,18,21,19,19,24,23,20,21,23,26,25,21,23,18,22,19,19,22,22,24,23,22,21,21,19,28,20,20,19,20,21,5,22,21,21,20,7,24,19,23,20,24,23,19,28,22,21,23,21,19,24,18,18,21,22,24,21,22,18,23,19,19,19,20,24,20,23,20,0,21,20,22,22,23,22,21,19,23,24,19,23,21,28,21,24,21,23,22,24
11,12,19,15,15,11,14,18,18,5,15,15,17,15,14,17,6,15,11,12,15,12,16,19,11,13,7,6,11,12,14,16,18,9,16,15,16,17,15,19,9,7,15,16,11,17,15,17,14,15,17,17,14,15,6,17,6,15,19,18,13,15,17,15,17,14,12,14,5,16,14,10,4,7,4,14,5,9,10,12,16,4,19,0,6,14,13,14,17,6,15,18,9,6,11,2,21,12,7,14,6,18,11
13,14,20,13,16,9,12,18,18,6,13,13,17,15,12,15,6,13,11,14,14,12,16,19,14,14,10,6,13,10,13,16,16,11,16,15,15,15,13,21,7,10,14,15,13,17,16,15,14,14,17,17,13,16,1,17,6,13,20,16,14,16,15,13,17,12,10,14,7,17,14,12,5,7,6,12,3,11,12,13,16,6,19,6,0,15,15,16,16,9,13,17,9,9,13,7,21,10,7,14,7,16,14
16,9,12,22,9,18,21,6,27,17,21,22,27,1,21,23,14,22,22,12,22,23,8,11,17,8,17,13,11,20,21,25,25,18,8,6,24,24,22,13,19,14,22,23,10,20,25,24,5,22,20,5,21,11,15,26,18,22,13,25,7,8,24,21,5,21,18,8,16,9,23,13,13,19,15,21,14,10,18,5,8,15,22,16,15,0,10,9,25,15,22,25,20,13,13,16,13,22,18,6,18,25,15
10,1,12,20,7,16,19,10,24,14,20,20,23,10,20,22,13,20,17,6,21,18,10,12,12,5,12,11,5,18,20,22,23,14,6,6,22,22,20,13,17,9,21,21,4,19,21,22,6,21,18,9,20,11,14,23,15,20,12,23,8,5,22,20,9,19,17,5,12,5,20,7,10,15,11,20,12,4,12,8,11,12,21,13,13,10,0,3,23,11,20,24,15,9,7,13,14,20,14,8,15,23,9
11,3,12,22,6,18,21,9,25,16,21,22,25,9,21,23,14,22,19,6,22,20,12,12,13,6,14,13,5,20,21,23,25,15,5,5,23,24,22,12,19,10,22,23,5,20,23,24,5,22,20,8,21,13,15,24,16,22,11,25,9,4,24,22,8,21,18,6,14,5,22,8,12,16,12,22,14,6,13,8,13,13,22,14,15,9,3,0,24,12,22,25,16,10,8,14,13,21,15,10,17,25,11
18,24,27,5,24,11,7,27,5,18,7,7,6,25,6,4,18,8,12,24,4,9,26,27,17,23,17,18,23,9,7,4,4,16,25,24,5,4,5,27,12,18,5,4,23,27,4,3,24,5,26,26,6,25,17,6,14,6,27,3,23,25,4,8,26,7,10,24,16,25,7,20,17,14,18,8,16,22,20,22,26,18,24,18,17,24,25,26,0,16,5,3,12,18,22,19,27,12,15,24,14,4,19
7,11,16,14,12,12,14,18,15,7,15,15,14,16,13,15,8,15,8,9,15,9,16,16,7,13,3,7,8,11,13,13,16,4,13,13,13,16,14,17,8,3,13,15,8,19,12,15,14,16,18,17,15,16,8,14,7,15,16,16,14,12,15,15,17,14,12,13,3,13,11,5,5,6,5,12,8,8,6,13,16,6,21,6,8,15,11,11,14,0,14,16,6,3,7,6,18,10,5,14,7,16,7
17,20,26,2,23,8,4,24,8,15,4,4,8,21,3,2,15,5,11,22,3,8,22,25,16,20,15,14,21,6,3,6,5,14,22,21,5,4,1,25,9,17,3,2,21,23,7,3,21,3,23,23,4,22,14,8,12,3,26,4,20,22,3,5,23,4,7,21,14,23,7,19,14,12,15,5,13,19,19,19,22,15,21,15,14,21,21,23,5,15,0,5,11,17,20,16,26,9,13,20,12,5,18
18,23,27,5,24,11,6,27,5,18,6,7,6,24,6,3,18,8,12,24,4,9,25,27,17,23,16,17,23,9,6,4,3,16,25,24,4,3,5,27,12,18,5,4,23,26,4,2,24,5,26,26,6,25,17,6,14,6,27,3,23,25,4,8,26,6,10,23,16,25,7,20,17,14,18,8,16,22,20,22,25,18,24,18,17,24,24,26,3,16,4,0,12,18,22,19,27,12,15,23,14,3,19
12,16,21,10,18,9,10,22,10,9,10,11,10,21,9,11,12,11,4,14,10,4,22,21,11,18,8,11,14,8,9,8,11,9,19,19,8,11,9,21,6,9,9,10,14,23,8,11,19,11,23,20,10,21,10,9,5,11,21,11,19,18,10,11,20,10,9,19,7,19,6,11,9,6,10,7,11,13,12,18,21,9,24,9,10,20,16,17,10,7,9,11,0,9,12,10,22,7,5,20,6,12,13
8,9,16,16,12,12,15,17,16,7,16,16,16,14,15,17,8,16,10,9,16,11,15,16,8,11,5,6,8,13,15,14,17,6,13,13,14,17,16,17,9,3,15,16,8,17,14,17,13,17,17,16,16,14,8,15,7,16,16,18,12,12,17,16,16,16,13,12,4,13,13,6,4,7,4,13,7,6,7,11,15,6,19,6,8,13,10,11,16,3,16,18,8,0,7,6,18,12,6,13,7,18,8
5,7,12,19,8,16,19,14,19,11,20,19,19,14,18,20,13,20,13,5,20,14,14,12,6,10,7,10,4,16,18,17,20,8,9,10,17,20,19,12,13,5,18,19,5,19,17,20,10,20,19,13,19,14,13,18,11,20,12,20,12,8,20,20,13,19,16,10,8,9,16,2,9,11,9,16,12,5,6,12,15,10,21,11,13,14,7,8,19,6,19,20,11,6,0,10,13,15,10,12,11,21,4
11,13,20,15,16,12,15,19,17,6,16,16,17,16,14,17,8,16,11,13,16,12,18,20,11,15,7,7,12,13,15,15,18,8,17,16,15,17,16,20,9,7,16,17,12,19,15,18,16,16,18,18,16,17,8,16,7,16,20,19,15,16,18,16,18,15,12,16,4,17,14,9,5,7,5,14,7,10,10,14,17,5,21,5,7,16,14,15,17,6,15,19,9,7,11,0,22,12,7,16,7,18,11
13,13,2,24,8,22,24,11,24,20,25,25,23,13,24,25,19,25,18,11,24,20,17,3,14,12,15,17,10,25,23,22,25,16,9,11,23,25,23,1,23,15,23,24,12,25,22,25,9,25,24,10,24,18,20,23,21,25,4,25,14,9,25,25,10,24,23,12,18,10,21,12,16,20,16,23,18,12,16,11,18,17,27,18,20,12,13,11,23,16,23,25,20,15,12,18,0,25,19,15,21,26,14
16,19,26,7,22,7,8,24,12,10,9,8,12,21,6,9,14,9,9,18,8,8,23,25,16,20,12,13,17,5,7,9,11,14,22,21,8,10,8,26,4,13,8,9,18,24,10,10,21,9,23,23,8,22,10,11,7,9,26,11,20,22,9,9,23,8,7,21,9,23,8,15,11,7,11,5,11,16,15,19,22,11,22,10,10,21,20,21,10,11,8,11,7,13,16,11,27,0,7,21,6,11,17
11,14,21,12,16,9,12,20,14,5,12,12,13,18,11,14,9,12,7,13,12,8,19,21,11,16,6,8,12,9,11,12,15,8,18,17,11,14,12,21,6,7,12,13,13,20,11,14,17,13,19,19,12,18,6,13,4,13,21,15,16,17,14,12,19,12,9,17,4,18,10,10,6,3,7,10,8,11,10,15,18,6,22,5,7,17,15,16,13,6,12,15,5,8,11,7,22,8,0,17,4,15,11
16,9,16,22,13,18,22,12,28,18,22,22,28,8,22,24,15,22,23,12,23,24,5,14,18,8,18,14,11,21,22,26,26,19,11,10,25,25,23,17,20,15,23,24,10,21,26,25,10,23,21,11,22,7,16,27,19,23,16,26,2,10,25,22,11,22,19,9,17,11,24,13,14,19,15,22,15,10,18,7,6,15,23,17,16,9,10,11,26,16,22,26,20,14,13,16,17,23,19,0,19,26,15
13,15,21,10,17,7,10,21,13,6,10,10,13,18,9,12,9,11,6,14,11,7,19,22,13,16,8,8,14,7,9,11,13,10,19,18,10,12,10,22,4,9,11,11,14,20,11,12,17,11,20,20,10,18,6,12,1,11,21,13,17,17,12,11,20,10,7,17,6,18,9,11,7,3,7,9,8,12,12,16,19,6,22,6,6,18,16,17,12,8,10,13,5,9,13,7,23,7,4,17,0,13,13
18,22,27,3,24,10,5,26,6,17,5,5,6,24,5,4,17,6,12,24,2,9,25,27,17,22,17,16,23,8,6,4,3,16,24,23,5,2,3,27,10,18,6,4,23,25,5,3,23,4,25,25,5,24,16,6,13,5,27,3,22,24,4,7,25,5,8,23,16,25,8,21,16,14,17,8,15,21,21,21,24,17,23,17,16,23,23,25,3,16,3,4,12,18,22,18,28,10,14,23,13,0,20
3,10,15,19,10,17,19,17,19,12,20,20,19,17,18,20,13,20,13,8,20,14,17,15,5,13,7,10,7,16,18,17,20,8,12,13,18,20,19,15,13,5,18,19,8,20,17,20,13,20,20,16,20,16,13,18,12,20,15,20,15,11,20,20,16,19,17,13,8,12,16,4,9,11,9,17,13,7,6,14,17,11,22,11,13,16,10,11,19,6,19,20,11,6,5,11,16,15,10,15,12,21,0
