Name: bar-n60-m4-c2-OD-medium
Type: GPDPOD-IMC
Commodity type: 4
Compartment num: 2
CapacityHD: 100
VehicleHDs: 14
CapacityOD: 50
VehicleODs: 30
ID Xc Yc DEMAND StartT EndT SerT PairedID
0,41.3722496,2.1636008,[0, 0, 0, 0],0,240,0,0
1,41.4436929,2.2246727,[14, 6, 2, 23],0,240,10,31
2,41.4460569,2.2221081,[7, 2, 1, 16],42,162,10,32
3,41.3375512,2.1083287,[14, 6, 2, 11],0,98,10,33
4,41.44524,2.2213186,[14, 6, 2, 7],42,162,10,34
5,41.3941327,2.1224947,[14, 6, 2, 23],52,172,10,35
6,41.4427396,2.2253295,[14, 6, 2, 28],0,79,10,36
7,41.3773527,2.1744796,[14, 6, 2, 36],115,235,10,37
8,41.3857246,2.0845426,[7, 2, 1, 10],36,156,10,38
9,41.4397456,2.225673,[7, 2, 1, 12],0,96,10,39
10,41.401785,2.1156419,[14, 6, 2, 13],43,163,10,40
11,41.4403956,2.2184485,[14, 6, 2, 11],110,230,10,41
12,41.4465068,2.237916,[14, 6, 2, 29],0,240,10,42
13,41.3656084,2.0582814,[14, 6, 2, 29],0,240,10,43
14,41.3812716,2.1648239,[14, 6, 2, 25],0,240,10,44
15,41.4480155,2.2171536,[7, 2, 1, 12],128,240,10,45
16,41.4259211,2.1671663,[14, 6, 2, 19],13,133,10,46
17,41.4577076,2.2032435,[7, 2, 1, 5],0,95,10,47
18,41.4316293,2.1786367,[7, 2, 1, 10],61,181,10,48
19,41.3271083,2.0868381,[3, 6, 1, 4],81,201,10,49
20,41.448492,2.226258,[14, 6, 2, 8],87,207,10,50
21,41.3597275,2.0909717,[7, 2, 1, 8],114,234,10,51
22,41.4305053,2.2299845,[14, 6, 2, 34],123,240,10,52
23,41.4578645,2.0511169,[7, 2, 1, 17],0,85,10,53
24,41.4448559,2.1718679,[3, 1, 6, 3],72,192,10,54
25,41.3284942,2.086668,[7, 2, 1, 15],0,76,10,55
26,41.4520396,2.2128935,[14, 6, 2, 35],0,117,10,56
27,41.4442047,2.218796,[14, 6, 2, 20],0,84,10,57
28,41.4449665,2.2190662,[14, 6, 2, 23],112,232,10,58
29,41.4516487,2.2359664,[7, 2, 1, 9],0,240,10,59
30,41.4441413,2.1803301,[14, 6, 2, 12],130,240,10,60
31,41.4349816,2.1930256,[-14, -6, -2, -23],0,240,10,1
32,41.4698459,2.1816529,[-7, -2, -1, -16],64,184,10,2
33,41.4080448,2.2096487,[-14, -6, -2, -11],34,154,10,3
34,41.3734167,2.0916796,[-14, -6, -2, -7],73,193,10,4
35,41.4459384,2.0660805,[-14, -6, -2, -23],78,198,10,5
36,41.450472,2.2086465,[-14, -6, -2, -28],18,138,10,6
37,41.3601525,2.1023202,[-14, -6, -2, -36],141,229,10,7
38,41.454215,2.2130729,[-7, -2, -1, -10],68,188,10,8
39,41.4676564,2.0622343,[-7, -2, -1, -12],42,162,10,9
40,41.3723636,2.1601655,[-14, -6, -2, -13],68,188,10,10
41,41.4247627,2.1907999,[-14, -6, -2, -11],128,226,10,11
42,41.4190316,2.182984,[-14, -6, -2, -29],0,240,10,12
43,41.3752067,2.0871221,[-14, -6, -2, -29],0,240,10,13
44,41.3746145,2.1643053,[-14, -6, -2, -25],0,240,10,14
45,41.3949328,2.12944,[-7, -2, -1, -12],158,231,10,15
46,41.4691634,2.0755153,[-14, -6, -2, -19],44,164,10,16
47,41.4290784,2.2093427,[-7, -2, -1, -5],17,137,10,17
48,41.4183301,2.1435178,[-7, -2, -1, -10],82,202,10,18
49,41.4499142,2.2135352,[-3, -6, -1, -4],113,222,10,19
50,41.4012418,2.1629208,[-14, -6, -2, -8],119,231,10,20
51,41.4530228,2.2052872,[-7, -2, -1, -8],144,223,10,21
52,41.4392121,2.1883898,[-14, -6, -2, -34],143,221,10,22
53,41.3993734,2.1576859,[-7, -2, -1, -17],31,151,10,23
54,41.3887837,2.1773587,[-3, -1, -6, -3],96,216,10,24
55,41.4604654,2.2089974,[-7, -2, -1, -15],33,153,10,25
56,41.4046304,2.2047496,[-14, -6, -2, -35],22,142,10,26
57,41.3825888,2.1646439,[-14, -6, -2, -20],30,150,10,27
58,41.3651642,2.1225847,[-14, -6, -2, -23],155,232,10,28
59,41.4345712,2.2231087,[-7, -2, -1, -9],0,240,10,29
60,41.4394681,2.2171632,[-14, -6, -2, -12],149,224,10,30
StartID EndID StartX StartY EndX EndY StartT EndT
61,91,41.3830452,2.0762528,41.4008741,2.1610253,56,512
62,92,41.4298515,2.1820608,41.3849029,2.0854836,56,497
63,93,41.4385892,2.2330345,41.4147387,2.2121477,4,415
64,94,41.4377659,2.2303137,41.3931826,2.1079653,0,441
65,95,41.3622657,2.1282718,41.3727858,2.1291242,0,405
66,96,41.4278079,2.169431,41.4369304,2.2198839,78,501
67,97,41.450718,2.19299,41.3805892,2.1348004,2,446
68,98,41.354318,2.0671293,41.4514197,2.2251463,0,720
69,99,41.3804674,2.0809159,41.4113774,2.2072199,0,471
70,100,41.3749395,2.1247574,41.3745945,2.1276042,0,396
71,101,41.3627279,2.0988052,41.3765834,2.1454686,73,499
72,102,41.4337282,2.2172295,41.4382381,2.22407,44,443
73,103,41.4130442,2.1544329,41.3769211,2.1677816,140,440
74,104,41.4479774,2.226761,41.4025067,2.1510921,0,444
75,105,41.4404673,2.2378337,41.4449382,2.2241955,0,411
76,106,41.3769361,2.105641,41.435607,2.1179232,49,517
77,107,41.3783978,2.1277763,41.441527,2.2275919,42,495
78,108,41.3995238,2.1961495,41.3857565,2.0988148,83,512
79,109,41.3584274,2.1049355,41.4311022,2.1876125,111,471
80,110,41.4406203,2.2241249,41.4354096,2.171624,0,720
81,111,41.4351401,2.2133467,41.4501494,2.219724,94,478
82,112,41.400532,2.2047232,41.3577256,2.0985119,119,479
83,113,41.3742058,2.1417345,41.3764913,2.085174,0,420
84,114,41.4534576,2.2083022,41.3928679,2.1517648,0,720
85,115,41.4326536,2.2222507,41.3536974,2.0864987,55,520
86,116,41.4503532,2.2250068,41.4623983,2.0504567,95,461
87,117,41.440759,2.2378881,41.4533651,2.2357165,0,408
88,118,41.4433485,2.1807613,41.3737407,2.1591137,15,462
89,119,41.351608,2.0737941,41.3672918,2.1148142,37,454
90,120,41.3608153,2.0761441,41.4485571,2.1827231,72,516
edge
0,19,18,12,18,10,17,3,18,16,12,17,17,17,5,17,15,18,15,16,18,15,14,22,18,16,17,18,18,17,18,17,21,12,15,19,17,13,18,20,3,14,13,14,2,10,21,15,14,17,9,17,17,10,7,18,11,6,11,15,17,17,14,15,15,9,14,18,15,16,8,14,15,13,18,16,12,8,9,13,16,16,11,6,18,15,18,16,18,15,17,10,15,13,12,8,16,8,18,13,9,6,16,3,10,19,25,17,14,16,16,17,14,15,8,15,23,17,3,12,18
17,0,3,22,3,19,3,15,25,3,18,4,4,27,18,5,14,8,11,26,3,24,6,27,11,26,5,3,3,5,10,9,12,9,22,24,6,24,5,25,19,10,11,22,17,20,25,6,16,5,15,6,9,17,15,8,11,18,23,4,4,24,10,3,3,21,13,10,25,23,21,24,4,16,3,4,22,21,12,23,3,5,11,20,6,5,3,5,10,25,25,15,22,9,19,21,4,20,3,9,22,19,3,16,17,2,27,3,21,10,11,4,24,23,17,24,27,5,18,24,10
19,4,0,24,2,19,6,17,24,5,17,4,7,27,20,5,15,9,12,28,4,24,8,27,10,28,5,2,2,7,10,10,12,12,22,24,5,25,6,25,21,10,12,21,19,20,24,7,15,5,16,7,10,19,17,8,13,19,25,6,5,23,11,6,6,23,14,10,27,22,22,24,6,17,4,7,22,22,14,24,5,6,13,22,7,6,4,7,10,26,24,16,22,11,18,23,5,22,4,11,23,21,4,18,18,3,26,6,21,11,11,5,24,22,18,23,26,7,20,25,10
11,26,26,0,25,11,25,13,17,23,13,24,24,13,12,24,21,25,20,10,26,8,21,24,20,9,24,25,25,24,22,22,26,19,11,20,24,6,25,22,10,20,18,12,11,11,22,22,17,24,15,24,23,16,14,25,19,13,6,22,24,14,20,22,22,5,20,24,11,13,10,8,22,17,25,23,10,9,18,6,23,23,19,9,25,22,25,23,22,10,12,15,14,20,13,8,23,10,25,20,9,10,23,13,15,26,27,24,14,22,21,25,6,13,13,9,24,25,11,8,21
18,3,3,24,0,18,6,16,24,4,16,4,6,27,19,4,14,8,11,28,4,23,7,26,10,28,5,2,2,7,9,9,12,11,21,23,5,24,6,24,20,10,12,20,18,19,24,7,15,4,16,6,9,18,17,8,13,19,25,5,4,23,10,5,5,23,13,9,26,22,22,23,5,17,3,7,21,21,14,24,4,5,13,21,6,6,4,7,9,25,23,16,21,11,18,22,5,21,4,11,23,20,4,17,18,3,26,5,20,11,11,5,24,21,18,22,25,7,20,25,9
10,20,19,13,20,0,21,11,12,20,3,19,21,15,9,17,12,16,14,15,19,11,19,16,11,15,16,18,18,21,13,16,17,15,9,12,17,11,17,13,9,14,13,8,9,4,14,16,8,16,9,15,14,9,10,16,15,10,9,19,18,11,14,19,19,8,12,15,14,10,6,11,17,10,18,20,7,5,14,11,20,17,15,8,16,19,18,20,13,13,11,10,9,18,5,6,18,6,18,16,7,7,19,11,8,20,18,21,7,17,12,17,12,9,6,10,16,20,9,10,12
17,3,4,23,3,20,0,15,26,4,18,4,5,28,19,5,15,9,12,27,4,25,6,28,11,27,5,4,4,5,10,10,13,10,23,25,7,25,6,26,19,10,12,23,17,21,26,7,17,5,16,7,10,18,16,8,12,18,24,5,5,25,11,4,4,22,14,11,26,24,22,25,5,17,3,5,23,22,13,24,3,6,12,21,7,5,4,5,10,25,25,16,23,10,20,22,5,21,4,10,22,20,3,16,18,3,28,4,22,11,12,5,25,23,18,24,27,6,19,25,11
6,18,17,12,17,13,16,0,20,15,14,16,16,17,7,16,15,17,14,16,17,15,13,25,18,16,16,17,17,16,18,17,20,11,17,21,16,14,17,22,8,14,12,17,5,12,23,14,13,16,9,16,17,10,6,17,10,7,13,14,16,19,14,14,14,11,14,17,15,18,11,16,14,12,17,15,15,11,8,13,15,15,10,9,17,14,17,15,17,15,17,10,18,12,14,11,15,11,17,12,12,9,15,4,10,18,25,16,16,16,16,16,14,18,9,15,25,16,7,14,17
16,25,24,13,26,11,26,18,0,25,9,24,27,11,16,22,17,21,19,17,24,10,25,21,16,16,21,23,23,26,18,21,22,22,6,17,22,11,22,18,15,20,19,5,16,12,19,22,13,21,16,20,19,16,17,21,22,16,12,24,23,5,19,25,25,14,17,20,12,4,10,10,22,17,24,26,8,10,20,10,25,22,22,13,21,24,23,26,18,12,9,16,2,24,9,11,24,11,23,22,11,13,25,18,15,25,23,26,5,22,18,22,11,4,13,9,21,25,15,11,17
16,5,5,21,4,19,4,14,25,0,17,5,5,27,17,7,13,10,11,25,6,24,5,27,11,25,7,4,4,5,11,9,13,8,22,24,7,23,7,25,18,9,10,22,16,19,25,5,16,7,14,8,10,16,14,10,10,17,22,3,5,24,10,3,3,20,12,10,24,23,20,24,3,15,5,5,22,20,11,23,2,5,10,19,8,4,5,5,11,24,24,14,22,8,19,20,3,19,5,8,21,18,3,15,16,5,27,4,21,10,12,6,24,23,16,23,26,6,17,24,10
12,18,17,12,18,4,19,12,10,18,0,16,19,12,10,15,10,14,12,15,17,9,18,13,9,15,14,16,16,18,11,14,15,16,7,9,15,10,15,11,11,13,12,6,11,5,11,14,6,14,10,13,12,10,11,14,16,11,11,17,16,8,12,17,17,10,10,13,12,8,8,9,15,10,16,19,7,7,15,10,18,15,16,9,14,16,16,19,11,11,9,10,7,17,4,8,16,8,16,16,9,9,17,13,8,18,16,18,6,15,10,15,9,7,7,8,13,18,11,10,10
17,5,4,23,3,18,5,15,24,3,16,0,6,26,18,5,13,9,10,27,5,23,6,26,10,26,5,2,2,7,10,8,12,10,21,23,5,24,6,24,19,8,10,20,17,19,24,5,15,5,14,7,9,16,15,8,11,17,23,4,3,22,9,5,5,22,12,9,26,22,21,23,4,15,5,6,21,21,13,24,3,4,12,20,7,4,5,6,9,25,23,14,21,9,18,21,4,20,5,9,21,19,2,16,16,4,25,5,20,9,10,6,23,21,16,22,25,7,19,24,9
16,6,6,21,5,19,5,14,25,4,18,6,0,27,17,7,14,10,13,26,5,24,6,27,11,25,7,6,6,3,11,10,13,9,22,24,9,23,7,25,18,10,11,22,16,20,25,7,16,7,14,9,11,17,14,8,10,17,22,5,7,24,12,4,4,21,13,10,24,23,20,24,5,16,5,5,22,20,11,23,4,6,10,20,8,5,5,5,11,24,25,15,22,8,19,20,5,20,5,8,21,18,4,15,16,6,27,4,21,11,12,6,24,23,16,24,27,3,17,24,10
17,28,28,10,28,14,28,16,10,26,12,27,27,0,19,25,20,25,22,13,28,9,24,20,20,12,24,26,26,27,21,25,26,22,11,20,25,11,25,20,19,23,22,10,18,15,22,25,17,24,19,23,22,19,19,24,22,20,14,25,26,8,22,25,25,14,20,23,6,9,14,11,25,20,27,26,11,14,21,11,26,26,22,16,25,25,26,26,21,6,7,19,10,23,12,15,26,15,26,23,14,17,26,17,19,28,27,27,11,25,21,25,11,9,16,9,20,28,18,14,20
6,19,19,13,18,11,18,4,18,16,12,17,17,19,0,17,14,18,13,17,19,16,14,23,17,17,17,18,18,17,17,16,20,12,16,19,17,14,18,20,6,13,12,15,5,10,21,15,13,17,8,17,16,9,6,18,12,4,12,15,17,17,13,15,15,10,13,18,16,17,9,15,15,12,18,16,13,9,10,14,16,16,12,7,18,15,18,16,17,16,18,9,16,13,12,9,16,9,18,13,10,7,16,4,9,19,24,17,15,15,15,18,15,16,7,16,23,18,6,13,18
17,5,5,22,6,16,7,15,22,6,15,5,8,25,18,0,12,6,9,27,5,21,9,24,8,26,2,4,3,7,7,7,10,10,19,21,3,22,3,23,19,9,10,19,17,17,22,6,13,2,15,4,7,17,15,5,11,18,23,7,5,21,8,7,7,22,11,7,25,20,21,21,7,15,5,8,19,19,12,22,6,5,11,21,4,7,4,8,7,24,22,15,19,9,16,21,6,20,4,10,21,20,5,16,16,5,24,7,18,9,9,2,22,20,17,21,24,7,18,23,7
15,14,14,20,15,13,15,14,18,13,11,12,15,21,13,11,0,11,4,24,14,17,14,21,8,23,10,13,12,15,8,8,11,10,15,17,11,18,11,19,15,6,5,15,14,11,19,10,8,10,8,10,7,10,11,11,10,13,17,12,12,17,5,13,13,16,2,9,21,16,15,17,11,7,13,15,15,13,11,18,14,11,10,15,11,12,12,15,8,20,18,8,15,11,12,15,12,14,12,10,15,14,13,15,9,14,20,15,14,7,5,11,18,16,11,17,21,15,15,18,8
17,8,7,22,8,14,8,15,20,8,12,7,9,23,19,4,10,0,8,26,7,19,10,22,6,25,4,6,5,9,6,7,8,10,17,19,4,20,4,20,19,9,9,17,17,15,20,6,11,4,14,2,6,16,16,2,12,18,21,9,7,19,7,8,8,20,10,5,23,18,19,19,7,14,6,10,17,17,13,20,8,6,12,20,4,9,5,10,6,21,19,14,17,9,14,19,8,18,6,10,19,19,8,16,14,7,22,8,16,8,7,4,20,18,15,19,22,8,19,21,5
15,12,11,22,12,13,13,14,20,12,12,10,13,22,13,8,4,9,0,24,11,19,12,22,5,23,8,10,10,13,5,6,8,8,17,19,8,20,9,20,15,4,4,16,14,12,21,8,9,8,8,7,4,11,11,9,8,13,18,10,10,18,2,11,11,17,4,7,22,18,15,19,9,8,10,13,17,14,10,20,12,9,8,15,9,10,10,13,5,21,19,8,17,9,14,15,10,15,10,9,16,14,11,16,10,11,21,12,16,5,3,9,20,17,12,18,23,13,15,19,6
12,24,24,4,23,13,23,11,16,21,12,22,22,11,13,22,21,23,21,0,24,9,19,24,20,1,22,23,23,23,22,24,26,18,11,21,22,8,23,22,12,21,20,11,12,13,23,20,17,22,16,22,23,17,14,23,17,14,8,20,22,13,21,20,20,7,21,23,9,13,11,9,20,18,23,22,12,11,16,8,21,21,17,10,23,20,23,22,22,8,11,17,13,18,12,10,21,12,23,18,10,11,21,12,16,24,27,22,13,23,21,23,8,12,14,8,24,23,12,10,21
17,3,2,23,4,18,4,15,24,4,17,5,5,27,19,4,13,7,11,27,0,23,6,26,10,27,4,3,4,5,9,9,11,10,21,23,5,24,4,24,19,11,12,21,17,19,24,7,15,4,16,5,8,18,16,7,12,18,24,5,6,23,10,4,4,22,13,9,26,22,22,23,5,17,1,5,21,21,13,24,4,7,12,21,5,6,2,5,9,25,24,16,21,10,18,22,5,21,2,10,22,20,4,16,18,3,26,4,20,11,10,3,24,22,18,23,26,5,19,25,9
15,25,24,9,25,10,26,15,12,25,8,23,26,9,16,21,17,21,18,12,24,0,23,20,16,12,21,23,23,25,18,21,22,22,7,17,21,5,21,18,14,20,19,7,15,12,19,21,13,21,16,20,19,16,17,21,21,16,8,23,23,10,19,24,24,10,17,19,7,9,10,5,22,17,23,26,8,10,20,5,25,22,21,12,21,23,23,26,18,5,6,16,9,22,8,11,23,11,23,22,11,13,24,17,15,24,23,25,9,22,17,21,5,8,13,4,21,25,15,8,17
15,7,7,20,6,18,6,13,24,4,16,6,5,26,16,8,13,10,11,25,7,23,0,26,10,24,8,6,6,7,10,9,12,7,21,23,8,22,8,24,17,9,10,21,15,19,24,6,15,8,13,8,10,16,13,9,9,16,21,3,6,23,10,3,3,20,12,9,23,22,19,23,4,15,6,4,21,19,10,22,4,5,9,19,9,3,6,4,10,23,24,14,21,6,18,19,4,18,6,7,20,17,4,14,15,7,26,5,20,10,11,7,23,22,15,23,25,7,16,23,9
23,29,28,23,29,15,30,23,21,29,13,27,30,24,21,25,21,25,22,26,28,20,29,0,20,26,25,27,26,29,22,25,23,27,18,7,25,21,25,6,22,24,23,18,22,16,7,25,17,25,20,23,23,21,22,25,26,21,22,27,27,20,23,28,28,21,21,23,23,19,20,20,26,21,27,30,18,18,25,21,29,26,26,21,25,27,27,30,21,22,20,20,18,28,15,20,27,19,27,27,20,20,28,23,19,28,20,29,17,26,21,25,21,18,17,19,3,29,22,22,21
18,11,10,19,11,11,12,16,17,11,10,9,13,20,16,8,7,7,5,23,10,16,11,20,0,22,7,9,9,12,4,7,8,11,14,16,8,17,8,18,18,8,8,14,17,12,18,7,8,7,11,6,5,14,14,7,12,16,18,10,9,16,6,11,10,17,7,5,20,15,16,16,8,11,9,12,14,14,14,17,11,8,12,17,7,10,9,12,4,19,17,11,14,10,11,16,9,15,9,11,16,16,10,17,11,11,19,12,13,8,4,8,17,15,12,16,20,11,18,18,3
12,24,24,4,23,13,23,11,16,21,12,22,22,11,13,22,21,23,21,2,24,8,19,24,20,0,22,23,23,22,22,23,26,17,11,21,22,8,23,22,12,21,19,11,12,13,23,20,17,22,16,22,23,17,14,23,17,14,8,20,22,13,21,20,20,7,21,23,9,13,11,9,20,18,23,21,11,11,16,7,21,21,17,10,23,20,23,22,21,8,11,17,13,18,12,9,21,12,23,18,10,11,21,12,16,24,27,22,12,23,21,23,8,12,14,8,24,23,12,10,21
18,6,5,23,7,16,7,16,22,7,14,6,7,25,19,2,12,5,9,27,5,21,9,24,8,27,0,4,4,7,7,8,10,11,19,21,4,22,2,22,20,9,10,19,18,17,22,7,13,2,14,3,7,17,16,4,12,19,23,8,6,21,8,6,6,22,11,7,24,20,21,21,7,15,4,8,19,19,13,22,7,6,12,21,2,8,4,8,7,23,21,14,19,10,16,21,7,20,4,10,21,20,6,17,16,5,24,6,18,9,8,3,22,19,17,20,23,7,19,23,7
18,3,3,23,4,17,6,15,23,4,15,4,6,26,19,4,13,7,10,27,4,22,7,25,9,27,4,0,1,7,8,8,11,11,20,22,4,23,5,23,20,9,11,19,18,18,23,6,14,3,15,5,8,17,16,7,12,18,24,5,4,22,9,5,5,22,12,8,25,21,21,22,5,16,3,7,20,20,13,23,4,5,12,21,5,5,4,7,8,24,22,15,20,10,17,21,5,21,4,10,22,20,3,17,17,3,25,5,19,10,10,4,23,20,17,21,24,7,19,24,8
18,3,2,23,4,18,5,16,23,4,16,3,6,26,19,4,14,8,11,28,4,23,7,25,9,27,4,1,0,7,9,9,11,11,21,23,4,24,5,24,20,10,11,20,18,19,23,7,14,4,15,6,9,18,16,7,12,19,24,5,4,22,10,5,5,23,13,9,26,21,22,23,5,16,3,7,21,21,14,23,4,5,12,21,6,5,4,7,9,25,23,15,20,10,17,22,5,21,3,10,22,20,3,17,17,3,25,5,19,10,10,4,23,21,18,22,25,7,19,24,9
18,7,6,23,7,19,6,16,25,6,18,8,4,28,19,6,16,9,13,28,5,24,8,27,11,27,6,7,7,0,11,12,13,11,22,24,8,25,6,26,20,12,13,22,18,20,25,9,16,6,16,8,11,19,16,7,12,19,24,7,9,24,12,6,6,22,15,11,26,23,22,24,7,18,5,8,22,22,13,25,6,8,12,22,7,7,4,8,11,26,25,17,22,10,19,22,7,21,4,10,23,20,6,17,18,6,27,6,21,13,12,5,25,23,18,24,27,2,19,26,10
18,10,10,19,11,12,11,15,17,10,10,9,12,20,16,7,7,7,5,23,10,17,10,20,3,23,6,8,8,11,0,6,7,11,15,17,7,18,7,18,18,8,8,14,17,13,19,7,8,6,11,5,5,14,14,7,12,16,19,9,8,16,5,10,10,18,7,5,20,16,16,17,8,11,9,11,15,15,13,18,10,8,12,18,7,9,8,11,3,19,17,11,15,10,12,16,9,16,9,10,17,17,10,17,12,10,19,11,14,8,4,7,17,15,13,16,21,11,18,18,2
16,10,10,22,9,15,10,14,21,9,13,7,11,23,15,7,8,7,5,26,10,20,9,23,6,26,6,8,8,11,5,0,8,9,18,20,7,21,7,21,17,4,6,17,16,15,22,5,12,6,10,6,4,13,13,7,9,15,21,7,7,19,4,9,9,20,7,5,23,19,18,20,6,11,9,10,18,17,11,21,9,6,9,17,7,7,8,10,5,22,20,10,18,9,15,18,7,17,8,9,18,16,8,15,12,10,23,10,17,4,6,7,21,18,14,19,23,11,17,22,5
21,14,13,24,14,17,15,19,22,14,15,12,15,25,20,11,12,10,9,28,13,22,14,23,8,28,10,12,12,14,7,10,0,14,20,22,11,23,11,22,22,11,11,19,21,18,19,10,13,10,15,9,8,18,18,10,14,20,23,13,12,21,8,13,13,23,11,8,25,20,21,21,11,16,12,15,19,20,17,22,14,11,15,22,10,13,12,15,7,24,22,15,19,13,16,21,12,21,12,14,22,21,13,20,17,14,24,14,18,11,9,11,22,20,18,21,23,14,22,23,7
10,12,11,16,11,17,10,8,25,9,18,10,10,21,11,10,11,11,9,20,11,18,6,28,12,20,10,11,11,10,11,9,13,0,20,24,10,17,11,26,12,7,8,21,10,16,25,7,15,10,11,10,11,13,8,11,3,11,17,8,9,23,8,8,8,15,10,11,19,23,16,19,7,12,10,9,20,16,6,17,9,8,3,14,11,7,11,9,11,18,21,11,22,3,19,16,8,16,11,3,16,13,9,9,13,11,26,10,21,9,11,10,18,22,13,18,27,10,12,18,11
13,22,22,9,23,8,23,15,9,22,6,21,24,11,14,19,15,19,16,12,22,6,22,18,14,12,19,20,20,23,16,19,20,20,0,15,19,7,19,16,13,18,17,4,13,10,16,19,11,19,13,17,17,13,15,19,19,14,8,21,21,7,17,22,22,10,15,17,9,6,8,5,20,14,21,23,5,8,18,6,22,20,19,10,19,21,20,24,15,8,6,14,7,22,6,9,21,9,21,20,8,11,22,15,13,22,21,23,6,19,15,19,7,5,10,5,19,23,13,8,15
19,25,24,19,26,12,26,19,17,25,10,24,27,20,17,22,17,21,19,23,25,17,25,7,17,23,21,23,23,26,18,21,22,23,15,0,22,18,22,7,19,20,20,14,18,12,8,22,13,21,17,20,19,17,18,21,23,18,18,24,23,16,19,25,25,17,17,20,20,15,16,17,22,17,24,26,15,15,22,17,25,23,23,18,21,24,23,26,18,19,17,17,15,25,11,16,24,16,23,23,17,17,25,20,15,25,18,26,14,22,18,22,17,15,14,16,9,25,19,18,17
17,6,5,22,6,15,7,15,21,7,13,6,7,23,18,2,10,4,7,26,5,20,9,23,6,26,2,4,4,7,5,6,8,10,18,20,0,21,3,21,19,7,8,17,17,16,21,6,12,2,13,2,5,15,15,4,11,18,22,7,6,19,6,6,6,21,9,5,23,19,19,20,7,13,4,8,18,18,12,21,7,5,11,20,3,7,4,8,5,22,20,13,18,9,15,19,6,19,4,9,20,19,6,16,15,5,22,6,17,7,7,3,20,18,16,19,22,7,18,21,5
11,25,24,8,25,10,25,13,12,24,9,23,25,9,12,22,17,21,19,10,24,3,22,21,16,9,21,23,23,25,18,21,22,20,6,17,22,0,22,18,10,20,18,7,11,11,19,21,13,21,15,20,19,15,14,21,19,13,4,23,23,9,19,23,23,6,17,19,8,8,7,3,22,16,23,24,5,7,18,1,24,22,19,8,21,23,23,24,18,6,7,15,9,21,8,6,23,8,23,20,7,9,24,13,14,25,23,25,9,22,17,22,3,8,12,5,21,25,11,3,17
18,7,6,23,7,16,8,16,21,7,14,7,8,24,20,3,12,4,9,27,6,20,10,23,7,27,2,5,5,8,7,8,9,11,18,20,4,22,0,22,21,9,10,18,19,17,21,8,12,3,15,4,7,17,17,3,13,20,22,9,7,20,8,7,7,21,11,7,24,19,20,20,8,15,5,9,18,19,14,21,7,6,13,21,2,9,5,9,7,23,21,15,18,11,15,20,8,20,5,11,21,21,7,18,16,6,23,7,17,9,8,3,21,19,17,20,23,8,20,22,7
20,26,25,20,26,12,27,20,18,26,11,24,27,21,18,23,18,22,20,24,25,17,26,5,17,23,22,24,24,26,19,22,20,24,15,6,23,18,23,0,19,21,20,15,19,13,3,22,14,22,18,21,20,18,19,22,24,18,19,25,24,17,20,25,25,18,18,21,21,16,17,17,23,18,24,27,15,15,22,18,26,23,24,18,22,25,24,27,19,20,18,18,15,25,12,17,24,16,24,24,18,17,25,21,16,26,17,26,14,23,18,23,18,16,15,17,4,26,20,19,18
2,20,19,12,19,9,18,4,17,17,11,18,18,18,5,18,15,19,14,16,19,14,15,21,18,15,18,19,18,18,17,16,21,13,14,18,17,12,19,19,0,14,12,13,2,9,20,16,13,18,9,18,17,10,7,19,12,6,10,16,18,16,14,16,16,8,14,19,15,15,7,13,16,12,18,17,11,8,10,12,17,17,12,5,19,16,19,17,17,15,17,10,14,13,11,8,17,7,19,14,8,5,17,4,9,19,24,18,13,16,15,18,13,14,7,15,22,18,2,11,18
14,12,11,20,10,14,10,12,21,9,13,8,11,24,12,9,6,10,4,24,12,20,9,24,8,23,8,9,9,11,7,5,10,6,18,20,9,20,9,21,14,0,3,18,13,12,22,6,11,8,7,8,6,9,9,10,6,11,17,8,8,20,3,9,9,16,5,8,23,19,14,20,6,8,11,10,17,14,8,19,9,7,6,14,10,7,10,10,7,22,20,7,18,7,15,14,7,14,10,6,15,12,8,13,9,12,22,10,17,4,6,9,20,18,10,19,24,11,14,18,8
12,13,13,19,12,12,12,11,19,10,12,10,11,22,10,11,5,11,4,23,13,18,10,22,8,22,10,11,11,12,7,7,11,5,16,18,10,18,11,20,12,4,0,16,11,10,20,7,9,10,5,9,7,8,8,11,5,10,16,9,9,18,4,9,9,15,4,9,22,17,13,18,7,6,12,11,15,12,7,18,10,8,5,12,11,8,12,11,7,21,19,5,16,7,13,13,8,12,12,5,14,11,9,12,7,13,20,11,15,6,5,11,19,17,9,18,22,12,13,17,8
12,23,22,9,24,9,24,14,7,23,7,22,25,9,13,20,15,19,17,13,22,6,23,19,14,12,19,21,21,24,16,19,20,20,3,15,20,7,20,17,12,18,17,0,12,10,17,20,11,19,14,18,17,14,15,19,20,14,9,22,21,4,17,23,23,11,15,18,8,4,7,6,20,15,22,24,4,7,19,7,23,20,20,9,19,22,21,24,16,8,5,14,4,22,7,8,22,8,21,20,7,10,23,14,13,23,22,24,5,20,16,20,7,2,11,6,19,23,12,8,15
2,19,19,12,18,10,18,4,18,16,11,17,17,18,6,17,16,18,15,17,19,15,14,22,18,16,17,18,18,18,18,17,21,13,15,19,17,13,18,20,3,14,13,14,0,10,21,15,14,17,10,17,18,10,7,18,12,7,11,15,17,17,15,15,15,9,15,18,16,16,8,14,15,13,18,17,12,8,10,13,16,16,12,6,18,15,18,17,18,15,18,10,15,13,12,8,16,8,18,13,9,6,16,3,10,19,25,17,14,17,16,18,14,15,8,15,23,18,3,12,18
9,20,19,12,20,4,20,10,12,19,5,18,20,15,8,17,12,16,12,14,19,11,18,15,11,14,16,18,18,20,13,16,17,14,10,11,17,10,17,13,8,13,11,9,8,0,13,16,8,16,8,15,14,8,9,16,14,9,8,18,18,11,13,18,18,7,12,15,15,10,6,11,16,9,18,19,7,4,13,10,19,17,14,7,16,18,18,19,13,14,12,9,9,16,5,6,17,5,18,14,6,6,18,10,7,20,18,20,8,16,12,17,11,10,5,11,15,20,8,9,12
21,24,24,21,24,13,25,21,19,24,12,23,26,22,19,21,19,21,21,25,24,18,24,7,18,24,21,22,22,25,20,21,18,24,16,7,21,19,21,3,20,22,21,16,20,14,0,20,15,20,18,19,20,19,20,21,25,19,20,23,22,18,20,24,24,19,19,20,22,17,18,18,21,19,23,25,16,16,23,19,24,21,25,19,21,23,22,25,19,21,19,18,16,23,13,18,22,17,23,24,18,18,23,21,17,24,15,25,15,23,19,21,19,17,16,18,6,25,21,20,19
13,8,8,18,7,16,7,11,22,5,14,5,7,24,14,6,10,7,7,23,8,21,5,24,8,22,6,6,6,8,8,5,10,6,19,21,6,20,7,22,15,5,7,19,13,16,22,0,13,6,11,6,7,13,11,7,7,14,20,4,4,21,6,5,5,18,9,7,22,20,17,21,2,12,7,7,19,17,9,20,5,4,8,16,7,4,8,7,8,21,21,11,19,5,16,17,4,16,8,6,17,15,5,12,13,8,24,6,18,6,9,7,21,20,13,21,23,8,14,21,7
13,16,16,16,17,8,17,12,14,16,6,15,18,17,11,13,7,13,9,20,16,13,16,17,8,19,12,14,14,17,9,12,14,14,11,13,13,14,13,14,13,10,10,11,11,8,15,13,0,12,8,11,10,9,10,12,13,10,14,15,14,13,9,16,16,13,7,11,16,12,12,13,14,8,15,17,11,10,13,14,16,14,14,13,13,15,14,17,9,15,13,8,11,16,8,12,15,11,14,14,12,11,16,13,6,16,14,17,10,12,9,13,14,12,8,12,17,17,13,15,8
18,6,6,23,7,17,7,16,23,7,15,6,8,26,19,3,12,6,9,27,6,22,9,25,8,27,2,4,4,7,7,8,10,11,20,22,3,23,3,23,20,9,11,20,18,18,23,7,14,0,15,4,7,18,16,5,12,19,24,8,6,22,8,7,7,22,11,8,25,21,22,22,7,16,5,8,20,20,13,23,7,6,12,21,4,8,4,8,7,24,22,15,20,10,17,22,7,21,4,10,22,20,6,17,17,6,25,7,19,9,9,3,23,20,18,21,24,7,19,24,8
9,16,16,17,15,9,15,8,16,13,10,13,14,19,7,14,8,14,7,19,16,16,13,20,11,18,13,14,14,15,10,10,14,8,14,17,13,15,14,18,9,7,5,14,8,8,19,11,8,13,0,13,10,4,5,14,8,7,12,12,13,15,7,12,12,11,7,12,19,14,9,15,10,5,15,14,12,9,7,14,13,12,8,9,14,12,15,14,10,18,16,2,14,11,10,9,12,9,15,9,10,7,13,9,4,16,19,14,12,10,8,14,15,15,5,15,21,15,9,13,11
17,7,6,22,7,14,7,15,20,7,12,6,8,23,18,3,10,3,8,26,6,19,10,22,6,25,3,5,4,8,6,6,8,10,17,19,3,20,4,20,19,8,9,17,17,15,20,6,11,3,13,0,5,16,15,3,11,18,21,8,6,19,7,7,7,20,10,5,22,18,19,19,7,14,5,9,17,17,13,20,7,5,12,20,3,8,4,9,6,21,19,13,17,9,14,19,7,18,5,10,19,19,7,16,14,6,22,7,16,7,7,3,20,18,15,19,21,7,19,21,5
19,11,10,22,12,15,12,17,20,11,13,9,13,23,17,8,8,8,6,26,10,19,11,23,6,26,7,9,9,12,5,5,8,11,17,19,7,21,8,21,19,6,7,17,18,16,21,7,11,7,12,7,0,14,15,8,11,17,21,10,9,19,5,11,11,20,8,6,23,18,19,19,8,12,9,13,17,18,13,20,11,8,11,19,8,9,9,13,5,22,20,12,17,11,14,19,9,19,9,11,20,18,10,18,14,11,22,12,16,6,5,8,20,18,15,19,23,12,19,21,6
10,18,18,17,17,9,17,9,16,15,9,15,16,19,8,15,9,15,8,20,18,16,15,19,11,19,15,16,16,17,12,12,15,10,14,15,15,15,16,16,10,9,7,13,9,7,17,13,6,15,4,14,11,0,7,15,10,8,13,14,15,15,9,14,14,12,8,13,19,14,11,15,12,6,17,16,12,9,9,15,15,14,10,10,15,14,16,16,12,18,16,4,13,13,10,11,14,10,17,11,11,9,15,10,2,18,17,16,12,12,10,15,16,14,5,15,19,17,10,14,12
8,16,15,14,15,10,14,5,18,13,11,14,14,20,5,14,10,15,10,18,15,16,12,22,14,17,14,15,15,14,13,12,16,8,16,18,14,14,15,20,7,9,8,15,6,10,20,12,10,14,5,14,12,7,0,15,7,5,12,12,14,17,9,12,12,11,9,14,17,16,10,15,12,8,14,13,13,10,4,14,13,13,7,8,15,12,15,13,13,17,18,6,15,10,12,10,13,9,15,9,10,7,13,7,6,15,21,14,14,12,11,15,15,16,6,17,22,14,8,14,14
18,8,7,22,8,15,9,16,20,8,13,8,9,23,19,4,11,3,9,26,7,20,11,23,6,26,3,6,6,8,6,8,8,11,18,20,5,21,4,21,20,9,10,17,18,16,20,7,11,4,14,3,6,17,16,0,12,19,21,9,8,19,8,8,8,21,10,6,23,18,19,20,8,14,6,10,18,18,13,20,9,7,12,21,3,9,6,10,6,22,20,14,18,10,14,19,8,19,6,10,20,20,8,17,15,7,22,8,17,9,7,4,20,18,16,19,22,8,19,21,6
10,13,13,16,12,15,12,8,23,10,16,11,11,21,11,12,10,13,8,20,13,19,8,26,12,20,12,12,12,12,12,10,15,3,21,23,11,18,13,24,12,7,7,20,10,15,25,9,14,11,10,11,11,12,8,13,0,10,17,9,11,22,8,9,9,15,9,12,19,21,15,20,9,11,12,11,18,16,4,17,10,10,2,14,13,9,12,11,12,18,21,10,20,5,17,16,10,15,12,4,16,13,10,9,11,13,25,11,19,9,10,12,18,21,11,18,27,12,12,18,12
5,18,18,14,17,9,17,5,16,15,10,15,16,19,3,17,11,17,11,16,18,14,14,20,15,15,17,17,17,16,14,13,17,11,14,17,16,12,17,18,5,10,9,13,4,8,19,13,10,16,6,16,13,6,4,17,10,0,10,14,15,15,10,14,14,8,11,15,17,14,7,13,13,9,17,15,11,8,8,12,15,14,10,6,17,14,17,15,14,16,16,6,14,13,10,8,14,7,17,11,8,5,15,6,6,18,21,16,13,13,12,17,13,14,4,15,21,17,5,11,15
8,24,23,8,23,8,22,10,14,21,9,22,22,12,9,22,18,22,17,11,23,6,19,21,17,10,22,23,23,22,19,19,23,17,9,17,22,5,23,18,7,17,15,9,8,8,19,19,14,22,12,21,20,12,11,22,16,10,0,20,21,11,17,20,20,2,17,20,11,11,5,5,19,14,22,21,7,6,15,4,21,20,16,5,22,20,23,21,19,8,9,12,11,18,10,4,20,6,23,17,4,7,21,10,12,23,24,22,11,19,18,22,5,10,9,8,21,22,8,3,18
15,7,7,21,6,18,6,13,24,4,17,5,6,26,16,7,12,10,10,25,7,23,4,26,10,25,7,6,6,7,10,8,12,8,21,23,6,23,8,25,17,8,9,21,15,18,24,4,15,6,13,8,9,15,14,10,9,16,22,0,5,23,9,4,4,20,11,10,24,22,19,23,3,14,6,6,21,19,11,22,4,4,10,18,8,1,7,6,10,23,24,13,21,7,18,19,2,18,7,8,20,17,3,14,15,7,26,5,20,9,11,7,23,22,15,23,26,7,17,23,9
16,5,4,22,3,18,6,14,24,4,16,1,6,27,17,6,13,9,10,26,6,23,6,26,10,26,6,2,3,7,10,8,12,9,21,23,6,24,6,24,18,8,10,21,16,19,24,5,15,5,14,7,9,16,15,9,11,17,23,4,0,23,9,5,5,21,12,9,25,22,20,23,3,15,5,6,21,20,12,23,4,4,11,19,7,4,6,6,10,24,23,14,21,9,18,20,3,19,5,9,21,18,3,15,16,5,26,5,20,9,11,6,24,22,16,22,25,7,18,24,9
16,26,25,12,26,11,27,17,4,26,10,24,27,10,16,22,18,22,20,16,25,10,26,22,17,16,22,24,24,26,19,22,23,23,6,18,23,10,23,19,15,21,20,5,15,13,20,22,14,22,16,21,20,17,18,22,22,17,12,25,24,0,20,25,25,14,18,20,11,3,10,10,23,18,24,27,7,10,21,10,26,23,23,12,22,24,24,27,19,11,8,17,4,25,9,11,24,11,24,23,10,13,25,17,16,26,24,26,6,23,18,23,10,4,14,9,21,26,15,11,18
15,12,11,22,12,13,13,14,20,11,12,10,13,22,13,8,4,9,2,24,11,19,11,22,5,23,8,10,10,13,5,6,8,8,17,19,8,20,9,20,15,3,4,16,14,12,21,7,9,8,8,7,4,11,11,9,8,13,17,10,9,18,0,11,11,17,4,7,22,18,15,19,8,8,10,13,17,14,10,20,11,9,8,15,9,10,10,13,5,21,19,8,17,9,14,15,10,15,10,8,16,14,10,15,10,11,21,12,16,5,3,8,19,17,12,18,23,13,15,19,6
15,6,5,20,5,18,4,13,24,3,17,6,4,26,16,7,13,10,12,25,5,23,4,26,10,24,6,5,5,5,10,10,12,8,21,23,8,22,7,25,17,9,10,21,15,19,24,6,15,6,14,8,10,16,13,9,9,16,22,3,6,23,11,0,1,20,12,10,24,22,19,23,4,15,4,2,21,20,11,22,3,6,10,19,8,3,5,2,10,23,24,14,21,7,18,20,4,19,5,7,20,18,4,14,15,5,26,4,20,11,11,6,23,22,15,23,26,5,16,23,9
14,6,5,20,5,18,4,12,23,3,16,6,4,25,16,7,12,9,11,24,5,22,3,25,9,24,7,5,5,5,9,9,11,7,21,23,7,21,7,24,16,8,9,20,14,18,23,5,14,7,13,8,9,15,12,9,8,15,21,3,5,22,10,2,0,19,11,9,23,21,19,22,4,14,5,3,20,19,10,21,3,5,9,18,8,2,5,3,9,22,23,13,20,6,17,19,4,18,5,6,19,17,4,13,15,6,25,4,19,10,10,6,22,21,15,22,25,6,16,22,9
8,24,23,8,23,8,22,10,16,21,10,21,22,14,9,22,18,22,17,10,23,8,19,21,17,9,22,23,23,22,19,19,23,17,10,18,22,6,23,19,7,17,15,11,8,9,19,19,14,22,12,21,20,13,11,22,16,10,3,20,21,13,17,20,20,0,17,21,11,12,6,7,19,14,22,21,9,6,15,5,21,20,16,6,22,20,23,21,19,10,11,12,13,18,10,4,20,7,23,17,5,7,21,10,12,23,24,22,12,19,18,22,6,12,10,9,22,22,8,5,18
15,13,13,19,14,11,14,14,17,13,10,11,15,20,13,10,2,10,3,23,13,16,13,20,7,22,10,12,11,14,7,7,10,9,14,16,10,17,10,18,15,5,5,14,14,11,18,9,7,10,8,9,6,10,11,10,9,13,17,11,11,16,4,12,12,16,0,8,20,15,15,16,10,7,12,14,14,13,11,17,13,10,9,15,10,11,11,14,7,19,17,8,14,10,11,15,11,14,12,10,16,14,12,15,9,13,19,14,13,7,5,10,17,15,11,16,20,14,15,18,8
18,11,10,22,11,14,12,16,20,11,12,9,12,22,18,7,10,7,7,25,10,19,11,22,5,25,7,9,9,11,5,7,6,11,17,19,7,20,7,20,20,8,8,16,18,15,20,7,11,7,13,6,5,15,16,7,12,18,21,9,9,18,6,10,10,20,9,0,22,18,18,19,8,13,9,12,17,17,13,20,11,8,12,20,7,9,9,12,5,21,19,13,17,10,14,18,9,18,9,11,19,19,10,17,14,10,22,11,16,8,6,7,20,17,15,18,22,11,19,21,4
15,27,27,9,26,13,26,14,12,24,11,25,25,4,18,24,19,23,21,10,27,6,22,20,19,9,23,25,25,26,20,23,24,21,9,19,24,8,24,20,17,22,22,7,16,14,21,23,15,23,18,22,21,18,17,23,20,18,10,23,25,9,21,23,23,12,19,22,0,10,12,7,23,19,26,25,10,12,19,8,24,24,20,15,23,23,25,25,20,3,4,19,10,21,11,13,24,14,25,21,13,15,24,15,17,27,26,25,11,24,20,24,7,8,15,6,20,26,16,11,19
14,24,24,11,25,10,25,16,5,24,8,23,26,9,15,21,17,21,18,15,24,9,24,20,16,15,21,22,22,25,18,21,22,21,5,17,21,9,21,18,13,20,18,4,14,11,18,21,13,21,15,19,19,15,16,21,21,16,10,23,23,3,19,24,24,12,17,19,10,0,9,8,22,16,23,25,6,9,20,9,25,22,21,11,21,23,22,26,17,10,7,16,3,23,8,10,23,10,23,22,9,11,24,16,15,24,23,25,5,21,17,21,9,3,12,8,21,25,14,9,17
8,23,23,11,22,7,22,10,12,20,8,20,21,14,8,21,16,20,15,13,23,8,20,19,16,12,20,22,22,22,17,18,22,16,8,16,21,7,21,17,7,15,14,8,7,7,18,18,12,20,10,19,18,10,10,20,15,9,6,19,20,10,15,19,19,6,15,19,13,9,0,7,18,12,22,21,5,2,14,6,20,19,16,5,21,19,22,21,17,11,12,11,9,18,8,3,19,4,22,16,2,5,20,9,10,23,22,21,8,18,17,21,8,9,7,10,20,22,7,5,16
14,26,25,11,26,11,27,16,13,26,9,24,27,12,15,22,18,22,19,13,25,6,25,21,17,13,22,24,23,26,19,22,23,22,7,18,22,5,22,19,13,21,20,8,14,13,20,22,14,22,17,20,20,17,17,22,22,16,6,24,24,10,20,25,25,8,18,20,10,10,9,0,23,18,24,27,7,9,21,5,26,23,22,11,22,24,24,27,19,8,8,17,10,24,9,9,24,10,24,23,10,12,25,16,16,25,24,26,10,23,18,22,6,9,13,7,22,26,14,6,18
14,7,6,19,5,17,5,12,22,3,15,3,5,24,15,5,11,8,8,23,6,21,4,24,8,23,5,5,5,6,8,6,10,7,20,21,5,21,6,23,16,6,7,19,14,17,22,2,13,5,11,6,8,14,12,8,8,14,20,2,3,21,7,4,4,18,10,8,22,20,17,21,0,13,6,5,19,17,9,20,3,2,8,17,6,2,6,6,8,22,22,11,19,6,16,17,2,16,6,6,18,15,3,13,13,6,24,4,18,7,9,5,21,20,13,21,24,6,15,21,8
12,18,17,17,17,9,17,11,16,16,8,15,17,19,10,15,9,15,8,20,17,15,15,19,11,19,14,17,16,17,11,12,15,11,13,15,14,15,15,16,12,9,7,13,11,7,17,13,6,14,6,14,11,8,9,15,11,9,13,14,15,15,9,15,14,12,8,13,18,14,11,15,13,0,17,16,12,9,10,15,16,14,11,12,15,14,16,16,11,17,15,6,13,13,10,11,14,10,16,11,11,10,15,12,5,18,17,17,12,11,9,15,16,14,7,15,19,17,12,14,11
17,5,4,23,5,20,5,15,25,5,18,6,4,28,19,5,15,9,12,27,2,25,7,28,11,27,5,5,5,5,10,11,13,10,23,25,7,25,6,26,20,11,13,22,18,21,25,8,16,5,16,7,10,18,16,8,12,19,24,6,7,24,11,5,5,22,14,10,26,24,22,25,7,18,0,6,23,22,13,24,5,8,12,21,6,7,4,6,10,25,25,16,23,10,19,22,6,21,3,10,22,20,6,17,18,4,27,5,22,12,11,4,25,23,18,24,27,5,19,25,10
17,6,6,22,6,20,5,15,26,4,19,7,3,28,18,7,15,10,13,27,5,25,5,28,12,26,7,6,6,5,12,11,14,10,23,25,9,24,7,26,19,11,12,23,17,21,26,7,17,7,15,8,12,18,15,10,11,18,23,5,7,25,12,3,3,22,14,12,26,24,21,25,6,17,5,0,23,22,13,24,4,7,12,21,8,5,5,1,12,25,26,16,23,9,20,22,5,21,5,9,22,19,5,16,17,6,28,4,22,12,13,6,25,24,17,25,28,5,18,25,11
10,22,22,11,23,8,23,12,9,22,6,21,24,12,11,19,14,19,16,14,22,7,22,18,14,14,18,20,20,23,15,19,20,18,5,14,19,6,19,16,9,17,16,4,10,9,16,19,11,18,13,17,16,13,13,18,18,12,7,21,20,7,16,22,21,9,14,17,11,6,5,7,20,14,21,23,0,5,16,6,22,20,18,7,19,21,20,23,15,10,8,13,6,20,6,6,21,6,20,18,5,7,22,12,12,22,21,23,6,19,15,19,7,5,9,8,18,23,10,6,14
7,23,22,11,22,6,21,9,12,20,7,20,21,15,8,21,16,20,15,13,22,10,19,19,15,13,20,21,21,21,17,17,21,15,8,15,21,8,21,17,6,15,13,8,7,6,17,17,12,20,10,19,18,10,10,20,15,9,6,19,19,10,15,19,19,6,15,19,14,9,2,9,17,12,21,20,5,0,14,8,20,18,15,4,20,18,22,20,17,12,12,10,9,17,8,3,18,3,22,15,3,4,19,9,9,22,22,21,8,17,16,21,9,9,6,11,19,21,7,6,16
10,14,13,16,12,14,12,8,22,11,15,12,12,21,9,12,10,13,9,20,13,19,10,25,13,20,12,13,13,12,12,10,15,5,19,22,12,18,13,23,11,8,7,19,10,13,24,10,12,12,8,12,11,10,6,13,4,8,16,10,12,21,8,9,9,14,9,13,19,20,13,19,9,10,12,11,17,14,0,17,11,11,4,11,13,10,13,11,12,19,21,8,19,6,16,14,11,13,13,6,14,11,11,9,10,13,24,12,18,10,10,13,18,20,10,19,26,12,11,17,13
11,25,24,7,25,11,25,13,12,24,9,24,24,10,11,22,17,21,19,9,24,4,21,21,16,9,21,23,23,25,18,21,22,20,7,17,22,1,22,18,10,19,18,7,11,11,19,21,13,21,15,20,19,15,13,21,19,12,3,23,23,9,19,22,22,5,17,20,8,9,7,3,22,16,24,24,6,7,17,0,24,22,19,8,21,22,23,24,18,6,7,15,9,20,8,6,23,9,23,20,7,9,24,13,14,25,23,25,9,22,18,22,2,8,12,4,21,25,10,4,17
17,4,3,22,2,19,4,15,25,3,17,3,5,27,18,5,14,9,11,26,4,24,5,27,11,26,5,3,3,5,11,9,13,9,22,24,6,24,6,25,19,9,11,22,17,20,25,6,16,5,15,7,10,17,15,9,11,18,23,4,4,24,10,4,4,21,13,10,25,23,21,24,4,16,3,5,22,21,12,23,0,5,11,20,7,4,4,5,10,25,24,15,22,9,19,21,4,20,4,9,21,19,2,16,17,3,27,4,21,10,12,5,24,22,17,23,26,6,18,24,10
15,8,7,20,6,18,7,13,23,6,16,4,8,26,16,6,12,9,9,25,8,23,6,25,9,24,6,5,5,9,9,7,11,8,21,23,5,22,7,24,17,8,9,20,15,18,23,4,14,5,13,7,9,15,13,9,9,16,22,4,4,22,8,6,6,20,11,9,24,21,19,22,3,14,8,8,20,19,11,22,6,0,10,18,7,4,8,8,9,23,23,13,20,7,17,19,4,18,8,8,19,17,5,14,15,7,25,7,19,8,10,6,23,21,15,22,25,9,16,23,9
11,14,13,16,13,16,12,9,24,11,17,13,12,21,11,12,11,13,10,20,13,19,9,27,14,20,12,13,13,12,13,11,16,5,21,23,12,18,13,24,13,9,9,21,11,15,25,10,14,12,10,12,12,12,8,13,4,10,17,10,12,23,9,10,10,15,10,13,19,22,15,20,10,11,12,11,19,16,4,18,11,11,0,14,13,10,13,11,13,19,21,10,21,6,17,16,11,15,13,6,16,13,11,10,12,13,25,12,20,11,11,13,18,22,12,19,27,12,12,19,13
5,21,21,10,20,7,20,7,14,18,8,18,19,16,5,20,14,20,14,13,21,10,17,20,16,12,19,19,20,20,17,16,20,13,10,16,19,9,20,17,4,13,12,9,5,7,18,16,12,19,8,19,16,9,7,20,13,6,6,17,18,12,13,17,17,5,13,18,14,11,4,10,16,12,20,19,7,4,11,9,18,17,13,0,20,17,20,19,17,13,14,9,11,16,8,4,17,4,20,14,4,2,18,7,9,21,23,19,10,15,15,20,10,10,6,12,20,20,4,8,17
18,7,6,23,8,16,8,16,21,8,14,7,8,24,19,4,11,5,8,27,6,21,10,23,7,27,2,6,5,8,6,7,9,11,19,21,4,22,3,22,20,8,10,18,18,17,21,7,12,3,14,3,6,17,16,4,12,19,22,9,7,20,7,8,8,21,10,7,24,19,20,20,8,15,5,9,18,19,13,21,8,6,12,21,0,8,5,9,6,23,21,14,18,10,15,20,8,20,5,11,21,20,7,17,16,7,23,7,17,8,8,4,21,19,17,20,23,8,19,22,7
15,7,6,20,5,18,5,13,24,3,16,4,6,26,16,6,12,9,9,25,7,23,3,26,10,24,6,6,6,6,10,7,11,7,21,23,6,22,7,24,17,7,9,20,15,18,24,4,14,6,13,7,9,15,13,9,9,15,21,2,4,22,8,4,4,20,11,9,23,22,19,23,2,14,6,5,21,19,10,22,3,3,9,18,8,0,6,5,9,23,23,13,21,6,18,19,2,18,6,7,19,17,3,14,15,6,25,5,20,8,10,7,23,21,14,22,25,7,16,23,9
17,3,2,23,4,18,4,15,24,4,16,5,5,27,19,4,13,7,10,27,3,23,6,26,10,27,3,4,4,5,9,9,11,10,21,23,5,24,4,24,19,11,12,21,17,19,24,7,15,3,16,5,8,18,16,6,12,19,24,5,6,23,9,4,4,22,12,9,26,22,22,23,5,17,2,5,21,21,13,24,4,7,12,21,5,6,0,5,8,25,23,16,21,10,18,22,5,21,1,10,22,20,4,16,18,3,26,4,20,10,10,3,24,22,18,22,25,5,19,25,9
17,6,6,22,6,20,5,15,26,4,19,7,3,28,18,7,15,10,13,27,5,25,5,28,12,26,7,6,6,5,12,11,14,10,23,25,8,24,7,26,19,11,12,23,17,21,26,7,17,7,15,8,11,18,15,10,11,18,23,5,7,25,12,3,3,22,14,11,25,24,21,25,5,17,5,3,23,21,12,24,4,7,11,21,8,5,5,0,12,25,26,16,23,9,20,21,5,21,5,9,22,19,5,16,17,6,28,4,22,12,13,6,25,24,17,25,28,5,18,25,11
18,10,10,20,11,12,11,16,18,10,10,9,12,20,16,7,7,7,6,23,10,17,10,20,3,23,7,8,8,11,2,7,7,11,15,17,7,18,7,18,18,8,7,14,17,13,19,7,9,7,11,5,4,14,15,7,11,16,19,9,9,16,5,10,10,18,7,5,20,16,16,17,8,11,9,11,15,15,13,18,10,8,11,18,7,9,8,12,0,19,17,11,15,10,12,16,9,16,9,10,17,17,10,17,12,10,20,11,14,8,4,7,17,15,13,16,21,11,19,18,2
16,26,25,8,26,12,26,15,13,25,10,24,26,6,17,23,18,22,20,12,25,4,23,22,17,11,22,24,24,26,19,22,23,21,8,18,23,7,23,19,16,21,20,8,16,13,20,22,14,22,17,21,20,17,18,22,20,17,9,24,24,11,20,24,24,11,18,21,3,10,11,6,23,18,24,25,9,11,20,6,25,23,20,13,22,24,24,25,19,0,5,17,10,22,9,12,24,13,24,22,12,14,25,16,16,26,24,26,10,23,18,23,6,9,14,5,22,26,16,9,18
16,26,25,10,26,11,27,16,10,26,10,24,27,6,17,22,18,22,19,12,25,5,24,21,17,11,22,24,24,26,19,22,23,23,7,18,22,8,23,19,15,21,20,5,16,13,20,22,14,22,17,21,20,17,18,22,22,17,10,24,24,7,20,25,25,12,18,20,5,7,11,6,23,18,24,27,8,11,21,7,26,23,22,13,22,24,24,27,19,5,0,17,8,23,9,12,24,12,24,23,11,13,25,18,16,25,24,26,9,23,18,22,7,5,14,5,22,26,16,10,18
9,18,17,17,16,9,16,8,16,15,10,14,16,19,7,15,9,15,8,19,17,16,14,20,12,18,15,16,16,16,12,11,15,10,14,17,15,15,15,18,9,8,6,14,8,8,19,12,8,14,2,14,11,4,5,15,10,7,12,13,14,15,9,14,14,12,8,13,19,15,10,16,12,6,16,15,12,9,9,15,15,13,10,9,15,13,16,15,12,18,16,0,14,12,10,10,13,9,17,10,10,8,14,9,4,17,19,16,13,11,10,15,16,15,5,16,21,16,9,14,13
15,24,23,12,24,10,25,17,5,24,8,23,26,10,15,21,16,20,18,15,23,9,24,20,15,15,20,22,22,25,17,20,21,21,5,16,21,10,21,17,14,19,18,4,15,11,18,20,12,20,15,19,18,15,16,20,21,15,11,23,22,4,18,24,24,13,16,19,11,3,9,9,21,16,23,25,7,9,19,9,24,21,21,12,20,23,22,25,17,11,8,15,0,23,8,10,23,10,22,21,10,12,23,16,14,24,22,25,4,21,17,21,10,3,12,8,20,24,14,10,16
13,10,10,18,9,17,9,10,24,7,17,8,8,23,14,9,10,10,8,22,10,21,5,27,10,22,9,9,9,9,10,8,12,3,22,24,8,20,10,25,15,6,7,21,13,16,24,6,15,9,11,9,10,13,10,10,4,13,19,6,8,23,7,6,6,17,9,10,21,22,17,22,5,12,9,8,20,17,8,19,8,7,6,16,10,6,10,8,10,21,23,11,22,0,18,17,7,16,9,2,17,15,8,12,13,10,26,8,21,8,10,9,20,22,13,21,26,9,14,20,10
12,19,19,11,20,4,20,13,9,19,3,18,21,12,11,16,11,16,13,15,19,9,19,15,11,15,15,17,17,20,12,16,17,17,7,11,16,10,16,13,11,15,14,6,11,7,13,16,8,15,11,14,13,11,12,16,17,11,9,18,18,8,13,19,19,9,11,14,12,7,7,9,17,11,18,20,6,6,15,9,19,17,17,9,16,18,17,20,12,11,9,11,7,19,0,7,18,7,18,17,8,9,19,13,9,19,18,20,5,16,12,16,9,7,8,8,15,20,11,10,11
8,23,23,10,22,6,22,10,12,20,8,20,21,15,8,21,16,20,15,12,23,9,20,19,15,12,20,21,21,21,17,18,21,15,8,16,21,7,21,17,7,15,14,8,7,7,17,18,12,20,10,19,18,10,10,20,15,9,5,19,20,10,15,19,19,5,15,19,13,10,2,8,17,12,22,20,6,2,14,7,20,19,15,4,20,19,22,21,17,11,12,11,10,18,8,0,19,4,22,16,1,5,20,9,10,23,22,21,8,17,17,21,8,9,7,10,20,22,7,6,16
15,6,5,21,4,18,5,13,24,3,16,3,5,26,16,6,12,9,10,25,6,23,5,26,10,25,6,4,5,6,10,7,12,8,21,23,6,22,7,24,17,8,9,21,15,18,24,4,15,6,13,7,9,15,13,9,10,16,22,3,3,23,9,4,4,20,11,9,24,22,19,23,2,14,5,5,21,19,11,22,3,3,10,18,8,3,6,6,10,23,23,13,21,7,18,19,0,18,6,8,19,17,2,14,15,5,26,4,20,9,11,6,23,22,15,23,25,6,17,23,9
7,21,20,12,20,7,19,9,14,18,8,18,19,17,7,19,14,20,13,14,20,10,17,19,15,13,19,19,19,19,17,15,20,13,10,16,19,9,20,17,6,13,11,10,6,7,18,15,11,19,8,19,16,8,8,20,13,7,7,17,17,12,13,17,17,6,13,18,15,11,4,10,15,11,19,18,7,3,12,9,18,16,13,4,20,16,20,18,16,13,14,9,11,15,8,4,16,0,20,13,4,4,17,8,8,20,22,19,10,15,14,19,10,11,5,12,20,19,6,8,16
18,4,3,24,5,18,5,16,24,5,16,6,5,26,20,3,13,7,10,28,3,23,7,26,9,28,3,4,5,4,8,9,11,11,21,23,5,24,4,24,20,10,11,20,18,19,24,8,14,3,16,5,8,18,16,6,12,19,25,6,7,22,9,5,5,23,12,8,26,22,22,23,6,16,2,6,21,21,14,24,5,7,13,22,4,6,2,6,8,25,23,16,21,10,18,22,6,22,0,11,23,21,5,17,18,4,25,4,20,10,10,2,23,21,19,22,25,4,20,24,8
11,12,11,17,10,16,10,9,24,9,17,9,10,22,13,10,10,11,8,21,11,19,6,27,12,21,10,10,10,10,11,8,14,2,21,23,10,18,11,25,13,6,7,21,11,15,25,6,14,10,10,10,10,12,9,11,3,12,18,8,8,23,7,7,7,16,9,11,20,22,16,20,6,12,10,9,19,16,7,18,9,7,4,15,11,7,11,9,11,19,22,10,21,3,18,16,7,15,11,0,17,14,8,10,12,11,25,10,20,8,10,11,19,22,12,19,27,10,13,19,11
7,23,22,11,21,6,21,9,12,20,7,19,21,15,7,20,15,20,15,13,22,9,19,19,15,13,20,21,21,21,17,17,21,15,8,15,20,7,20,16,6,14,13,7,7,6,17,17,12,20,10,18,17,10,9,20,15,8,6,18,19,10,15,18,18,6,14,18,14,9,2,8,17,11,21,20,5,2,13,7,20,18,15,4,20,18,22,20,16,11,12,10,9,17,7,2,18,3,22,15,0,4,19,9,9,22,22,21,8,17,16,20,8,8,6,10,19,21,6,6,16
5,20,20,11,19,8,19,7,15,17,9,17,18,17,5,19,13,19,13,13,20,11,17,20,16,12,19,19,19,19,16,15,19,13,11,16,18,10,19,18,4,12,11,10,4,7,18,15,12,18,8,18,15,8,7,19,12,6,7,16,17,13,12,16,16,6,13,17,14,12,4,11,15,11,19,18,8,5,11,9,17,16,13,2,19,16,20,18,16,14,14,8,12,15,9,5,16,5,19,13,5,0,17,6,8,20,22,18,11,15,14,19,10,11,5,13,20,19,4,8,17
15,5,4,21,3,19,4,13,24,1,17,4,4,26,17,6,13,10,10,25,5,24,4,27,10,25,6,4,4,5,10,8,12,8,22,24,7,23,7,25,17,8,10,21,15,19,24,5,15,6,14,8,10,16,14,9,10,16,22,3,5,23,9,3,3,20,12,10,24,22,20,24,3,15,4,4,22,20,11,22,1,4,10,19,8,3,5,4,10,23,24,14,22,8,18,20,3,19,5,8,20,18,0,14,16,4,26,3,21,9,11,6,23,22,15,23,26,5,17,23,10
3,19,19,13,18,9,18,4,17,17,10,17,18,18,3,18,13,19,12,16,19,14,14,21,16,15,18,18,18,18,16,15,19,12,14,18,17,12,19,19,4,12,10,14,2,9,20,14,11,17,7,17,15,8,5,19,12,4,10,16,16,16,12,15,15,8,12,17,16,15,8,13,14,10,18,17,11,8,9,12,17,15,12,6,19,15,19,17,16,16,17,8,14,13,11,8,15,8,19,13,8,5,16,0,7,19,23,18,13,14,14,18,13,14,5,15,22,18,4,11,16
9,19,18,16,18,8,18,9,15,16,8,16,17,18,7,15,9,15,9,19,18,15,16,18,10,18,15,17,17,17,12,13,15,11,13,14,15,14,16,15,9,10,8,12,8,6,16,13,5,15,5,14,11,5,7,15,11,7,12,15,15,14,9,15,15,11,8,13,18,13,10,14,13,5,17,17,11,8,10,14,16,15,11,9,15,15,17,17,12,17,15,5,12,14,9,10,15,8,17,12,10,8,16,10,0,18,17,17,11,12,10,15,15,13,5,14,18,18,10,13,11
18,2,3,23,4,19,5,16,25,4,17,5,5,28,19,4,14,8,12,28,3,24,7,27,11,27,5,4,4,6,10,10,12,11,22,24,6,25,5,25,20,11,13,21,18,20,25,8,16,5,16,6,9,19,16,8,12,19,24,5,6,24,11,4,4,23,14,10,26,23,22,24,6,18,2,6,22,22,13,25,4,7,12,22,6,6,3,6,10,26,24,17,22,10,19,22,6,21,3,10,23,20,4,17,18,0,27,4,21,12,11,4,25,22,18,23,26,6,19,26,10
24,28,27,26,28,18,29,24,24,28,16,26,29,27,22,24,18,24,20,29,27,23,28,20,19,29,24,26,26,28,21,24,25,25,21,18,24,24,24,18,24,21,21,20,23,19,15,24,14,24,20,23,22,20,22,24,25,22,24,26,26,23,20,27,27,23,18,22,26,22,22,23,25,19,26,29,21,21,25,24,28,25,25,24,24,26,26,29,21,25,23,20,21,27,18,22,26,22,26,26,23,23,27,25,18,27,0,28,20,23,20,24,24,21,19,22,20,28,24,25,20
17,4,4,22,4,20,2,14,26,3,18,5,4,27,18,6,14,9,12,26,4,25,5,28,11,26,5,4,4,5,10,9,13,9,23,25,7,24,6,26,19,10,11,22,17,20,26,6,17,5,15,7,10,17,15,8,11,18,23,4,5,24,11,3,3,21,13,10,25,24,21,25,4,16,3,4,23,21,12,23,3,5,11,20,7,4,4,4,10,25,25,15,23,9,20,21,4,20,4,9,21,19,3,16,17,3,28,0,22,10,12,4,24,23,17,24,27,5,18,24,11
14,23,22,12,23,8,24,16,6,23,6,21,24,11,14,19,15,19,16,16,22,10,23,18,14,16,19,21,21,23,16,19,20,19,6,15,19,9,19,16,13,18,17,5,14,10,17,19,11,19,13,18,17,13,14,19,19,14,11,21,21,6,17,22,22,11,15,17,12,4,8,10,20,15,21,24,6,8,18,9,23,20,19,11,19,21,21,24,16,12,9,14,4,22,5,9,21,9,21,20,9,11,22,15,13,22,21,23,0,20,15,19,10,5,10,9,19,23,13,10,15
16,11,11,23,10,16,11,15,22,10,14,8,12,25,14,8,6,9,4,26,11,21,10,25,8,26,7,9,9,12,7,4,9,9,19,21,8,22,8,22,16,4,5,19,15,14,23,6,11,7,9,7,5,12,12,9,9,14,20,8,8,21,3,10,10,19,6,7,24,20,17,21,7,10,10,11,19,16,11,22,10,7,9,16,9,8,9,11,7,23,21,9,19,10,16,17,8,16,9,9,18,15,9,16,12,11,23,11,18,0,5,8,22,19,13,20,25,12,17,21,7
16,11,11,20,12,12,12,14,18,12,11,11,13,21,13,8,5,8,3,24,11,17,12,21,4,23,7,10,9,12,4,6,8,10,15,17,8,18,8,18,15,5,5,15,14,12,19,8,9,7,8,7,4,11,12,8,9,13,18,11,10,17,4,12,11,17,4,6,21,16,16,17,9,8,10,13,15,14,12,18,12,9,9,15,8,11,9,13,5,20,18,8,15,11,12,16,10,15,9,10,16,14,11,16,10,11,20,12,14,7,0,8,18,16,12,17,21,12,16,19,5
18,6,5,23,7,17,7,16,23,7,15,6,7,26,19,2,13,7,10,27,5,22,9,25,9,27,3,4,4,7,8,8,11,11,20,22,3,23,4,23,20,10,11,20,18,18,23,7,14,3,15,5,8,18,16,6,12,19,24,8,6,22,9,7,7,22,12,8,25,21,22,22,7,16,4,8,20,20,13,23,7,5,12,21,4,8,4,8,8,24,22,15,20,10,17,22,7,21,4,10,22,20,6,17,17,6,25,6,19,10,9,0,23,20,18,21,24,7,19,24,8
13,24,24,7,25,10,25,14,11,24,8,23,25,9,13,21,16,20,18,10,24,3,22,20,16,10,20,22,22,25,17,21,21,20,6,16,21,3,21,18,12,19,19,7,12,11,18,21,13,20,15,19,18,15,15,20,20,14,5,23,22,9,18,23,23,7,16,19,7,8,9,3,22,16,23,24,7,9,19,2,24,22,20,9,21,23,22,24,17,5,6,16,9,21,8,8,23,10,22,21,9,11,24,14,14,24,23,25,8,21,17,21,0,8,12,4,20,25,12,5,16
13,24,23,10,24,10,25,15,7,24,8,23,26,9,14,21,16,20,18,13,23,7,24,20,15,13,20,22,22,25,17,20,21,21,4,16,21,7,21,17,12,19,18,2,13,11,18,20,12,20,15,19,18,15,16,20,21,15,9,23,22,4,18,24,24,11,16,19,8,4,8,6,21,16,23,25,5,8,19,8,24,21,21,10,20,23,22,25,17,8,5,15,5,23,8,9,23,9,22,21,8,10,23,15,14,24,22,25,6,21,17,21,8,0,12,6,20,24,13,8,16
8,18,17,15,17,6,16,7,14,15,7,15,16,17,5,16,10,16,9,17,17,14,14,18,12,16,16,16,16,16,13,13,16,10,12,14,16,13,17,15,7,9,8,11,6,6,16,12,7,16,4,15,12,4,5,16,10,5,10,14,14,13,10,14,14,9,9,14,17,12,7,13,12,7,17,15,9,6,9,12,15,14,10,7,16,14,17,15,13,16,14,5,11,12,8,8,13,6,17,11,8,6,14,8,4,18,19,16,10,12,11,16,13,12,0,13,18,17,8,11,13
15,24,24,8,25,10,25,14,12,24,8,23,25,7,16,21,17,21,18,11,24,3,22,20,16,11,21,22,22,25,18,21,22,21,6,17,21,5,21,18,14,20,19,7,15,12,18,21,13,21,15,19,19,16,17,21,20,16,7,23,23,9,19,23,23,9,17,19,6,9,10,5,22,16,23,25,7,10,19,5,25,22,20,12,21,23,22,25,17,3,5,16,9,21,8,11,23,11,23,21,10,13,24,15,15,24,23,25,8,21,17,21,4,8,12,0,21,25,15,8,17
23,27,26,23,27,15,28,23,21,26,14,25,28,21,21,23,21,23,23,27,26,20,26,3,20,26,23,24,24,27,22,23,21,27,18,8,23,21,24,4,22,24,23,18,22,16,6,23,17,23,20,22,23,21,22,23,27,21,22,25,25,20,23,26,26,21,21,22,21,19,20,20,24,21,25,27,18,18,25,21,26,24,27,21,23,25,25,27,22,22,21,20,18,26,15,20,25,19,25,26,20,20,26,23,19,26,19,27,17,25,21,24,21,19,18,20,0,27,23,22,21
18,7,6,23,7,20,6,16,25,6,18,8,4,28,19,6,16,9,13,28,5,24,8,27,11,27,6,7,8,2,11,12,13,11,22,24,8,25,7,26,20,12,13,22,18,21,25,9,16,6,16,8,11,19,16,7,12,19,24,7,9,24,12,6,6,23,15,11,26,23,22,24,7,18,5,7,22,22,13,25,6,8,12,22,7,7,4,7,11,26,25,17,22,10,19,22,7,21,4,10,23,20,6,17,18,7,27,6,21,13,12,5,25,23,18,24,27,0,19,26,11
3,21,20,13,20,9,19,5,16,18,10,18,19,19,4,19,14,20,13,15,20,13,16,21,17,15,19,19,19,19,17,16,20,13,13,17,19,12,20,19,2,13,12,13,3,8,19,16,13,19,8,19,16,9,7,20,13,5,9,17,18,15,13,17,17,8,13,18,16,14,7,13,15,12,19,18,11,7,10,11,18,17,13,5,20,17,20,18,17,16,16,9,14,15,10,7,17,7,20,14,7,4,18,5,9,20,23,19,13,15,15,19,12,14,6,15,21,19,0,11,18
11,25,25,10,25,9,25,13,12,24,9,23,25,12,12,22,18,22,19,12,25,6,22,21,17,12,22,23,23,25,18,21,23,19,8,18,22,4,22,19,10,19,17,7,11,10,19,21,14,22,14,20,20,14,14,22,19,13,4,22,23,10,19,22,22,6,18,20,10,9,6,5,21,16,24,24,5,6,17,4,24,22,19,7,22,22,23,24,18,8,9,14,9,20,9,6,22,7,24,19,5,8,23,13,13,25,24,25,9,21,18,22,5,8,10,7,22,25,11,0,18
17,10,9,20,10,12,11,15,18,10,10,8,11,21,17,7,8,6,6,24,9,17,10,21,3,23,6,8,8,10,3,6,7,10,15,17,7,18,7,18,19,7,7,15,17,13,19,6,9,6,11,5,4,14,15,6,11,16,19,9,8,17,5,9,9,18,7,4,20,16,17,17,7,11,8,11,15,15,13,18,10,7,11,18,6,9,8,11,3,19,17,11,15,9,12,17,8,16,8,10,17,17,9,16,12,10,20,10,14,7,4,7,18,16,13,17,21,10,19,19,0
