Name: bar-n15-m4-c2-OD-small
Type: GPDPOD-IMC
Commodity type: 4
Compartment num: 2
CapacityHD: 100
VehicleHDs: 4
CapacityOD: 50
VehicleODs: 3
ID Xc Yc DEMAND StartT EndT SerT PairedID
0,41.3722496,2.1636008,[0, 0, 0, 0],0,240,0,0
1,41.4130442,2.1544329,[14, 6, 2, 8],140,240,10,8
2,41.3812716,2.1648239,[14, 6, 2, 25],0,240,10,9
3,41.3519567,2.0735431,[7, 2, 1, 14],55,175,10,10
4,41.4548986,2.2100092,[14, 6, 2, 29],129,240,10,11
5,41.4534576,2.2083022,[14, 6, 2, 14],0,240,10,12
6,41.4305053,2.2299845,[14, 6, 2, 34],123,240,10,13
7,41.4326536,2.2222507,[14, 6, 2, 11],55,175,10,14
8,41.3769211,2.1677816,[-14, -6, -2, -8],162,237,10,1
9,41.3746145,2.1643053,[-14, -6, -2, -25],0,240,10,2
10,41.4181979,2.1769714,[-7, -2, -1, -14],84,204,10,3
11,41.4525037,2.2152076,[-14, -6, -2, -29],141,222,10,4
12,41.3928679,2.1517648,[-14, -6, -2, -14],0,240,10,5
13,41.4392121,2.1883898,[-14, -6, -2, -34],143,221,10,6
14,41.3536974,2.0864987,[-14, -6, -2, -11],90,210,10,7
StartID EndID StartX StartY EndX EndY StartT EndT
15,18,41.444587,2.2195466,41.4093525,2.1758077,98,491
16,19,41.4062484,2.1650543,41.4201793,2.2027689,122,476
17,20,41.3717312,2.0889754,41.3599849,2.0740359,115,475
edge
0,13,5,15,17,18,14,15,3,2,13,18,8,17,15,18,11,15,11,14,17
12,0,10,17,14,15,15,14,12,11,6,15,7,11,15,16,5,13,6,10,16
6,12,0,16,17,18,14,15,4,5,12,18,7,16,16,18,10,16,10,13,18
15,18,17,0,21,22,23,24,16,16,19,23,14,20,4,24,18,7,18,22,4
18,14,19,22,0,2,9,8,17,18,11,2,16,6,19,5,14,17,13,9,21
18,15,19,23,2,0,10,8,17,18,11,3,17,6,20,5,14,18,12,9,21
15,15,16,23,9,9,0,3,14,15,12,8,15,10,23,6,14,21,12,6,24
15,14,16,23,7,8,3,0,14,15,10,7,14,9,22,6,12,20,11,5,24
3,10,3,16,18,19,14,15,0,2,10,19,5,15,15,19,9,14,9,11,17
2,13,6,15,17,18,14,15,3,0,13,19,8,18,15,18,11,15,11,14,17
13,6,11,20,10,11,11,10,13,11,0,11,9,6,17,12,5,15,4,6,19
18,15,19,23,2,2,9,8,17,18,12,0,17,7,21,4,14,19,13,9,22
8,7,5,16,15,16,14,14,8,6,7,17,0,12,13,17,5,11,6,10,14
19,12,17,22,7,8,11,9,18,18,8,8,15,0,19,9,11,17,10,9,20
15,16,16,4,20,21,22,23,15,15,17,21,12,19,0,23,16,5,17,21,4
18,17,19,25,5,6,7,5,17,18,13,5,18,9,22,0,15,20,13,8,23
10,5,8,19,13,14,13,12,10,9,4,14,6,9,16,15,0,14,4,8,18
13,14,13,8,17,18,22,21,15,13,15,19,10,16,5,20,14,0,15,18,6
11,5,9,19,12,13,12,10,11,10,4,13,8,8,17,14,4,14,0,6,18
14,10,12,22,9,10,7,6,13,13,7,10,11,8,22,9,9,20,7,0,23
17,19,17,4,22,23,24,25,17,17,20,24,15,21,6,25,19,6,19,23,0
