Name: bar-n45-m4-c3-OD-small
Type: GPDPOD-IMC
Commodity type: 4
Compartment num: 3
CapacityHD: 100
VehicleHDs: 12
CapacityOD: 50
VehicleODs: 9
ID Xc Yc DEMAND StartT EndT SerT PairedID
0,41.3722496,2.1636008,[0, 0, 0, 0],0,240,0,0
1,41.4637349,2.2388505,[3, 1, 0, 7],126,240,10,23
2,41.3741082,2.1246055,[7, 2, 1, 13],0,74,10,24
3,41.3375512,2.1083287,[14, 6, 2, 11],0,98,10,25
4,41.3769361,2.105641,[7, 2, 1, 8],49,169,10,26
5,41.4319909,2.2300518,[14, 6, 2, 28],20,140,10,27
6,41.4478675,2.2063436,[7, 2, 1, 12],0,113,10,28
7,41.4441413,2.1803301,[14, 6, 2, 12],130,240,10,29
8,41.4449641,2.2128698,[14, 6, 2, 11],105,225,10,30
9,41.4520389,2.2273956,[14, 6, 2, 33],93,213,10,31
10,41.4425434,2.213546,[14, 6, 2, 9],59,179,10,32
11,41.4605327,2.2386997,[14, 6, 2, 18],11,131,10,33
12,41.4403956,2.2184485,[14, 6, 2, 11],110,230,10,34
13,41.3819329,2.0795768,[14, 6, 2, 24],0,88,10,35
14,41.3904608,2.1457467,[3, 1, 6, 3],51,171,10,36
15,41.4427396,2.2253295,[14, 6, 2, 28],0,79,10,37
16,41.4062484,2.1650543,[14, 6, 2, 33],122,240,10,38
17,41.4544532,2.2186274,[3, 1, 6, 3],0,107,10,39
18,41.4326536,2.2222507,[14, 6, 2, 11],55,175,10,40
19,41.4426591,2.1749909,[3, 1, 0, 5],6,126,10,41
20,41.3719594,2.1121604,[7, 2, 1, 9],43,163,10,42
21,41.3773527,2.1744796,[14, 6, 2, 36],115,235,10,43
22,41.4490414,2.2067515,[14, 6, 2, 23],92,212,10,44
23,41.4088045,2.1393822,[-3, -1, 0, -7],153,228,10,1
24,41.4141762,2.1372591,[-7, -2, -1, -13],23,143,10,2
25,41.4080448,2.2096487,[-14, -6, -2, -11],34,154,10,3
26,41.435607,2.1179232,[-7, -2, -1, -8],85,205,10,4
27,41.4497006,2.2229892,[-14, -6, -2, -28],38,158,10,5
28,41.4406278,2.1892066,[-7, -2, -1, -12],16,136,10,6
29,41.4394681,2.2171632,[-14, -6, -2, -12],149,224,10,7
30,41.372823,2.0600052,[-14, -6, -2, -11],139,222,10,8
31,41.4168684,2.179132,[-14, -6, -2, -33],117,228,10,9
32,41.376977,2.1712554,[-14, -6, -2, -9],88,208,10,10
33,41.392414,2.1395044,[-14, -6, -2, -18],41,161,10,11
34,41.4247627,2.1907999,[-14, -6, -2, -11],128,226,10,12
35,41.3238794,2.0912046,[-14, -6, -2, -24],26,146,10,13
36,41.4463448,2.1763859,[-3, -1, -6, -3],74,194,10,14
37,41.450472,2.2086465,[-14, -6, -2, -28],18,138,10,15
38,41.4201793,2.2027689,[-14, -6, -2, -33],140,226,10,16
39,41.4528571,2.2348045,[-3, -1, -6, -3],17,137,10,17
40,41.3536974,2.0864987,[-14, -6, -2, -11],90,210,10,18
41,41.4517244,2.2208757,[-3, -1, 0, -5],23,143,10,19
42,41.4087687,2.1412546,[-7, -2, -1, -9],65,185,10,20
43,41.3601525,2.1023202,[-14, -6, -2, -36],141,229,10,21
44,41.3798821,2.0507836,[-14, -6, -2, -23],132,222,10,22
StartID EndID StartX StartY EndX EndY StartT EndT
45,54,41.3519567,2.0735431,41.4181979,2.1769714,55,502
46,55,41.4203347,2.154988,41.449529,2.2162535,0,429
47,56,41.452299,2.2327227,41.444196,2.2231824,128,464
48,57,41.3736106,2.140136,41.3989488,2.1569471,104,482
49,58,41.3317926,2.0992391,41.3847151,2.066434,79,508
50,59,41.4160758,2.1764666,41.4112566,2.1908185,0,405
51,60,41.462595,2.2032144,41.4351116,2.1668645,0,417
52,61,41.4242744,2.1855493,41.4573228,2.2032651,0,414
53,62,41.440759,2.2378881,41.4533651,2.2357165,0,408
edge
0,18,9,12,12,14,17,18,16,18,16,18,17,16,7,17,11,19,15,18,12,3,17,12,13,12,25,18,17,17,19,13,7,8,14,16,19,17,14,18,15,18,14,13,19,15,14,18,6,14,13,18,13,16,13,17,19,11,19,12,17,17,17
20,0,23,26,21,10,8,10,10,7,10,3,11,22,20,9,17,6,10,11,23,18,7,17,14,13,26,8,10,11,26,15,23,20,13,30,10,9,12,6,23,7,17,24,24,25,16,6,23,27,15,7,13,10,14,8,10,21,25,15,12,7,5
8,22,0,11,5,19,20,17,20,23,20,22,20,10,6,22,11,22,19,16,4,10,19,9,10,15,22,22,18,20,14,13,9,6,15,14,16,21,15,22,10,21,12,7,13,10,13,22,4,10,13,21,14,21,13,20,23,11,12,13,16,19,22
11,25,9,0,10,21,24,22,23,25,23,25,24,14,12,25,16,26,22,21,9,13,24,14,15,19,27,25,23,24,15,18,13,11,20,11,21,24,19,25,9,25,17,6,16,10,18,25,9,7,18,26,19,23,18,24,26,16,16,17,21,24,25
10,20,5,11,0,21,18,15,18,21,19,21,21,6,9,23,13,20,21,14,4,12,18,11,8,18,21,20,17,20,11,16,12,8,17,15,14,19,17,23,8,19,11,6,10,10,12,22,7,12,15,19,16,23,15,18,22,13,9,15,14,17,23
15,9,21,20,21,0,8,10,6,7,6,9,6,22,16,6,14,7,3,11,23,13,8,17,14,6,26,7,10,5,26,11,17,17,9,24,10,7,6,7,23,7,17,22,25,23,16,7,19,22,12,10,10,5,12,7,8,17,25,10,12,9,7
16,7,20,21,18,8,0,7,3,5,3,8,5,19,16,7,14,4,6,7,19,14,3,14,11,9,23,4,6,5,23,11,18,17,8,25,7,2,7,7,19,3,14,21,21,22,13,6,19,23,11,5,9,9,11,2,6,17,21,10,9,4,7
18,8,16,19,15,10,6,0,6,9,7,9,9,16,14,11,10,8,9,4,16,15,6,11,7,11,19,8,5,8,20,8,17,14,8,23,3,7,9,11,16,7,10,18,18,19,9,10,17,21,8,7,7,11,7,7,10,14,18,10,5,5,11
16,8,20,22,19,7,3,7,0,5,2,9,4,20,17,7,14,4,6,8,20,14,3,15,11,9,23,4,6,4,24,11,19,17,8,26,7,3,7,7,20,3,14,22,22,23,13,6,20,24,11,6,10,9,12,2,5,17,22,10,10,4,7
18,5,23,24,21,6,5,9,5,0,6,6,6,22,19,5,16,3,7,10,23,16,5,17,14,11,26,2,8,7,26,13,21,19,11,28,10,5,9,3,23,3,17,24,24,25,16,3,22,26,14,7,11,6,13,3,4,19,25,13,11,6,4
16,9,20,22,19,6,4,7,3,5,0,10,3,20,17,7,13,5,5,8,20,14,4,15,11,9,23,5,6,3,24,11,19,17,8,26,7,3,7,8,20,4,14,22,22,23,13,7,19,24,11,7,10,8,11,3,5,17,22,10,10,5,8
20,2,22,25,21,9,7,9,9,6,10,0,11,22,20,9,17,6,9,10,22,18,7,17,13,13,25,7,9,11,26,14,22,20,12,29,9,8,11,5,22,6,16,24,24,25,15,5,23,27,14,7,12,9,14,7,9,20,24,14,12,6,4
17,8,21,23,21,5,6,10,5,5,3,8,0,22,17,5,14,6,4,10,22,15,6,17,13,10,25,5,9,3,26,11,19,17,8,27,10,5,7,7,22,6,16,24,24,25,15,7,20,24,11,9,10,6,12,5,5,17,24,10,12,7,7
15,23,10,12,7,25,21,19,22,24,22,24,24,0,13,26,17,23,24,18,8,17,21,14,11,22,24,23,20,24,8,19,17,12,21,16,18,22,22,26,9,22,14,10,6,11,15,25,12,14,18,22,20,27,18,22,26,17,5,20,18,20,26
7,19,7,13,8,15,16,14,16,19,17,18,16,11,0,18,6,18,15,13,8,7,16,6,7,12,19,18,14,16,15,9,6,2,11,17,13,17,11,18,12,18,9,11,13,15,9,18,5,13,8,18,9,17,8,17,19,6,13,9,13,16,18
17,7,23,23,23,5,7,10,6,4,5,7,4,24,18,0,16,4,5,12,24,15,7,19,16,10,28,4,10,5,28,13,20,19,10,27,11,7,8,6,24,4,19,25,26,25,18,5,21,25,13,9,12,5,14,5,3,19,26,11,13,8,6
10,15,11,18,13,12,12,10,13,15,13,15,13,16,7,15,0,14,12,10,13,9,12,7,7,8,19,15,10,12,20,5,9,7,7,21,11,13,8,15,16,14,8,16,18,19,7,15,10,17,4,14,5,14,4,13,16,6,18,6,9,12,15
19,6,22,24,20,8,4,8,5,4,5,7,7,21,19,6,15,0,8,9,21,17,4,16,13,12,25,3,7,7,25,12,21,19,10,28,9,4,10,6,21,2,16,23,23,24,15,5,22,26,13,5,10,8,12,3,5,18,23,13,10,5,6
15,8,19,20,21,3,6,10,5,6,5,8,4,22,15,5,12,7,0,10,22,13,7,16,13,7,25,6,8,4,26,10,17,15,7,24,10,6,5,7,22,7,16,22,24,23,15,7,18,22,10,9,9,5,10,6,7,15,24,8,12,8,7
17,8,16,19,14,10,6,4,7,9,7,9,9,15,14,12,9,8,9,0,16,16,6,10,7,11,19,8,5,9,19,7,16,14,7,23,3,7,9,11,16,7,10,17,18,19,9,11,17,20,6,7,6,12,6,7,11,13,18,9,4,5,11
11,21,5,11,4,22,19,17,20,22,20,22,22,8,9,25,14,21,22,16,0,13,19,13,10,19,22,21,18,22,13,16,13,9,18,15,16,20,18,24,9,20,12,6,11,9,13,24,7,11,16,20,17,24,16,20,24,14,10,16,16,19,24
6,17,12,12,15,13,16,18,15,17,15,17,16,19,8,16,11,18,14,17,14,0,16,12,13,11,25,17,17,16,19,12,8,10,14,16,18,16,13,17,15,17,14,14,20,15,14,17,9,14,12,17,13,15,12,16,18,10,21,11,17,16,16
16,8,20,22,18,8,1,6,3,5,3,9,5,19,17,8,13,4,6,7,20,14,0,14,11,9,23,4,5,5,23,10,19,17,8,26,7,2,7,7,20,3,14,22,22,23,13,6,20,23,11,6,8,9,10,2,6,16,22,10,8,4,7
12,15,11,16,11,16,13,10,13,16,14,16,16,12,8,18,7,15,16,9,12,12,12,0,3,13,15,15,12,15,16,8,11,8,11,19,9,14,12,18,12,14,3,14,14,15,4,17,11,16,8,14,10,18,8,13,17,8,15,10,9,12,18
12,14,10,15,10,16,12,10,13,15,13,15,15,11,7,18,7,14,15,9,11,11,12,4,0,13,14,14,11,15,15,8,11,7,11,18,9,13,12,17,11,14,3,13,13,14,4,17,10,16,7,13,9,18,8,13,17,8,13,10,9,12,17
10,11,17,16,20,7,10,11,9,11,9,11,10,23,13,10,11,11,7,12,19,8,10,14,15,0,26,11,10,9,22,9,13,14,7,20,11,10,5,11,18,11,16,17,24,18,14,11,14,17,9,11,7,9,9,10,12,14,25,7,12,10,10
24,25,23,26,21,27,23,21,24,26,24,26,26,22,20,29,19,25,26,20,22,24,23,16,13,25,0,25,22,26,26,21,23,20,21,29,20,24,24,28,22,24,16,24,24,25,17,28,23,27,20,24,21,29,20,24,28,21,24,23,20,23,28
20,8,24,25,22,8,6,10,7,4,7,8,7,23,20,6,17,4,8,11,24,17,6,18,15,12,27,0,9,8,27,15,22,21,12,29,11,7,11,6,24,4,18,25,26,27,17,5,23,27,15,8,12,7,15,5,5,20,26,14,12,7,6
17,8,19,22,17,9,4,4,5,8,6,9,8,18,15,10,10,7,8,5,18,15,5,13,10,10,22,7,0,7,22,8,17,15,4,25,5,6,7,10,18,6,13,20,20,21,11,9,17,23,8,7,6,11,8,6,9,14,20,8,6,5,10
16,9,21,22,21,5,6,10,5,6,3,9,1,22,16,6,13,6,4,10,22,14,7,17,14,9,26,5,9,0,26,11,19,17,8,26,10,6,7,7,22,6,17,24,24,24,16,7,19,24,11,9,10,6,12,5,5,17,25,10,12,8,7
18,25,13,12,10,26,23,20,23,26,24,26,26,6,14,28,19,25,26,19,11,18,22,16,13,24,25,25,22,25,0,20,19,13,22,16,19,24,23,27,10,24,16,12,4,8,17,27,14,15,20,24,22,28,20,23,27,18,6,21,19,22,27
12,12,13,19,15,10,9,7,10,13,10,13,10,17,9,12,4,12,9,7,15,11,9,8,8,6,20,12,7,10,21,0,11,8,4,23,9,10,5,13,17,11,9,18,19,20,7,13,12,19,2,11,3,12,2,10,14,8,19,4,6,9,13
5,17,10,12,13,13,16,17,15,17,15,17,16,17,6,16,10,17,13,17,12,2,16,11,12,11,24,16,17,15,18,12,0,8,13,16,17,15,13,16,14,16,14,14,19,14,14,16,7,14,12,17,12,15,12,15,17,10,19,10,16,15,16
9,18,7,13,8,16,16,13,16,19,17,19,17,11,3,19,7,18,16,12,8,9,16,5,6,13,18,18,15,17,15,10,8,0,12,16,12,17,12,19,12,17,8,11,14,15,9,19,7,13,9,17,10,18,9,17,20,7,14,10,12,15,19
14,11,15,20,17,8,7,7,8,11,8,12,8,19,11,10,7,10,7,7,17,12,8,10,10,6,22,10,6,8,23,4,13,11,0,24,9,9,3,12,19,9,12,20,21,22,9,12,13,21,4,10,3,10,5,8,12,10,21,4,7,8,11
13,25,12,5,13,21,24,23,23,25,23,25,24,14,15,24,19,25,21,22,13,13,24,17,16,19,28,24,25,23,14,21,16,14,22,0,22,23,21,24,10,24,19,9,15,10,20,24,12,4,21,25,21,23,21,23,25,19,17,20,22,23,24
17,8,15,18,13,9,6,3,6,9,7,9,9,14,13,11,10,8,9,3,15,15,5,9,6,10,18,8,5,8,18,8,16,13,8,22,0,7,8,10,15,7,9,17,17,18,8,10,16,19,7,7,7,11,7,6,10,14,17,10,5,5,11
17,6,19,22,18,8,2,5,4,4,4,7,6,19,17,7,12,3,7,7,19,15,1,14,10,10,22,4,4,6,23,10,19,17,7,26,6,0,8,6,19,3,13,21,21,22,12,6,20,24,10,4,8,8,10,2,6,16,21,11,8,2,7
14,10,16,20,18,6,8,9,7,10,8,10,7,21,11,9,9,10,6,10,18,12,9,12,13,4,24,10,7,7,25,6,14,12,4,24,10,8,0,10,22,9,14,21,23,22,11,10,14,21,7,10,5,8,7,8,11,12,24,5,9,8,9
18,5,23,23,22,7,7,11,7,3,8,4,8,23,18,6,16,5,7,12,24,16,7,18,15,10,27,5,10,8,27,14,20,19,11,27,11,7,9,0,24,5,18,25,25,26,17,2,21,25,14,8,13,8,14,6,7,19,26,12,13,8,2
15,22,10,8,7,23,20,18,21,23,21,23,23,9,12,25,16,22,23,17,8,14,20,13,10,21,23,22,19,23,9,18,17,11,20,11,16,21,21,25,0,21,13,5,11,4,14,24,12,9,17,21,19,25,17,21,24,16,12,19,17,19,25
18,7,22,24,21,6,5,9,4,3,5,7,6,22,19,5,16,3,7,10,22,16,5,17,13,11,25,1,8,6,26,13,21,20,11,28,9,4,9,4,22,0,16,24,24,25,15,4,22,26,14,7,11,6,13,3,4,19,24,12,11,6,5
13,17,12,18,13,17,15,12,16,18,16,18,18,14,9,20,8,17,17,12,13,13,15,6,6,14,17,17,14,18,18,9,12,9,12,21,11,16,13,20,15,16,0,16,16,17,7,19,12,18,9,16,11,19,9,16,19,9,17,12,12,14,20
11,23,7,8,5,22,20,18,21,23,21,24,23,9,11,25,16,22,23,17,5,13,20,13,11,20,23,23,19,23,12,17,13,10,20,11,17,22,19,25,5,22,14,0,12,6,14,25,8,7,17,21,18,24,17,21,25,15,11,17,17,20,25
18,24,12,14,10,26,22,20,23,25,23,26,25,6,14,28,18,24,25,19,11,19,22,16,13,23,25,25,21,25,4,20,19,13,22,17,19,23,23,27,12,24,16,13,0,10,16,27,14,16,20,23,21,28,20,23,27,18,6,21,19,22,27
15,24,11,8,9,23,21,19,22,24,22,25,24,10,13,26,18,23,24,18,10,15,21,15,12,21,24,24,20,24,9,19,18,12,21,12,18,22,22,26,4,23,15,6,11,0,15,26,13,10,19,22,20,25,19,22,26,17,13,20,18,21,26
14,15,13,18,13,15,12,10,13,16,14,16,15,14,9,18,5,15,15,9,14,13,12,7,5,12,16,15,10,15,18,7,13,9,8,21,9,13,11,17,14,14,6,16,16,17,0,17,13,19,6,14,8,17,7,13,17,10,16,9,8,12,17
16,5,22,22,22,6,7,11,7,3,8,4,7,23,17,5,15,5,6,12,24,14,7,18,15,9,27,5,10,7,27,13,19,18,10,26,11,7,8,1,24,5,18,24,25,25,17,0,20,24,13,8,11,6,13,6,7,18,26,11,13,8,2
6,21,5,10,8,18,19,18,19,22,19,21,19,12,6,21,11,22,18,17,7,8,19,10,11,14,23,21,17,19,16,12,8,7,14,14,17,20,14,21,12,21,13,9,15,13,14,21,0,10,13,21,13,20,13,20,22,10,14,12,17,20,21
12,24,11,4,12,20,22,22,21,24,22,23,23,13,14,23,18,24,20,21,11,11,23,16,15,18,27,23,23,22,13,20,15,13,21,5,21,22,20,23,9,23,18,8,14,9,18,23,11,0,19,24,20,22,20,22,24,18,16,19,21,22,23
12,13,13,19,15,10,10,8,11,13,11,14,11,17,9,13,4,12,10,8,15,11,10,8,8,7,20,12,8,11,21,1,11,8,5,23,9,11,6,14,17,11,9,18,19,20,7,14,12,19,0,12,3,12,2,11,15,8,19,5,7,10,14
19,7,20,23,19,11,4,7,6,8,7,8,9,19,18,10,15,6,10,8,20,17,4,14,11,12,23,7,7,9,23,12,21,18,10,27,7,6,10,9,20,6,14,22,22,23,13,9,21,25,12,0,10,11,12,5,9,18,22,13,9,2,9
14,11,15,20,16,9,7,6,9,11,9,12,9,18,10,11,6,10,8,6,16,12,7,10,10,6,22,10,5,8,22,4,13,10,2,24,8,8,4,12,19,9,11,20,21,22,9,12,13,21,4,9,0,11,4,8,12,9,21,4,6,8,12
17,7,22,22,23,4,8,12,8,5,7,7,7,24,18,5,16,6,5,13,24,15,8,19,16,10,28,5,11,7,28,13,19,18,11,26,12,8,8,5,25,6,19,24,26,25,18,5,20,24,13,10,12,0,14,7,6,18,27,11,14,9,5
13,12,14,20,15,10,9,7,11,12,11,13,11,17,9,13,5,11,10,7,15,11,9,8,8,7,20,12,7,10,21,1,12,9,4,23,9,10,6,14,17,11,9,18,19,20,6,14,12,19,1,11,3,12,0,10,14,9,19,5,6,9,13
17,7,21,22,19,8,3,7,3,4,3,8,5,20,17,7,14,3,7,8,20,14,3,15,12,10,24,3,6,4,24,12,19,18,9,26,8,2,8,6,20,3,15,22,22,23,14,6,20,24,12,6,9,8,12,0,5,17,22,11,9,4,7
17,7,22,22,22,5,7,11,6,4,4,7,4,23,18,4,15,5,5,12,24,15,7,18,15,10,27,4,10,4,27,12,19,18,10,27,11,6,8,6,24,5,18,24,26,25,17,6,20,24,13,9,11,5,13,5,0,18,26,11,13,8,6
10,17,11,17,12,13,13,11,15,17,15,17,15,14,6,16,3,16,13,11,12,9,13,5,5,10,17,16,11,14,18,6,9,6,9,20,11,14,9,17,15,15,7,15,16,17,7,17,9,16,6,15,7,15,6,14,18,0,17,8,11,14,16
18,25,13,15,10,26,23,20,23,26,24,26,26,5,14,28,19,25,26,19,11,20,22,16,13,24,25,25,22,25,6,20,19,13,22,19,19,24,23,27,12,24,16,13,4,12,17,27,14,16,20,24,22,28,20,23,27,18,0,21,19,22,27
12,11,14,17,16,7,9,9,8,11,9,11,8,19,9,10,7,11,7,9,16,10,10,11,11,4,22,11,8,8,23,5,12,10,4,22,10,9,3,11,20,10,12,19,21,20,10,11,12,19,5,11,4,9,6,9,12,10,22,0,8,9,10
17,11,16,20,15,12,7,6,9,11,10,12,12,16,13,13,9,10,12,4,16,15,8,11,8,11,19,10,6,11,20,7,16,13,6,23,5,9,9,13,16,9,11,18,18,19,7,12,16,21,6,10,6,14,6,9,12,13,18,9,0,8,13
17,6,19,22,17,9,3,6,5,6,5,7,7,18,16,8,13,5,8,6,18,15,3,13,10,10,22,5,6,7,22,11,20,16,8,25,6,4,8,8,18,4,13,20,20,21,12,7,19,23,10,2,9,10,10,4,7,17,20,11,8,0,8
18,4,23,23,22,7,7,11,8,4,9,3,8,23,19,6,17,5,7,12,24,16,7,18,15,11,27,5,10,9,27,14,20,19,12,27,11,8,9,3,24,5,18,25,26,26,17,3,21,25,14,9,13,7,15,6,7,19,26,12,13,8,0
