Name: bar-n60-m4-c2-OD-small
Type: GPDPOD-IMC
Commodity type: 4
Compartment num: 2
CapacityHD: 100
VehicleHDs: 15
CapacityOD: 50
VehicleODs: 12
ID Xc Yc DEMAND StartT EndT SerT PairedID
0,41.3722496,2.1636008,[0, 0, 0, 0],0,240,0,0
1,41.4659771,2.051335,[7, 2, 1, 5],64,184,10,31
2,41.439989,2.2290181,[14, 6, 2, 33],38,158,10,32
3,41.4368981,2.2348379,[14, 6, 2, 19],127,240,10,33
4,41.4441413,2.1803301,[14, 6, 2, 12],130,240,10,34
5,41.3728922,2.081481,[7, 2, 1, 16],13,133,10,35
6,41.4119643,2.1535583,[7, 2, 1, 12],53,173,10,36
7,41.4298515,2.1820608,[14, 6, 2, 15],56,176,10,37
8,41.441985,2.2115016,[14, 6, 2, 19],43,163,10,38
9,41.3857246,2.0845426,[7, 2, 1, 10],36,156,10,39
10,41.4534576,2.2083022,[14, 6, 2, 14],0,240,10,40
11,41.3608153,2.0761441,[14, 6, 2, 31],72,192,10,41
12,41.4465068,2.237916,[14, 6, 2, 29],0,240,10,42
13,41.3519567,2.0735431,[7, 2, 1, 14],55,175,10,43
14,41.4407077,2.2267254,[3, 6, 1, 4],97,217,10,44
15,41.4130442,2.1544329,[14, 6, 2, 8],140,240,10,45
16,41.426011,2.2262646,[14, 6, 2, 23],0,112,10,46
17,41.3189186,2.1017005,[14, 6, 2, 7],0,240,10,47
18,41.452299,2.2327227,[7, 2, 1, 9],128,240,10,48
19,41.3284942,2.086668,[7, 2, 1, 15],0,76,10,49
20,41.3203141,2.0789958,[7, 2, 1, 9],2,122,10,50
21,41.3774977,2.1176535,[14, 6, 2, 31],103,223,10,51
22,41.451625,2.2341474,[7, 2, 1, 11],110,230,10,52
23,41.3532624,2.095218,[3, 1, 0, 7],85,205,10,53
24,41.3702964,2.0978402,[14, 6, 2, 34],59,179,10,54
25,41.4382502,2.2077829,[3, 1, 6, 3],38,158,10,55
26,41.4567419,2.2083613,[14, 6, 2, 18],100,220,10,56
27,41.4552567,2.2151101,[14, 6, 2, 11],85,205,10,57
28,41.3830452,2.0762528,[14, 6, 2, 34],56,176,10,58
29,41.3584274,2.1049355,[7, 2, 1, 15],111,231,10,59
30,41.4250776,2.2272202,[14, 6, 2, 34],0,240,10,60
31,41.3844065,2.1627032,[-7, -2, -1, -5],92,212,10,1
32,41.3720005,2.100837,[-14, -6, -2, -33],71,191,10,2
33,41.4303138,2.1855012,[-14, -6, -2, -19],149,225,10,3
34,41.4394681,2.2171632,[-14, -6, -2, -12],149,224,10,4
35,41.4406968,2.2181021,[-7, -2, -1, -16],47,167,10,5
36,41.4368711,2.234578,[-7, -2, -1, -12],78,198,10,6
37,41.3849029,2.0854836,[-14, -6, -2, -15],83,203,10,7
38,41.4033864,2.1443981,[-14, -6, -2, -19],67,187,10,8
39,41.454215,2.2130729,[-7, -2, -1, -10],68,188,10,9
40,41.3928679,2.1517648,[-14, -6, -2, -14],0,240,10,10
41,41.4485571,2.1827231,[-14, -6, -2, -31],100,220,10,11
42,41.4190316,2.182984,[-14, -6, -2, -29],0,240,10,12
43,41.4181979,2.1769714,[-7, -2, -1, -14],84,204,10,13
44,41.3937005,2.1506405,[-3, -6, -1, -4],128,233,10,14
45,41.3769211,2.1677816,[-14, -6, -2, -8],162,237,10,15
46,41.3789237,2.152275,[-14, -6, -2, -23],26,146,10,16
47,41.4269596,2.2253214,[-14, -6, -2, -7],0,240,10,17
48,41.444196,2.2231824,[-7, -2, -1, -9],145,223,10,18
49,41.4604654,2.2089974,[-7, -2, -1, -15],33,153,10,19
50,41.4424193,2.2107324,[-7, -2, -1, -9],38,158,10,20
51,41.375952,2.1157719,[-14, -6, -2, -31],115,232,10,21
52,41.4495961,2.2180694,[-7, -2, -1, -11],126,222,10,22
53,41.3681459,2.1014342,[-3, -1, 0, -7],101,221,10,23
54,41.4362326,2.1868822,[-14, -6, -2, -34],88,208,10,24
55,41.4113198,2.1872084,[-3, -1, -6, -3],59,179,10,25
56,41.3853736,2.1685885,[-14, -6, -2, -18],130,234,10,26
57,41.3626952,2.0778621,[-14, -6, -2, -11],117,224,10,27
58,41.4008741,2.1610253,[-14, -6, -2, -34],88,208,10,28
59,41.4311022,2.1876125,[-7, -2, -1, -15],151,224,10,29
60,41.4251356,2.0984945,[-14, -6, -2, -34],0,240,10,30
StartID EndID StartX StartY EndX EndY StartT EndT
61,73,41.3636997,2.095824,41.4504896,2.2198529,73,520
62,74,41.445783,2.2219608,41.4064027,2.1558441,0,447
63,75,41.4551417,2.2083596,41.4500306,2.2226654,68,476
64,76,41.4483316,2.1889956,41.3728648,2.1198847,78,537
65,77,41.3769361,2.105641,41.435607,2.1179232,49,517
66,78,41.3995238,2.1961495,41.3857565,2.0988148,83,512
67,79,41.4578645,2.0511169,41.3993734,2.1576859,0,453
68,80,41.450718,2.19299,41.3805892,2.1348004,2,446
69,81,41.4322631,2.2139613,41.4301121,2.1404225,48,474
70,82,41.4486016,2.2381093,41.4073995,2.1365981,95,497
71,83,41.3719594,2.1121604,41.4087687,2.1412546,43,469
72,84,41.354318,2.0671293,41.4514197,2.2251463,0,720
edge
0,21,15,15,18,16,12,14,18,18,18,17,17,15,17,13,13,15,18,16,19,11,17,13,15,16,16,19,17,13,13,6,15,16,17,18,15,15,11,18,8,18,13,13,8,3,5,13,19,18,15,10,18,14,17,11,6,17,10,16,19,16,19,17,17,12,9,22,18,15,17,12,15,18,12,19,10,25,14,10,8,16,12,14,18
22,0,26,27,20,18,19,21,24,19,23,19,28,21,27,19,26,25,27,25,25,18,28,18,18,22,21,23,18,20,26,18,18,23,25,25,27,17,15,24,16,19,22,20,17,22,19,26,27,23,22,17,24,19,24,21,19,19,19,24,13,18,26,22,21,17,24,4,22,24,28,18,21,24,18,26,19,19,16,19,18,16,15,16,25
15,26,0,2,10,22,15,10,6,24,7,24,3,23,3,15,5,23,4,25,27,22,4,22,23,7,7,6,23,22,5,15,23,9,5,5,2,21,17,6,16,10,10,12,15,14,16,5,5,9,5,21,6,24,10,9,15,23,14,9,24,23,4,7,8,22,11,26,10,4,4,23,24,5,16,5,21,26,20,16,19,13,17,17,4
16,27,3,0,11,23,16,12,8,25,9,25,5,24,6,16,4,24,6,26,28,23,6,23,23,9,9,8,24,23,4,16,24,11,7,7,1,22,18,8,16,11,11,13,16,15,17,4,7,11,7,22,8,24,12,11,16,24,15,12,24,24,6,9,9,22,12,27,11,6,6,24,25,7,18,7,22,27,21,17,20,14,18,18,6
18,19,10,11,0,16,10,5,8,17,7,17,12,19,11,11,10,23,10,23,23,16,12,16,16,6,5,7,16,18,10,14,16,7,8,9,11,15,10,7,13,2,8,7,14,17,16,10,10,7,6,15,8,17,7,9,15,17,11,8,17,16,10,6,3,15,13,20,5,8,12,16,20,8,12,10,17,19,14,14,16,6,10,10,9
14,20,25,25,18,0,17,19,23,7,21,4,27,7,26,17,24,14,25,13,14,8,26,7,6,21,20,22,4,8,24,14,7,21,23,24,25,6,14,22,13,17,19,18,14,16,13,24,25,21,21,7,23,7,21,18,15,5,16,22,17,6,24,20,18,6,20,21,20,22,27,7,7,22,15,24,9,23,7,16,10,14,13,14,23
12,17,15,15,11,14,0,8,16,16,15,15,16,17,17,1,15,19,17,18,21,11,17,14,14,13,13,15,14,15,15,7,14,10,15,15,15,13,5,15,7,11,7,5,7,12,9,15,18,15,14,10,15,14,11,7,8,15,6,11,15,14,17,14,11,12,10,18,13,13,16,12,18,15,4,17,11,17,12,8,10,8,5,6,16
15,21,11,12,5,18,7,0,10,20,9,19,13,21,12,8,10,24,12,23,25,16,13,18,18,7,7,9,18,20,11,11,18,4,9,10,12,17,10,9,12,6,4,4,11,15,12,11,12,9,8,15,9,19,5,5,12,19,8,5,19,19,11,8,5,17,10,22,7,8,13,17,22,9,9,11,16,21,16,11,15,8,10,11,10
16,22,6,8,7,19,14,8,0,21,4,20,8,22,6,14,6,24,7,25,26,19,8,19,19,4,4,5,20,21,7,15,20,7,3,4,8,18,14,4,15,6,9,10,15,15,16,7,6,6,1,19,4,20,7,9,15,20,13,8,20,20,5,5,5,18,11,23,6,4,9,19,23,4,15,6,20,23,17,15,19,9,13,14,5
16,20,25,25,18,5,17,19,23,0,21,9,27,12,26,17,24,16,25,16,17,9,26,10,8,21,20,22,5,10,25,14,8,21,23,24,25,2,14,22,13,17,19,18,14,18,14,24,25,21,21,8,23,9,21,18,16,9,16,22,17,9,25,21,18,8,20,21,20,22,27,9,12,22,15,24,10,23,5,16,11,14,13,14,23
18,23,7,8,6,19,14,7,6,21,0,21,8,23,8,15,10,26,7,27,27,20,8,20,20,6,3,4,20,21,10,17,20,8,7,8,8,18,14,3,17,7,10,11,17,17,18,10,7,4,4,19,5,21,8,11,17,20,14,8,21,20,6,3,5,18,13,23,7,7,9,20,24,4,16,6,21,23,17,17,20,10,14,14,5
16,20,26,26,19,4,17,20,23,10,22,0,27,5,26,18,24,13,26,11,14,10,27,6,7,22,20,22,7,7,24,15,8,21,24,25,26,8,14,23,14,18,20,19,15,18,15,24,26,22,21,9,23,9,22,19,17,2,17,23,18,6,25,21,19,8,21,21,20,23,27,9,5,23,16,25,11,24,9,17,12,14,14,15,24
16,26,3,4,11,23,16,12,8,25,8,25,0,24,5,16,7,24,3,25,28,22,2,23,23,9,9,7,24,23,7,16,24,11,7,7,4,22,17,7,16,10,11,13,16,15,17,7,6,8,7,22,7,24,12,10,16,24,15,11,24,24,6,9,9,22,11,27,10,6,2,23,24,6,17,6,22,27,21,17,20,14,18,18,5
15,20,24,24,19,8,17,20,24,13,22,5,26,0,26,18,22,12,26,11,12,10,26,5,7,22,20,22,11,6,22,15,8,21,24,25,24,10,14,23,14,18,20,19,15,16,15,22,26,22,21,9,23,9,22,19,17,6,17,23,18,7,25,21,19,9,20,21,20,23,26,10,4,23,16,25,11,24,10,17,12,14,14,15,24
16,26,2,4,11,23,15,10,6,25,8,25,5,24,0,15,5,24,6,25,28,22,5,23,23,7,9,7,24,23,6,16,24,9,5,5,4,22,17,8,16,10,10,12,16,15,17,6,5,10,6,21,7,24,11,10,16,24,14,10,24,24,5,9,9,22,11,27,10,4,5,23,24,6,17,6,22,27,21,17,19,14,18,18,5
12,18,15,15,11,14,1,9,16,16,15,15,17,17,17,0,15,19,18,19,21,11,17,15,14,14,13,15,15,15,15,8,15,10,15,16,15,13,5,15,7,11,7,6,7,12,9,15,18,15,14,10,16,14,11,7,8,15,6,11,15,15,18,14,12,12,10,19,13,13,17,12,18,15,5,17,12,17,12,8,10,8,6,7,16
14,25,5,5,10,22,14,10,7,24,9,23,7,22,7,14,0,22,8,23,26,21,8,21,22,6,7,9,22,21,2,15,22,9,5,6,5,21,16,8,15,9,9,11,15,13,16,1,8,9,5,20,9,23,10,9,14,23,13,9,23,22,8,8,8,21,10,26,9,4,7,22,23,8,16,8,21,25,20,15,18,12,16,16,7
14,25,23,23,24,14,20,23,25,18,25,13,24,10,25,20,20,0,25,4,6,15,24,9,12,23,24,26,15,9,21,15,13,25,24,25,23,15,16,25,16,23,22,21,17,14,14,20,26,25,23,14,26,12,25,20,16,13,19,25,23,12,26,25,24,14,18,26,25,22,24,13,11,26,19,26,13,29,15,19,14,19,17,19,25
16,26,5,5,11,23,16,12,8,25,7,24,3,25,5,16,7,24,0,26,28,23,3,23,23,9,7,6,24,23,8,16,24,12,7,8,6,22,18,6,17,10,12,13,16,15,18,8,7,7,8,22,6,24,12,11,16,24,15,12,24,24,6,7,9,22,12,27,10,6,3,24,25,5,18,6,22,27,21,17,20,14,18,18,4
12,23,21,21,22,12,18,21,23,16,23,11,22,8,23,18,18,4,23,0,6,13,22,7,10,21,22,24,13,7,19,13,11,23,22,23,21,13,14,23,14,21,19,19,15,12,12,18,24,23,21,12,24,10,23,17,14,11,17,23,21,10,24,22,22,11,16,24,23,20,22,11,9,24,17,24,12,27,12,17,12,17,15,17,23
16,25,24,24,24,14,22,25,26,18,27,13,26,12,26,22,22,6,27,5,0,15,26,9,12,25,25,27,15,10,22,17,13,26,26,26,24,15,18,27,18,23,23,23,18,16,15,22,28,27,24,14,27,13,27,21,17,13,20,27,23,12,27,26,24,13,20,26,25,24,26,14,12,27,21,28,15,29,14,21,15,19,18,19,27
9,19,21,21,17,8,12,17,22,11,20,10,23,12,23,13,21,15,24,14,17,0,23,9,7,20,18,21,9,8,21,9,7,18,21,22,21,8,9,21,8,16,15,14,9,11,8,21,24,20,20,2,22,6,19,13,10,11,12,19,16,10,23,19,17,4,15,20,19,19,23,4,13,21,12,23,4,22,7,11,5,12,10,13,22
18,27,6,7,11,24,18,12,10,25,8,25,4,26,7,18,9,26,3,27,30,24,0,24,24,10,8,7,24,25,9,18,24,13,9,9,7,23,18,7,18,11,13,15,18,17,19,9,7,7,8,23,6,25,13,12,18,25,17,13,25,24,7,8,10,23,13,28,11,8,4,24,26,5,19,7,24,27,22,19,21,14,18,18,4
13,19,23,23,18,8,16,19,22,12,21,7,25,6,25,17,21,9,25,9,11,9,25,0,6,21,19,21,9,3,21,14,6,20,23,24,23,9,13,21,13,17,19,18,13,15,12,21,25,21,20,7,22,6,21,18,14,7,16,22,17,5,24,20,18,8,19,20,19,22,25,7,7,22,15,24,7,23,9,16,11,13,13,13,23
12,18,23,23,16,6,14,17,21,9,19,7,24,8,23,15,22,12,23,12,14,6,24,6,0,19,17,19,7,4,22,12,2,19,21,22,23,6,11,20,11,15,17,16,12,14,11,22,23,19,18,5,21,3,19,16,13,7,14,20,15,5,22,18,16,5,18,19,17,20,24,5,10,20,13,22,7,21,7,14,8,11,11,12,21
15,24,7,8,7,20,13,6,7,22,7,22,10,23,8,13,7,23,10,25,27,21,10,21,20,0,6,8,21,22,7,15,21,5,6,7,8,19,15,7,15,7,8,10,15,14,16,7,9,8,5,20,8,21,7,9,15,21,12,6,21,21,9,7,6,19,11,24,7,5,10,21,24,7,15,9,21,24,18,15,18,11,15,15,8
17,21,7,8,6,18,13,7,7,20,2,20,8,22,7,14,9,25,7,25,26,19,8,19,18,6,0,3,19,20,10,17,19,8,7,8,8,17,13,3,15,5,9,10,16,16,18,9,7,2,5,18,4,19,8,11,17,19,14,9,19,19,6,1,4,17,13,22,6,7,9,19,23,4,14,6,19,22,16,16,18,9,13,13,5
19,24,6,7,8,21,16,9,7,23,4,23,7,25,6,16,10,27,6,28,29,22,7,22,21,7,4,0,22,23,10,19,22,10,7,8,7,20,16,2,18,8,11,13,19,18,20,10,6,5,5,21,4,22,10,13,19,22,16,10,22,22,5,4,7,20,15,25,8,8,8,22,26,3,17,5,22,25,19,18,21,12,16,16,4
16,20,26,26,19,5,17,20,24,4,22,8,27,11,26,18,25,16,26,16,16,9,27,9,8,22,20,22,0,10,25,15,8,22,24,25,26,4,14,23,14,18,20,19,14,17,14,25,26,22,21,8,23,9,22,19,16,8,17,23,18,9,25,21,19,7,21,22,20,23,27,8,11,23,16,25,10,24,6,17,11,14,14,15,24
11,20,23,23,18,8,16,19,23,12,21,7,24,6,25,16,21,9,25,9,11,7,25,3,5,21,20,22,9,0,21,11,4,21,23,24,23,9,12,22,12,17,18,17,13,13,10,21,25,21,21,5,23,4,21,16,12,7,15,22,17,5,24,20,18,6,17,21,20,22,24,5,8,22,15,24,5,23,9,15,9,14,13,14,23
14,25,5,5,10,22,14,10,7,24,9,23,7,22,7,15,2,22,8,24,26,21,8,21,22,7,8,9,23,21,0,15,23,9,5,6,5,21,16,9,15,9,10,11,15,13,16,2,9,9,5,20,9,23,10,9,14,23,13,10,23,23,8,8,8,21,10,26,9,4,8,22,23,8,16,9,21,26,20,16,18,12,16,17,8
5,19,14,14,14,14,8,10,16,16,17,16,16,16,16,9,13,15,17,14,17,9,16,13,13,14,16,18,15,11,13,0,13,12,15,16,14,13,7,17,4,15,9,9,4,5,3,13,18,17,15,8,18,13,13,7,2,16,6,12,17,14,17,16,14,10,7,20,15,12,16,10,16,18,8,18,8,21,12,6,7,12,8,10,17
12,18,23,23,16,6,15,17,21,10,19,8,24,8,24,15,22,12,23,12,14,5,24,5,2,19,18,20,7,4,22,12,0,19,21,22,23,7,12,20,11,15,17,16,11,13,11,22,23,19,19,4,21,2,19,16,13,8,14,20,15,6,22,18,16,4,18,19,18,20,25,4,10,20,13,22,6,21,7,14,7,11,11,12,21
15,22,10,11,5,18,8,1,9,20,8,20,13,22,11,8,10,24,11,24,26,16,13,19,18,6,6,8,19,20,10,11,19,0,9,9,11,17,10,8,11,6,3,5,11,15,12,10,11,8,7,15,9,19,3,5,11,19,8,3,19,19,11,7,5,17,9,23,6,8,13,17,23,8,10,10,17,22,16,10,15,9,11,12,9
16,25,4,6,10,22,15,9,4,24,7,23,6,24,4,15,6,24,7,26,28,22,7,23,22,5,7,7,23,23,6,15,23,8,0,1,6,21,17,6,16,9,10,12,16,15,17,6,5,9,4,21,6,23,10,10,16,23,14,9,23,23,4,7,8,21,12,26,9,4,7,22,25,6,16,6,22,26,20,16,19,12,16,17,5
17,25,4,6,10,22,15,9,4,24,7,24,7,25,4,15,6,25,8,26,29,22,7,23,22,5,8,8,23,23,6,16,23,9,2,0,6,21,17,7,16,9,10,12,16,16,17,6,5,9,4,21,7,23,10,10,16,23,14,9,23,23,5,8,8,21,12,26,9,4,7,23,25,6,17,6,22,26,20,17,19,13,17,17,6
16,27,3,1,11,23,16,12,8,25,9,25,5,24,6,16,4,24,6,26,28,23,6,23,24,9,9,8,24,23,4,16,24,11,7,7,0,22,18,8,16,11,11,13,16,15,17,4,7,11,7,22,8,25,12,11,16,24,15,12,25,24,6,9,9,22,12,27,11,6,6,24,25,7,18,7,22,27,21,17,20,14,18,18,6
15,19,24,24,17,4,16,18,22,5,20,8,26,11,25,16,23,15,24,15,15,8,25,9,7,20,19,21,4,9,24,13,7,20,22,23,24,0,13,21,12,16,18,17,13,16,13,23,24,20,20,7,22,8,20,17,15,8,15,21,16,8,24,19,17,7,19,20,19,21,26,8,11,21,14,23,9,22,4,15,10,13,12,13,22
9,16,16,16,11,13,5,10,16,14,14,14,18,16,18,6,16,17,18,17,19,9,18,13,13,14,13,15,13,13,16,5,13,11,16,17,16,12,0,15,4,10,8,7,5,10,7,16,18,14,14,8,16,12,12,8,6,14,5,12,13,13,18,13,11,10,10,17,13,14,17,10,17,15,4,17,10,16,10,6,8,7,4,5,16
18,23,7,8,7,19,15,8,6,21,2,21,8,23,7,15,10,27,7,27,27,20,8,20,20,7,2,2,20,21,10,18,20,9,7,7,8,18,14,0,17,7,10,12,17,18,19,10,7,3,5,19,4,20,9,12,18,20,15,9,21,20,6,2,5,18,14,23,7,7,9,20,24,4,16,6,21,23,17,17,20,10,14,14,5
8,17,14,15,13,12,6,10,16,14,16,14,16,16,16,7,14,16,17,16,19,8,16,13,13,13,15,17,13,12,14,3,12,11,14,15,15,11,4,17,0,13,8,7,1,8,5,14,18,16,14,7,17,12,12,6,4,13,5,12,14,13,18,16,13,9,9,18,14,12,16,9,17,17,6,18,9,19,10,4,6,9,6,8,17
17,20,10,10,3,16,11,5,8,18,6,17,11,19,11,11,9,23,10,23,24,16,11,17,16,6,4,7,17,18,9,15,17,7,8,9,10,15,11,7,13,0,7,8,14,16,16,9,10,6,6,16,8,17,6,9,15,17,11,7,17,17,9,5,3,15,13,21,4,7,12,16,20,7,12,9,17,20,14,14,16,7,11,11,8
12,21,10,10,7,17,6,4,11,19,11,19,11,21,11,6,9,21,12,22,24,14,12,18,17,8,9,11,18,18,9,8,18,5,9,10,10,16,8,11,9,8,0,3,9,12,10,9,13,11,9,13,12,18,6,3,9,18,5,6,18,18,13,10,7,15,7,22,9,7,11,15,22,11,8,13,14,20,15,8,12,9,9,10,12
13,20,11,11,7,17,5,4,12,18,11,18,13,20,13,6,11,22,14,21,24,14,13,17,17,9,9,11,17,17,11,9,17,6,10,11,11,16,8,11,9,8,3,0,9,13,10,11,14,11,10,13,11,17,7,4,9,18,6,7,18,17,13,10,7,15,9,21,9,9,13,15,21,11,7,13,14,20,15,8,12,9,8,9,12
7,17,15,15,13,12,7,10,16,14,17,14,16,16,17,7,14,16,17,16,19,8,17,13,12,14,15,17,13,12,15,3,12,12,15,16,15,11,5,17,1,13,8,8,0,7,4,15,18,17,15,7,18,11,12,7,4,13,5,12,14,13,18,16,13,9,9,18,15,12,16,9,17,17,6,18,9,19,10,5,6,10,6,9,17
3,20,16,16,16,15,10,12,18,17,19,17,18,16,18,10,14,15,18,15,18,10,18,14,14,15,17,19,16,12,14,3,14,13,16,17,16,14,8,19,5,16,10,10,5,0,4,14,19,19,16,9,19,13,14,8,4,16,8,14,18,15,19,18,16,11,9,21,17,14,17,11,16,19,9,19,9,23,13,8,8,13,10,12,19
4,18,15,16,15,13,9,11,17,14,18,14,17,14,18,10,15,13,18,13,16,8,17,11,12,15,16,18,13,10,16,4,12,13,16,16,16,11,7,18,4,16,10,10,5,6,0,15,19,18,15,7,19,11,13,8,5,14,7,13,15,13,19,17,15,9,10,19,16,13,17,9,15,18,9,19,7,21,10,7,5,12,8,11,18
14,25,5,4,9,22,14,9,6,23,9,23,6,22,6,14,1,22,8,23,26,21,7,21,22,6,7,9,22,21,1,14,22,9,5,6,4,21,16,8,15,9,9,11,15,13,16,0,8,9,5,20,8,23,10,9,14,23,13,9,23,22,8,8,8,21,10,26,9,4,7,22,23,8,16,8,21,25,20,15,18,12,16,16,7
17,27,3,5,11,23,16,11,5,25,7,25,5,25,2,17,6,25,6,26,29,23,5,24,24,7,8,6,24,24,7,17,24,10,4,4,5,22,18,6,17,11,11,13,17,16,18,7,0,9,5,22,6,25,11,11,17,24,15,10,25,24,4,7,9,22,13,27,11,5,5,24,26,5,18,5,23,27,21,18,20,14,18,18,4
18,22,8,9,6,19,14,8,7,20,3,20,9,22,8,14,10,26,8,26,26,19,9,19,19,6,2,4,19,20,10,17,19,9,8,8,9,18,13,4,16,6,10,11,17,17,19,10,8,0,5,18,5,20,9,11,18,20,14,9,20,19,7,2,4,18,13,23,6,8,10,19,23,5,15,7,20,22,17,17,19,9,13,13,6
15,22,6,7,7,19,13,8,3,21,4,20,8,22,6,14,6,23,7,25,26,19,8,19,19,4,4,4,19,21,6,15,19,7,3,4,7,18,14,4,15,6,9,10,15,14,16,6,5,6,0,18,4,20,7,9,15,20,12,7,20,19,5,5,5,18,11,23,6,3,9,19,23,4,15,6,20,22,17,15,18,9,13,13,5
8,18,20,20,16,6,12,16,21,10,19,9,22,10,22,13,20,13,22,13,16,2,22,8,6,19,17,19,7,6,20,8,5,17,20,21,20,7,9,20,7,15,14,14,8,10,7,20,23,19,18,0,21,5,18,12,9,9,11,18,15,8,22,18,16,3,14,19,17,18,21,2,12,20,11,22,3,21,6,11,4,11,10,12,21
18,24,5,6,7,21,15,8,6,23,4,22,7,24,6,15,9,26,5,27,28,21,7,21,21,6,4,4,21,23,9,18,21,9,6,7,6,20,16,3,18,7,10,12,18,17,19,9,5,5,4,21,0,22,9,12,18,22,15,9,22,22,5,4,6,20,14,25,7,7,7,21,25,2,17,4,22,25,19,17,21,11,15,15,3
12,18,23,23,17,6,15,18,21,10,20,8,25,8,24,15,23,11,23,11,14,5,25,5,2,19,18,20,8,3,23,11,2,19,22,22,23,7,12,20,10,16,17,16,11,13,10,23,23,20,19,4,21,0,20,15,12,8,14,20,16,5,23,19,17,4,18,19,18,21,25,4,10,21,14,23,6,22,7,14,7,12,11,12,22
17,22,9,10,5,19,10,3,8,20,8,20,12,22,10,10,9,25,11,26,26,18,12,19,19,5,6,8,19,20,9,13,19,3,7,8,10,18,13,8,13,6,5,7,13,16,14,9,11,8,6,18,9,20,0,7,13,20,10,4,20,19,10,7,4,18,12,23,6,7,12,19,23,8,12,10,19,22,17,12,17,9,13,13,9
12,22,9,9,8,18,7,4,10,20,11,20,11,21,11,8,9,21,12,21,24,14,11,19,19,8,9,11,19,17,9,8,18,6,9,10,9,17,9,11,8,9,4,4,8,12,9,9,13,11,9,13,12,18,6,0,8,19,6,7,20,19,12,10,8,15,7,23,9,7,11,15,21,12,9,13,14,21,16,9,11,10,10,11,12
6,20,13,13,14,16,8,10,16,17,16,17,15,16,15,9,12,16,16,16,19,11,15,15,15,14,15,17,16,13,12,3,15,12,14,15,13,14,7,16,5,15,8,9,5,5,5,11,17,16,14,10,17,14,12,6,0,17,6,12,18,16,16,16,14,12,6,21,15,12,15,12,17,17,8,17,10,21,13,6,8,12,9,10,16
16,20,25,26,18,4,17,19,23,10,22,1,27,5,26,17,23,13,25,12,13,10,27,6,7,21,20,22,7,8,24,15,8,21,24,24,26,8,14,22,13,18,20,18,14,17,14,23,25,22,21,8,23,8,22,19,16,0,17,22,18,6,25,21,19,8,21,21,20,23,27,9,5,23,16,25,10,24,9,16,12,14,13,14,24
9,19,14,14,12,15,5,9,16,16,15,16,16,18,16,6,14,19,17,18,21,11,16,16,15,13,14,16,15,15,14,5,15,10,14,15,14,14,6,15,5,13,6,6,5,9,6,14,18,15,14,10,16,14,11,6,5,16,0,11,17,16,17,14,12,12,9,20,13,12,16,12,19,16,6,18,11,19,13,4,9,10,8,9,17
16,24,9,10,7,20,9,3,9,22,9,21,12,23,10,10,9,25,11,26,27,18,12,21,20,5,7,9,21,22,9,12,21,2,8,9,10,19,12,8,13,7,5,6,13,16,14,9,11,9,7,17,9,21,4,6,13,21,9,0,21,21,11,8,5,19,11,25,7,7,12,19,24,9,11,11,19,23,18,12,16,10,13,14,9
19,13,24,25,18,15,16,19,22,17,21,16,26,18,25,17,24,22,24,22,22,15,26,16,15,21,19,21,16,17,24,15,16,20,23,24,25,14,13,21,13,17,19,18,14,19,16,24,25,21,20,15,22,16,21,19,16,16,16,22,0,16,24,20,18,14,21,14,19,22,26,15,19,22,15,24,16,9,13,17,15,13,12,13,23
15,19,24,25,18,5,16,19,22,11,21,6,26,7,25,17,24,12,24,12,13,9,26,5,6,21,19,21,8,5,24,14,6,20,23,24,25,8,13,21,13,17,19,18,13,16,14,24,25,21,20,7,22,6,21,18,15,6,16,22,17,0,24,20,18,7,20,20,19,22,26,7,9,22,15,24,8,23,8,16,11,13,13,13,23
19,26,5,6,10,22,17,11,5,24,7,24,7,26,5,17,8,27,6,28,30,23,7,23,23,7,7,6,23,24,8,18,23,11,5,5,6,21,17,6,18,10,12,14,18,18,19,8,4,8,5,22,5,24,11,12,18,23,16,11,24,23,0,7,8,21,14,26,10,6,7,23,27,5,19,4,24,26,20,19,21,13,17,17,4
19,23,7,8,7,20,15,8,7,22,1,22,8,24,8,16,10,27,7,27,28,21,8,21,20,7,3,4,21,22,11,18,21,9,7,8,8,19,15,3,17,7,11,12,18,18,19,11,7,4,5,20,5,21,9,12,18,21,15,9,21,21,6,0,6,19,14,24,7,8,9,21,25,4,16,6,21,24,18,18,20,11,15,15,5
22,20,15,15,8,21,16,9,13,23,11,23,17,25,16,17,14,29,15,29,29,22,16,22,22,11,10,12,22,23,15,19,22,12,13,14,15,21,16,12,19,8,12,13,19,21,20,14,15,11,11,21,13,23,11,13,20,23,16,12,23,22,14,10,0,21,18,20,9,12,17,22,26,12,18,14,23,25,20,19,22,12,16,16,13
10,17,22,22,15,6,14,16,20,9,19,8,24,10,23,14,22,14,22,14,15,4,24,7,5,18,17,19,7,6,22,10,5,18,20,21,22,6,11,19,9,14,16,15,10,12,9,22,22,18,18,3,20,4,19,14,11,8,13,19,14,8,22,18,16,0,16,18,17,20,24,4,11,20,13,22,5,21,6,13,6,11,10,11,20
10,24,10,10,12,20,9,8,13,22,13,21,12,19,12,10,9,19,13,20,23,16,12,17,20,11,12,14,21,17,9,8,20,9,12,13,10,19,11,13,10,13,7,7,9,9,10,9,13,13,10,15,13,19,10,4,7,21,8,10,22,20,13,12,11,17,0,25,13,9,12,17,19,13,11,14,15,24,18,10,13,13,12,13,13
23,5,28,29,22,19,20,23,26,21,25,20,30,22,29,21,28,26,28,26,26,19,30,20,19,25,23,25,20,21,28,19,20,24,27,28,29,18,17,25,17,21,23,22,18,23,20,28,29,25,24,19,26,20,25,23,20,20,20,26,14,20,28,24,22,18,25,0,23,26,30,19,23,26,19,28,20,20,17,21,19,17,16,17,27
18,21,10,11,5,18,13,6,8,20,7,19,12,21,11,13,10,25,11,25,25,18,12,18,18,7,5,7,18,20,10,16,18,7,9,10,11,17,13,7,15,4,8,10,16,17,17,10,11,7,6,18,8,19,7,10,16,19,13,8,19,19,10,6,3,17,13,22,0,8,12,18,22,8,14,10,19,22,16,15,18,8,12,13,9
14,24,4,6,9,21,13,7,5,23,7,22,7,22,6,13,4,22,8,23,26,20,7,21,21,5,6,7,21,21,4,13,21,7,4,5,6,20,15,7,13,8,8,9,13,13,14,4,8,8,3,19,7,22,8,7,13,22,12,7,22,21,7,7,7,20,9,25,8,0,7,21,22,7,14,8,19,25,19,14,17,11,15,15,7
15,26,3,4,10,23,15,11,7,24,8,24,2,23,4,15,6,23,2,25,27,22,2,22,23,8,8,7,23,22,7,15,23,10,6,6,4,22,17,7,16,10,10,12,15,14,16,7,6,8,7,21,7,24,11,10,15,24,14,11,24,23,5,8,9,22,11,27,10,5,0,23,24,5,17,6,21,26,21,16,19,13,17,17,5
11,18,23,23,17,7,15,18,21,10,20,10,24,9,24,15,22,13,24,13,16,5,25,7,5,20,18,20,8,5,23,11,4,19,22,23,23,8,11,20,10,16,17,16,11,13,10,22,24,20,19,3,21,4,20,15,12,10,14,21,16,7,23,19,17,4,17,19,18,21,24,0,12,21,14,23,4,22,8,13,7,12,12,12,22
15,20,24,24,20,7,19,21,25,12,23,4,25,3,26,19,21,12,26,9,13,12,26,7,8,23,22,24,9,8,22,17,10,23,25,26,24,10,16,24,15,19,22,20,16,15,16,21,27,23,23,10,25,10,24,20,17,5,19,24,19,8,27,23,21,10,19,20,22,23,25,11,0,25,17,26,12,26,11,18,14,16,15,16,25
18,24,5,6,8,21,16,9,6,23,4,22,6,24,5,16,8,26,4,27,29,21,6,22,21,6,5,4,22,23,9,18,22,10,6,7,6,20,16,4,18,8,11,13,18,17,19,9,5,6,4,21,2,22,10,12,18,22,16,10,22,22,4,5,7,20,13,25,8,7,7,22,25,0,17,4,22,25,19,18,21,12,16,16,3
11,18,15,16,13,15,6,10,17,17,16,16,17,18,17,6,15,20,18,20,22,12,17,15,15,14,14,16,16,16,15,7,16,11,15,16,16,14,5,16,7,12,8,7,7,11,8,15,19,16,15,11,17,16,12,8,7,16,4,12,16,16,19,15,13,13,10,20,14,13,17,13,19,17,0,18,13,18,13,6,10,9,7,8,17
18,25,4,5,9,22,16,9,6,24,5,23,5,25,4,17,8,26,4,27,30,22,6,23,22,8,5,4,23,24,8,18,23,10,6,6,5,21,17,4,18,9,12,13,18,17,19,8,4,6,5,22,4,23,10,12,18,23,16,10,23,23,3,5,7,21,14,26,9,7,6,22,26,2,18,0,23,26,20,19,22,12,16,17,2
9,19,21,21,17,7,13,16,22,11,20,10,22,11,23,13,20,14,23,14,17,3,22,8,7,20,19,21,8,7,21,9,6,18,21,22,21,8,9,21,8,16,14,14,8,11,8,20,24,20,20,2,22,6,18,13,10,10,12,18,16,9,23,19,17,4,15,20,19,18,22,3,13,21,12,23,0,22,7,11,4,13,10,13,22
24,19,27,28,21,22,19,20,25,24,24,23,29,25,28,19,27,29,28,29,29,22,29,22,22,24,22,24,23,24,27,20,22,22,26,27,28,21,16,24,19,20,21,20,20,25,22,27,28,24,23,22,25,23,23,22,21,23,20,23,9,23,27,23,21,21,25,20,22,25,29,22,26,25,18,27,23,0,20,20,22,16,16,16,26
14,17,22,23,16,6,14,17,20,6,19,9,24,12,23,15,22,16,23,16,16,8,24,9,7,19,17,19,6,9,22,12,7,18,21,22,23,4,11,19,10,15,17,16,11,15,11,22,23,19,18,7,20,7,19,16,13,10,14,20,15,9,22,18,16,6,18,18,17,20,24,7,12,20,13,22,9,21,0,13,9,11,10,11,21
10,18,15,15,12,14,5,9,16,16,15,16,16,18,17,6,14,19,17,19,21,11,17,15,15,14,14,16,15,15,15,6,15,11,15,15,15,13,4,16,5,12,7,6,6,10,7,14,18,15,15,10,16,14,11,7,7,15,4,12,15,15,18,15,12,12,9,19,13,12,16,12,19,16,4,18,12,17,12,0,10,8,6,7,17
7,18,17,17,17,11,10,13,19,14,20,14,19,13,19,11,17,13,20,13,16,6,19,11,11,16,18,20,12,9,17,5,10,14,17,18,17,11,8,20,5,16,11,11,5,8,4,17,21,20,17,5,20,10,15,9,7,14,9,15,16,12,20,19,17,7,12,19,18,15,19,7,15,20,10,21,5,22,10,8,0,12,9,11,20
16,17,17,17,10,13,11,10,15,15,13,15,18,17,17,11,16,21,17,20,21,14,18,14,13,13,11,13,14,15,16,12,14,12,15,16,17,12,8,14,11,9,11,10,11,16,14,16,17,13,12,13,14,14,12,12,13,14,11,13,14,14,16,12,10,12,15,18,11,14,18,14,18,14,9,16,15,16,11,12,13,0,8,8,15
11,14,17,17,10,11,7,11,15,13,13,13,19,15,18,7,16,17,17,17,19,10,18,12,12,13,12,14,12,13,17,7,12,12,15,16,17,11,3,14,5,9,10,8,6,11,8,16,17,13,13,9,15,12,13,10,8,13,7,14,12,12,17,13,10,10,12,15,12,14,19,10,16,14,6,16,10,15,9,8,8,6,0,5,15
13,18,18,18,12,14,8,12,17,16,16,16,20,17,20,8,18,20,19,20,22,12,20,15,14,15,14,16,15,16,18,9,15,13,18,18,18,13,6,16,8,12,10,9,8,13,10,18,19,16,15,11,17,15,14,10,9,15,9,15,15,15,19,15,13,13,13,19,14,16,20,13,19,17,6,19,13,17,12,9,11,8,6,0,18
18,25,4,5,8,22,16,9,7,24,4,23,5,25,5,16,8,26,3,28,29,22,5,22,22,7,5,4,22,24,8,18,22,10,7,6,5,21,17,4,19,8,11,13,18,17,19,8,4,6,5,22,3,23,10,12,18,23,16,10,23,22,3,5,7,21,14,26,8,7,6,22,26,2,18,4,23,25,20,18,22,12,16,16,0
