Name: bar-n10-m4-c3-OD-small
Type: GPDPOD-IMC
Commodity type: 4
Compartment num: 3
CapacityHD: 100
VehicleHDs: 2
CapacityOD: 50
VehicleODs: 2
ID Xc Yc DEMAND StartT EndT SerT PairedID
0,41.3722496,2.1636008,[0, 0, 0, 0],0,240,0,0
1,41.4039251,2.1655089,[14, 6, 2, 34],0,88,10,6
2,41.3773527,2.1744796,[14, 6, 2, 36],115,235,10,7
3,41.469147,2.2341853,[14, 6, 2, 27],95,215,10,8
4,41.4480155,2.2171536,[7, 2, 1, 12],128,240,10,9
5,41.4381564,2.219303,[7, 2, 1, 12],66,186,10,10
6,41.4119071,2.1781489,[-14, -6, -2, -34],14,134,10,1
7,41.3601525,2.1023202,[-14, -6, -2, -36],141,229,10,2
8,41.4105332,2.208314,[-14, -6, -2, -27],124,228,10,3
9,41.3949328,2.12944,[-7, -2, -1, -12],158,231,10,4
10,41.4048157,2.139768,[-7, -2, -1, -12],91,211,10,5
StartID EndID StartX StartY EndX EndY StartT EndT
11,13,41.4130442,2.1544329,41.3769211,2.1677816,140,440
12,14,41.4446179,2.2398851,41.3182357,2.0824932,33,501
edge
0,10,3,19,17,16,11,13,13,10,11,13,17,3,16
9,0,8,16,14,12,4,15,9,8,5,4,15,10,19
6,9,0,18,16,15,11,14,12,12,11,12,16,4,16
21,17,19,0,8,10,15,24,14,19,15,17,8,20,27
17,14,15,8,0,6,12,22,10,17,14,15,8,16,25
16,12,13,10,5,0,11,23,8,18,15,14,7,15,25
11,4,10,14,11,10,0,17,6,9,6,5,12,12,21
11,15,13,23,22,23,16,0,21,11,12,16,25,13,10
12,10,10,12,10,9,9,19,0,16,13,12,10,11,21
9,8,10,18,17,18,10,10,15,0,5,9,20,10,14
10,6,9,16,14,16,7,12,12,4,0,6,18,10,16
12,6,11,17,15,15,6,15,11,7,4,0,17,12,19
17,15,14,6,7,6,13,24,9,20,17,17,0,16,26
3,7,4,19,18,16,9,12,13,9,8,10,18,0,16
14,18,13,26,24,23,20,9,20,15,16,20,24,14,0
