Name: bar-n10-m4-c2-OD-medium
Type: GPDPOD-IMC
Commodity type: 4
Compartment num: 2
CapacityHD: 100
VehicleHDs: 2
CapacityOD: 50
VehicleODs: 5
ID Xc Yc DEMAND StartT EndT SerT PairedID
0,41.3722496,2.1636008,[0, 0, 0, 0],0,240,0,0
1,41.4623355,2.2014148,[14, 6, 2, 15],75,195,10,6
2,41.4659771,2.051335,[7, 2, 1, 5],64,184,10,7
3,41.3375512,2.1083287,[14, 6, 2, 11],0,98,10,8
4,41.4298515,2.1820608,[14, 6, 2, 15],56,176,10,9
5,41.4567419,2.2083613,[14, 6, 2, 18],100,220,10,10
6,41.3832447,2.074934,[-14, -6, -2, -15],105,224,10,1
7,41.3844065,2.1627032,[-7, -2, -1, -5],92,212,10,2
8,41.4080448,2.2096487,[-14, -6, -2, -11],34,154,10,3
9,41.3849029,2.0854836,[-14, -6, -2, -15],83,203,10,4
10,41.3853736,2.1685885,[-14, -6, -2, -18],130,234,10,5
StartID EndID StartX StartY EndX EndY StartT EndT
11,16,41.4548604,2.234691,41.3746212,2.0992452,21,495
12,17,41.4381564,2.219303,41.4048157,2.139768,66,501
13,18,41.445783,2.2219608,41.4064027,2.1558441,0,447
14,19,41.3769361,2.105641,41.435607,2.1179232,49,517
15,20,41.4258103,2.2260865,41.374596,2.116264,112,472
edge
0,18,21,12,14,16,17,6,12,15,6,17,16,19,12,13,13,11,12,25,10
18,0,22,23,8,3,20,18,11,18,18,9,9,8,18,10,18,13,15,23,19
22,23,0,21,21,21,18,18,25,17,19,27,25,26,17,26,17,15,18,19,18
11,25,23,0,20,24,14,12,19,14,12,24,24,26,10,20,10,13,16,27,10
15,9,21,22,0,7,18,11,8,17,12,12,10,11,17,10,17,9,9,21,15
17,3,21,22,7,0,19,17,10,17,17,7,7,6,17,9,17,12,14,22,18
16,22,21,13,20,21,0,16,23,4,17,26,25,26,8,26,7,14,16,25,9
5,17,19,13,10,16,15,0,10,13,2,16,15,17,10,13,11,7,8,21,9
10,11,27,16,8,9,23,11,0,22,10,10,9,11,20,6,20,13,14,26,18
15,20,19,12,18,19,4,13,21,0,15,24,23,24,7,23,6,12,14,22,7
6,16,20,13,10,15,16,3,10,14,0,15,14,16,12,12,13,7,8,21,11
18,9,26,23,12,7,24,18,11,22,18,0,7,6,22,9,22,17,19,27,23
16,8,24,21,8,7,22,15,9,20,15,8,0,6,20,5,20,15,16,25,21
19,9,26,24,11,7,23,18,11,21,18,7,4,0,21,8,21,16,19,26,23
10,18,17,11,16,17,7,10,18,6,11,22,21,22,0,22,3,10,13,21,3
14,9,25,19,9,7,22,14,6,21,14,8,5,8,21,0,21,15,16,25,21
11,18,17,11,16,16,6,11,19,6,12,22,20,21,3,21,0,10,12,20,4
10,13,15,14,9,12,12,6,12,11,6,17,16,17,9,16,10,0,4,15,7
11,16,18,18,10,14,16,7,11,14,7,17,15,19,13,15,14,5,0,18,12
24,24,19,26,20,22,22,20,25,21,21,28,26,27,21,27,21,15,18,0,22
9,19,18,11,16,18,8,9,16,7,10,22,20,23,3,20,4,9,12,22,0
