Name: bar-n60-m4-c3-OD-medium
Type: GPDPOD-IMC
Commodity type: 4
Compartment num: 3
CapacityHD: 100
VehicleHDs: 14
CapacityOD: 50
VehicleODs: 30
ID Xc Yc DEMAND StartT EndT SerT PairedID
0,41.3722496,2.1636008,[0, 0, 0, 0],0,240,0,0
1,41.4623355,2.2014148,[14, 6, 2, 15],75,195,10,31
2,41.4449665,2.2190662,[14, 6, 2, 23],112,232,10,32
3,41.4531346,2.2269082,[14, 6, 2, 19],0,240,10,33
4,41.429631,2.2253478,[7, 2, 1, 6],70,190,10,34
5,41.439989,2.2290181,[14, 6, 2, 33],38,158,10,35
6,41.4465068,2.237916,[14, 6, 2, 29],0,240,10,36
7,41.3857728,2.091363,[14, 6, 2, 7],70,190,10,37
8,41.4414417,2.2264754,[14, 6, 2, 31],128,240,10,38
9,41.3216326,2.0964703,[7, 2, 1, 18],0,240,10,39
10,41.4397456,2.225673,[7, 2, 1, 12],0,96,10,40
11,41.3819329,2.0795768,[14, 6, 2, 24],0,88,10,41
12,41.3656084,2.0582814,[14, 6, 2, 29],0,240,10,42
13,41.4119643,2.1535583,[7, 2, 1, 12],53,173,10,43
14,41.4552567,2.2151101,[14, 6, 2, 11],85,205,10,44
15,41.401785,2.1156419,[14, 6, 2, 13],43,163,10,45
16,41.4577076,2.2032435,[7, 2, 1, 5],0,95,10,46
17,41.4567419,2.2083613,[14, 6, 2, 18],100,220,10,47
18,41.388833,2.0858048,[14, 6, 2, 11],89,209,10,48
19,41.3840488,2.0995541,[14, 6, 2, 29],78,198,10,49
20,41.3242511,2.0918881,[3, 1, 0, 7],62,182,10,50
21,41.4548986,2.2100092,[14, 6, 2, 29],129,240,10,51
22,41.3866354,2.0762859,[14, 6, 2, 10],42,162,10,52
23,41.4377659,2.2303137,[7, 2, 1, 10],0,102,10,53
24,41.4184792,2.143728,[14, 6, 2, 31],81,201,10,54
25,41.4407077,2.2267254,[3, 6, 1, 4],97,217,10,55
26,41.3189186,2.1017005,[14, 6, 2, 7],0,240,10,56
27,41.3230732,2.0833273,[7, 2, 1, 8],0,240,10,57
28,41.4659771,2.051335,[7, 2, 1, 5],64,184,10,58
29,41.364272,2.0908178,[14, 6, 2, 30],49,169,10,59
30,41.462595,2.2032144,[14, 6, 2, 22],0,86,10,60
31,41.3832447,2.074934,[-14, -6, -2, -15],105,224,10,1
32,41.3651642,2.1225847,[-14, -6, -2, -23],155,232,10,2
33,41.4114417,2.1724649,[-14, -6, -2, -19],0,240,10,3
34,41.3755228,2.1409372,[-7, -2, -1, -6],98,218,10,4
35,41.3720005,2.100837,[-14, -6, -2, -33],71,191,10,5
36,41.4190316,2.182984,[-14, -6, -2, -29],0,240,10,6
37,41.3613405,2.0847183,[-14, -6, -2, -7],91,211,10,7
38,41.4044977,2.1688326,[-14, -6, -2, -31],152,230,10,8
39,41.3991212,2.1567492,[-7, -2, -1, -18],0,240,10,9
40,41.4676564,2.0622343,[-7, -2, -1, -12],42,162,10,10
41,41.3238794,2.0912046,[-14, -6, -2, -24],26,146,10,11
42,41.3752067,2.0871221,[-14, -6, -2, -29],0,240,10,12
43,41.4368711,2.234578,[-7, -2, -1, -12],78,198,10,13
44,41.3626952,2.0778621,[-14, -6, -2, -11],117,224,10,14
45,41.3723636,2.1601655,[-14, -6, -2, -13],68,188,10,15
46,41.4290784,2.2093427,[-7, -2, -1, -5],17,137,10,16
47,41.3853736,2.1685885,[-14, -6, -2, -18],130,234,10,17
48,41.3914257,2.1634969,[-14, -6, -2, -11],114,233,10,18
49,41.4003173,2.1546363,[-14, -6, -2, -29],101,221,10,19
50,41.4381083,2.20708,[-3, -1, 0, -7],95,215,10,20
51,41.4525037,2.2152076,[-14, -6, -2, -29],141,222,10,21
52,41.4326715,2.2358806,[-14, -6, -2, -10],82,202,10,22
53,41.3931826,2.1079653,[-7, -2, -1, -10],27,147,10,23
54,41.3181394,2.0751992,[-14, -6, -2, -31],110,225,10,24
55,41.3937005,2.1506405,[-3, -6, -1, -4],128,233,10,25
56,41.4269596,2.2253214,[-14, -6, -2, -7],0,240,10,26
57,41.4110871,2.1337089,[-7, -2, -1, -8],0,240,10,27
58,41.3844065,2.1627032,[-7, -2, -1, -5],92,212,10,28
59,41.4432,2.22515,[-14, -6, -2, -30],87,207,10,29
60,41.4351116,2.1668645,[-14, -6, -2, -22],19,139,10,30
StartID EndID StartX StartY EndX EndY StartT EndT
61,91,41.4480155,2.2171536,41.3949328,2.12944,128,464
62,92,41.4062484,2.1650543,41.4201793,2.2027689,122,476
63,93,41.450718,2.19299,41.3805892,2.1348004,2,446
64,94,41.36181,2.0787349,41.3708687,2.1286978,17,440
65,95,41.448492,2.226258,41.4012418,2.1629208,87,519
66,96,41.3773527,2.1744796,41.3601525,2.1023202,115,475
67,97,41.3375512,2.1083287,41.4080448,2.2096487,0,462
68,98,41.4242744,2.1855493,41.4573228,2.2032651,0,414
69,99,41.4637349,2.2388505,41.4088045,2.1393822,126,468
70,100,41.4486016,2.2381093,41.4073995,2.1365981,95,497
71,101,41.4364658,2.235424,41.4314187,2.167488,33,462
72,102,41.4490281,2.2108257,41.376514,2.1375849,66,531
73,103,41.3769361,2.105641,41.435607,2.1179232,49,517
74,104,41.3872974,2.1778131,41.3557355,2.105888,14,449
75,105,41.4566576,2.2133261,41.4436988,2.2252387,3,411
76,106,41.3941327,2.1224947,41.4459384,2.0660805,52,490
77,107,41.4520396,2.2128935,41.4046304,2.2047496,0,426
78,108,41.4417277,2.237108,41.4459049,2.1886791,0,423
79,109,41.4316293,2.1786367,41.4183301,2.1435178,61,484
80,110,41.4590049,2.1968273,41.3740481,2.1087776,0,465
81,111,41.4520389,2.2273956,41.4168684,2.179132,93,498
82,112,41.3282617,2.0916566,41.445594,2.223019,0,465
83,113,41.4582638,2.0713341,41.4065696,2.1451119,0,441
84,114,41.4258103,2.2260865,41.374596,2.116264,112,472
85,115,41.3741969,2.1245221,41.4012738,2.1441641,140,440
86,116,41.3622974,2.0931396,41.3948773,2.1903514,0,720
87,117,41.4068073,2.162526,41.413884,2.1832137,0,720
88,118,41.4130442,2.1544329,41.3769211,2.1677816,140,440
89,119,41.4573762,2.2175219,41.4615268,2.2010703,64,472
90,120,41.4569328,2.0624987,41.3711077,2.1131479,90,510
edge
0,18,18,18,14,15,17,14,17,14,16,16,17,12,19,12,18,16,18,14,15,17,18,15,14,17,15,16,21,16,18,17,11,12,6,15,13,17,10,10,20,16,14,15,17,3,15,6,7,10,16,18,15,12,16,8,13,12,6,17,17,17,11,18,18,18,3,12,13,18,17,16,16,12,7,18,10,17,17,15,18,18,16,22,13,9,14,10,13,19,21,10,14,8,9,9,13,12,17,12,12,16,8,25,13,17,19,11,18,14,12,13,18,12,10,9,9,12,3,18,12
18,0,7,7,11,9,10,17,9,26,9,19,24,14,5,14,2,3,21,17,27,4,21,9,13,9,26,26,22,20,1,20,22,13,20,20,10,20,14,17,21,27,18,10,20,20,8,18,17,17,7,5,11,15,24,17,10,13,18,8,9,5,14,7,21,8,16,23,10,7,11,10,5,18,16,4,15,5,11,9,3,7,27,23,10,20,19,14,15,5,23,16,9,19,20,15,21,11,2,14,14,9,21,23,22,8,20,13,7,12,20,12,8,14,19,15,15,12,17,1,21
18,8,0,4,7,4,6,20,4,26,4,21,26,16,5,16,8,6,23,19,27,5,24,5,15,4,26,28,25,22,8,22,24,13,20,22,11,22,15,18,24,27,20,6,22,20,7,17,15,18,7,5,6,17,27,17,7,15,17,4,11,4,15,9,23,4,16,23,11,8,7,6,4,21,16,6,18,4,7,11,7,4,28,25,7,22,21,15,16,6,25,19,8,21,22,15,24,11,6,16,16,12,21,25,25,3,23,12,9,14,22,12,2,17,22,17,14,13,17,7,23
18,7,5,0,8,5,5,20,5,26,5,22,26,16,4,16,7,6,24,20,27,5,24,5,16,5,26,28,25,23,7,22,24,14,21,22,12,22,15,19,24,27,20,6,23,20,8,18,16,19,8,4,7,18,27,18,8,15,18,4,11,4,16,9,23,4,16,23,11,5,5,6,5,21,16,5,18,4,7,11,7,2,28,25,8,23,21,16,17,5,25,19,9,22,23,16,24,11,6,17,16,11,21,26,25,4,23,12,8,15,22,13,4,17,22,18,14,14,17,7,23
15,9,6,7,0,4,6,20,6,23,4,22,26,14,8,17,10,8,24,20,24,8,24,3,16,6,23,25,25,23,10,23,22,11,18,23,9,23,12,15,24,25,21,4,23,17,4,15,13,15,6,8,4,18,25,15,3,16,14,5,12,7,13,9,24,7,13,21,9,8,6,4,6,21,13,9,18,7,5,10,9,7,25,26,3,20,22,13,14,9,25,18,6,18,19,13,22,7,8,16,17,12,18,26,23,5,23,9,10,15,22,10,7,15,21,16,12,10,14,9,22
15,9,4,4,4,0,3,21,3,23,2,22,26,15,6,17,9,7,24,20,24,6,25,2,16,3,23,25,26,23,9,23,22,12,18,23,10,23,13,16,25,25,21,2,23,17,5,15,14,16,7,6,4,18,25,15,5,16,15,3,12,6,14,10,24,4,13,21,10,6,4,2,7,22,13,7,19,6,4,11,9,4,25,26,5,21,22,13,15,7,26,19,6,19,20,14,23,8,8,17,17,13,19,26,23,3,24,9,10,15,23,11,4,16,21,17,12,11,14,9,23
16,10,6,5,7,3,0,21,5,24,4,23,27,16,7,18,10,9,25,21,25,8,25,4,17,5,24,26,26,24,10,24,22,13,19,24,11,24,14,17,25,25,22,4,24,18,7,16,14,17,9,7,6,19,26,16,7,17,16,5,13,7,15,10,25,5,14,21,11,5,2,5,8,22,14,8,19,7,4,13,10,5,26,27,7,21,23,14,16,8,26,20,7,20,21,14,23,9,9,18,18,13,19,27,23,4,24,10,11,16,24,12,5,17,22,17,12,12,15,10,24
14,19,21,21,23,23,24,0,24,15,23,3,11,15,20,7,19,18,5,3,16,18,6,22,12,24,16,15,18,9,19,5,10,16,10,7,17,9,14,13,16,16,5,23,9,13,19,14,13,13,19,20,24,6,14,11,22,10,12,23,15,20,14,18,9,22,16,12,17,21,25,23,20,6,16,19,9,19,25,17,19,22,16,18,22,9,8,14,15,20,17,10,19,9,9,14,9,20,18,12,11,16,11,21,10,22,15,19,17,11,7,16,22,12,7,11,18,16,16,19,8
16,10,4,6,5,3,5,21,0,24,2,23,27,15,7,18,10,9,25,21,25,8,26,4,17,1,24,26,27,24,10,24,23,12,19,24,11,24,13,17,26,26,22,4,24,18,5,16,14,17,7,7,4,19,26,16,6,17,16,3,13,6,14,11,25,6,14,22,10,7,6,5,7,22,14,8,20,7,6,11,10,5,26,27,6,21,23,14,16,8,27,20,7,20,21,14,23,9,9,18,18,13,19,27,24,3,24,10,11,16,24,12,4,16,22,17,13,11,15,10,24
14,26,25,26,22,23,25,15,25,0,24,15,13,20,26,14,26,24,18,14,2,25,17,22,19,25,2,3,25,12,26,15,10,21,13,13,22,12,19,19,24,3,13,23,13,14,23,16,17,19,24,26,23,14,4,17,21,18,16,25,23,25,20,25,13,26,14,5,22,26,25,23,24,14,17,25,15,25,25,24,25,26,3,26,21,13,10,20,21,27,25,15,22,14,11,19,10,20,24,18,18,24,14,29,10,24,23,19,25,19,14,22,26,18,14,17,18,21,15,25,13
16,10,4,6,5,2,5,21,3,24,0,23,27,15,7,17,10,9,25,21,25,8,25,3,17,3,24,26,26,24,11,24,22,12,19,24,10,24,13,16,25,25,22,4,24,18,5,16,14,16,7,7,4,19,25,16,5,17,15,3,13,7,14,10,25,6,14,21,10,7,5,4,7,22,14,8,19,7,5,11,10,6,26,26,5,21,22,14,15,8,26,19,7,19,20,14,23,8,9,17,18,13,19,27,23,3,24,10,11,16,23,11,4,16,22,17,12,11,15,10,23
15,22,23,24,25,25,27,4,26,15,25,0,10,17,22,9,22,20,7,5,16,21,4,25,14,26,16,15,20,9,22,2,11,19,11,8,19,9,17,16,19,16,5,26,9,15,22,16,15,16,22,23,26,9,14,14,25,13,15,25,18,22,17,20,8,25,17,12,20,23,27,26,22,7,18,21,11,22,27,19,21,24,16,20,25,10,8,17,17,23,20,12,22,11,10,16,10,22,20,14,13,19,12,24,11,25,18,22,20,14,8,19,25,15,8,14,21,19,17,21,9
17,24,26,27,24,25,27,11,28,13,26,8,0,20,25,12,25,23,13,11,13,24,8,25,17,28,13,13,20,12,25,8,14,22,15,13,22,11,20,19,20,14,10,26,7,19,25,19,18,18,24,25,26,12,13,17,23,16,18,27,20,25,20,23,7,28,16,10,23,26,27,26,25,11,19,24,14,24,27,22,24,27,15,23,23,14,10,19,20,25,23,15,24,15,15,19,11,22,23,17,16,22,16,27,13,27,20,22,23,17,13,22,28,17,13,17,20,22,17,24,14
12,15,16,16,15,15,16,12,17,18,15,14,18,0,15,8,15,13,16,11,19,14,16,14,6,17,19,20,17,14,15,14,13,6,10,14,7,14,5,6,16,20,12,15,15,11,13,8,7,6,13,15,15,10,19,7,15,6,7,16,10,14,4,13,15,17,11,17,7,16,16,15,14,12,9,14,8,14,16,8,14,16,19,18,15,11,13,4,1,16,17,7,10,10,11,6,15,11,13,5,5,10,11,17,16,16,15,10,12,6,12,6,17,4,10,5,9,7,12,14,13
19,6,5,4,9,6,7,19,6,27,7,21,26,16,0,16,6,4,23,19,28,3,23,6,15,6,27,28,24,22,6,22,24,13,22,22,11,22,15,18,23,29,20,7,22,21,8,19,17,19,7,2,8,17,26,19,10,15,19,6,11,3,15,8,23,5,17,24,11,7,8,7,5,20,17,3,17,3,8,10,6,4,29,25,10,22,21,15,16,3,25,18,10,21,22,16,23,12,5,16,16,11,22,25,24,5,22,13,8,14,22,13,5,16,21,17,15,13,18,6,23
12,14,16,16,18,18,19,6,19,15,18,8,12,9,14,0,14,12,10,5,15,13,10,17,7,18,15,14,12,8,14,8,11,11,8,8,12,8,11,9,11,15,6,18,9,11,14,10,9,9,14,15,18,4,13,8,17,5,9,18,10,15,10,13,9,17,12,12,13,16,20,18,15,7,12,14,4,14,20,12,14,17,16,12,17,8,7,10,10,15,12,5,15,8,8,10,10,16,13,7,6,11,9,16,11,17,9,16,12,6,8,11,17,7,8,6,15,13,13,14,9
17,2,5,6,10,8,9,16,8,25,8,18,23,13,4,12,0,2,20,16,26,3,20,8,12,8,25,25,21,19,2,19,21,12,19,19,9,19,13,16,20,26,17,9,19,19,6,17,16,16,6,5,10,14,23,16,9,12,17,7,8,4,13,5,20,7,15,22,9,6,10,9,4,17,15,3,14,4,10,8,2,6,26,22,9,19,18,13,14,5,21,15,8,18,19,14,20,10,1,13,13,8,20,22,21,7,19,12,6,11,19,11,7,13,18,14,14,11,16,2,20
17,3,5,5,10,7,8,16,7,25,8,18,23,13,3,13,3,0,20,16,26,1,20,7,12,7,25,25,21,19,3,19,21,12,19,19,9,19,13,16,20,26,17,8,19,19,7,17,16,16,6,3,9,14,23,16,9,12,17,7,8,3,13,6,20,6,15,22,9,4,9,8,4,17,15,2,14,2,9,8,3,5,26,22,9,19,18,13,14,3,22,15,8,18,19,14,20,10,2,13,13,8,20,22,21,6,19,12,6,11,19,11,6,13,18,14,14,11,16,3,20
16,22,23,24,25,25,27,4,26,16,26,4,12,17,22,9,22,20,0,5,17,21,2,25,14,26,17,16,20,10,22,4,12,19,12,9,20,10,17,16,19,17,6,26,10,15,22,16,15,16,22,23,26,9,15,14,25,13,15,25,18,22,17,20,9,25,18,13,20,23,27,26,22,8,18,21,11,22,27,19,21,24,17,21,25,11,9,17,18,23,20,13,22,12,11,16,11,22,20,15,14,19,13,24,12,25,18,22,20,14,9,19,25,15,9,14,21,19,18,21,10
13,18,20,20,21,21,23,3,22,15,22,5,11,13,18,5,18,16,7,0,16,17,7,21,10,22,16,15,16,9,18,6,10,15,9,7,16,9,13,12,15,16,5,22,9,12,18,12,11,12,18,19,22,4,14,10,21,9,11,21,14,18,13,16,9,21,15,12,16,19,23,22,18,6,14,17,7,18,23,15,17,20,16,17,21,7,8,13,14,19,16,9,18,8,8,12,9,18,17,10,9,15,10,20,10,21,14,18,16,10,7,15,21,11,7,10,17,15,14,18,8
14,25,25,26,21,23,24,15,25,2,23,15,13,20,26,14,25,24,18,14,0,24,17,22,19,25,3,3,25,12,26,15,10,21,12,13,21,12,19,19,24,3,13,23,13,14,22,16,16,18,23,25,23,14,5,17,20,18,15,24,23,24,20,25,13,26,13,6,22,25,24,23,24,13,16,25,15,24,24,23,25,25,3,26,20,12,10,19,20,26,25,15,21,14,11,18,10,19,24,18,17,24,13,29,10,24,23,19,25,19,14,21,25,18,14,16,17,21,14,25,13
18,4,4,4,10,6,8,17,7,26,7,19,23,14,2,13,3,2,21,16,26,0,21,7,13,7,26,25,22,19,3,19,22,12,20,19,10,19,14,17,21,26,17,7,20,20,7,18,16,16,7,2,9,15,24,17,10,12,18,6,9,3,14,6,20,5,16,23,9,5,8,8,4,18,16,2,15,2,9,9,3,5,27,22,10,20,18,14,14,3,22,16,9,19,20,14,21,11,3,14,13,9,20,23,22,5,20,12,6,12,19,12,5,14,19,15,14,12,17,3,20
17,22,24,25,26,26,28,5,27,17,26,3,10,18,23,10,23,21,5,6,17,22,0,26,15,27,17,16,21,10,23,2,13,20,12,9,20,10,18,17,20,17,6,27,9,16,23,17,16,16,22,23,27,10,15,15,26,14,16,26,18,23,18,21,8,26,18,13,21,24,28,27,23,8,19,22,12,22,28,20,22,25,17,21,26,11,9,17,18,23,21,13,22,12,12,17,11,23,21,15,14,20,13,25,12,26,18,23,21,15,9,20,26,15,9,15,21,20,18,22,10
14,9,5,5,3,2,4,19,4,22,3,21,25,14,7,16,9,7,23,19,23,8,24,0,15,4,22,24,25,22,9,22,21,11,17,22,9,22,12,15,24,24,20,2,22,16,5,14,12,15,7,7,3,17,24,14,4,15,14,4,11,7,13,9,23,5,12,20,9,7,5,3,7,20,12,8,18,7,4,11,8,5,24,25,4,20,21,13,14,8,25,18,6,18,19,13,21,7,7,16,16,12,18,25,22,4,23,8,9,14,22,10,5,15,20,16,11,10,13,8,22
13,13,14,15,16,16,18,11,17,20,17,13,17,7,13,7,13,11,15,10,20,12,15,16,0,17,20,19,16,13,13,13,14,9,12,13,9,13,9,7,15,20,11,17,14,12,13,9,8,7,13,14,17,8,18,8,16,4,9,16,9,13,7,11,14,16,12,16,9,14,18,17,13,12,11,12,9,13,18,8,12,15,20,16,16,12,12,7,8,14,16,8,12,11,12,8,15,14,11,6,5,8,12,15,16,16,14,13,11,2,13,9,16,5,12,6,13,10,13,12,14
16,10,4,6,5,2,5,21,3,24,2,23,27,15,7,18,11,9,25,21,25,8,25,3,17,0,24,26,26,24,11,24,22,12,19,24,10,24,13,16,25,25,22,4,24,18,5,16,14,17,7,7,4,19,26,16,6,17,16,3,13,7,14,10,25,6,14,21,10,7,5,4,7,22,14,8,19,7,5,11,10,6,26,27,5,21,23,14,15,8,26,19,7,19,21,14,23,9,9,17,18,13,19,27,23,3,24,10,11,16,23,11,5,16,22,17,12,11,15,10,23
14,25,25,26,22,23,24,15,25,2,23,15,13,20,26,14,25,24,18,14,3,24,17,22,19,25,0,4,25,12,26,15,10,21,13,13,22,12,19,19,24,3,13,23,13,14,22,16,16,19,24,26,23,14,4,17,20,18,15,24,23,24,20,25,13,26,13,5,22,25,24,23,24,14,16,25,15,24,24,23,25,26,4,26,20,12,10,19,20,26,25,15,21,14,11,18,10,20,24,18,17,24,13,29,10,24,23,19,25,19,13,21,25,18,13,16,17,21,14,25,13
13,25,24,25,21,22,23,14,24,3,23,14,12,19,25,14,25,23,17,13,2,24,16,21,18,24,4,0,24,11,25,14,9,20,12,12,21,11,18,18,23,3,12,22,12,13,22,15,15,18,23,25,22,13,3,16,20,17,15,23,22,24,19,24,12,25,12,5,21,25,23,22,23,13,16,24,14,24,23,23,24,25,4,25,20,12,9,19,20,25,24,14,21,13,10,18,9,19,23,17,17,23,13,28,9,23,22,18,24,18,13,21,25,17,13,16,16,20,13,24,12
22,23,24,25,26,26,28,16,27,25,26,18,21,19,23,12,23,21,20,15,25,22,20,26,16,27,25,24,0,18,23,18,20,20,19,18,22,18,20,18,2,25,16,27,19,21,23,19,18,18,22,24,27,14,23,17,26,14,18,26,19,23,19,22,19,26,21,21,22,24,28,27,23,17,21,22,14,23,28,21,22,25,25,5,26,18,17,19,19,24,5,14,25,18,19,19,20,25,22,16,15,21,19,19,21,26,8,25,22,16,18,21,26,16,18,15,24,22,22,23,19
15,21,22,23,24,24,26,8,25,12,24,8,10,16,21,8,21,19,11,8,13,20,9,24,13,25,12,12,19,0,21,8,7,18,11,6,19,5,16,15,18,13,4,25,5,14,21,15,15,15,21,21,25,8,11,13,23,12,14,24,17,21,16,19,6,24,16,9,19,22,26,25,21,7,17,20,10,21,26,18,20,23,13,19,23,9,3,16,16,22,19,12,21,11,9,15,4,22,19,13,12,18,12,23,6,24,17,21,19,13,7,18,24,14,8,13,20,18,16,20,7
19,1,7,7,11,9,10,18,9,26,10,19,24,15,5,14,2,3,21,17,27,3,22,9,13,9,27,26,23,20,0,20,22,13,20,20,11,20,14,17,22,27,18,10,21,21,8,19,17,17,8,5,12,15,25,18,11,13,18,9,9,5,15,7,21,8,17,23,10,7,11,10,6,19,17,4,16,4,11,10,3,8,27,23,11,20,19,15,15,5,23,17,10,20,20,15,22,12,2,14,14,10,21,23,23,8,21,13,7,12,20,12,8,15,20,15,15,13,18,2,21
16,22,24,25,26,26,28,5,27,16,26,2,10,18,23,10,22,21,7,6,17,22,3,26,15,27,16,16,21,9,23,0,12,19,12,9,20,10,18,17,20,17,5,26,9,15,23,17,16,16,22,23,27,10,14,15,26,14,16,26,18,23,18,21,8,26,18,13,21,24,28,27,23,8,19,22,12,22,28,20,22,25,17,21,26,10,9,17,18,23,21,13,22,12,11,17,11,23,21,15,14,20,13,25,11,26,18,23,21,15,9,20,26,15,9,15,21,20,18,22,10
8,22,23,23,19,20,22,11,22,10,21,11,12,13,22,9,22,20,14,10,10,21,13,20,14,22,10,11,20,7,22,11,0,14,6,6,15,9,13,12,18,11,9,20,9,7,19,9,10,12,20,23,20,10,10,10,18,11,9,22,18,22,13,20,10,23,10,8,16,23,22,21,21,7,12,21,8,22,22,17,21,23,11,20,18,5,6,13,14,23,19,8,16,6,3,12,5,17,21,11,11,19,7,24,5,22,17,16,20,14,6,15,23,11,5,10,14,15,10,22,5
11,12,13,14,12,12,13,13,13,20,12,15,20,4,13,10,12,11,17,13,21,11,18,11,7,13,20,21,19,16,13,16,14,0,10,16,4,16,3,6,18,22,14,12,16,11,9,7,6,7,10,13,12,11,20,7,11,7,7,13,8,12,4,10,17,15,10,18,4,14,13,12,12,14,8,12,10,11,13,5,12,14,21,19,11,13,15,3,4,13,19,8,7,11,12,4,17,7,11,6,7,7,11,18,17,13,16,7,10,7,14,3,15,5,12,7,7,4,11,12,14
5,20,19,20,17,17,19,10,19,12,18,11,16,11,20,8,20,18,13,9,12,19,13,17,12,19,12,13,18,11,20,11,6,11,0,9,11,13,9,9,17,14,9,18,13,4,15,6,6,9,16,20,18,8,12,7,16,9,5,19,16,19,10,18,13,20,7,10,12,20,19,18,19,7,8,20,6,19,19,13,20,20,13,18,16,4,10,9,11,21,18,7,13,3,3,8,9,13,19,9,9,15,3,22,9,19,16,13,17,12,7,11,20,9,5,8,11,11,6,20,6
12,19,21,21,23,23,24,7,24,11,23,7,11,15,20,7,19,18,10,6,12,18,9,22,12,24,12,13,18,6,19,7,5,16,8,0,17,7,15,14,16,13,5,23,8,11,19,13,12,13,19,20,23,6,12,11,22,10,12,23,15,20,15,18,8,22,14,10,18,21,25,23,20,4,15,19,9,19,25,17,19,22,12,18,22,6,6,14,15,20,17,10,19,7,7,14,4,19,18,12,11,16,9,21,5,22,15,19,17,11,4,16,22,12,4,12,18,17,13,19,4
12,11,11,12,10,10,11,15,11,21,10,17,22,6,11,12,11,9,19,15,22,10,20,9,9,11,21,23,21,18,11,18,16,3,12,18,0,18,5,8,20,23,16,10,18,12,7,9,7,9,8,11,10,13,22,9,9,9,8,11,6,11,5,9,19,13,11,19,2,12,11,10,10,15,10,10,12,10,11,4,10,12,23,21,9,14,17,5,6,12,21,10,4,12,13,5,18,5,9,8,9,6,12,20,19,11,18,5,8,9,15,2,13,7,14,9,8,3,12,10,16
16,21,23,23,24,24,26,9,25,12,25,9,11,16,21,8,21,19,12,8,12,20,11,24,13,25,12,11,19,5,21,9,9,18,11,7,19,0,16,15,18,12,6,25,5,15,21,16,15,15,21,22,25,8,10,14,23,12,14,24,17,21,17,19,6,24,16,9,19,22,26,25,21,8,18,20,10,21,26,18,20,23,13,20,23,10,3,16,17,22,19,12,21,11,11,16,6,22,20,14,13,18,12,23,8,24,17,21,19,13,9,18,24,14,8,13,20,18,17,21,9
10,13,14,14,12,12,13,14,14,20,12,16,21,5,13,11,13,11,18,13,20,12,18,11,8,14,20,21,20,17,13,17,14,3,9,16,4,17,0,6,18,21,15,12,17,10,10,7,5,7,11,13,12,12,20,6,12,8,6,13,9,13,3,11,18,15,9,18,5,15,13,12,13,13,8,13,10,12,13,6,13,15,20,20,12,12,16,3,5,14,19,9,7,10,11,3,16,8,12,7,8,8,10,19,17,13,17,7,10,8,13,4,15,6,12,7,7,4,11,13,14
10,15,16,16,14,14,16,12,16,18,15,14,19,5,15,8,15,13,16,12,19,14,16,14,6,16,18,20,17,15,15,15,12,6,9,14,7,15,4,0,16,20,13,14,15,10,12,6,5,5,13,15,15,9,19,6,14,5,6,16,10,15,3,13,16,17,9,17,7,16,16,15,14,12,7,14,8,14,16,8,14,17,19,18,14,11,13,3,5,16,17,7,9,9,11,3,15,10,14,5,6,10,9,17,15,16,15,10,12,6,12,6,17,5,10,4,9,7,10,15,13
20,22,24,24,26,26,27,14,27,23,26,16,21,18,23,11,22,21,18,14,24,21,19,25,15,27,24,23,2,17,22,17,19,19,17,17,20,17,18,17,0,24,15,26,17,19,22,18,17,16,22,23,26,12,22,16,25,13,16,26,18,23,18,21,18,25,20,20,21,24,28,26,23,15,20,22,12,22,28,20,22,25,24,4,25,17,16,17,18,23,4,13,23,16,17,18,18,24,21,15,14,19,18,17,20,25,6,24,20,14,17,19,25,15,17,14,22,21,21,22,18
13,25,24,25,21,22,24,15,24,2,23,14,12,19,25,14,25,23,18,13,1,24,16,21,19,24,3,2,25,12,25,15,9,20,12,12,21,12,18,18,23,0,12,22,12,13,22,15,16,18,23,25,22,13,4,16,20,17,15,24,22,24,19,25,13,25,13,5,21,25,23,22,23,13,16,24,14,24,24,23,24,25,3,25,20,12,9,19,20,26,24,14,21,13,10,18,9,19,23,17,17,23,13,28,10,23,22,18,24,18,13,21,25,17,13,16,17,20,14,24,13
12,19,21,21,23,23,25,5,24,12,23,4,9,15,20,7,19,18,7,5,13,18,6,23,12,24,13,12,18,5,20,4,9,16,8,5,17,6,15,14,17,13,0,23,5,12,20,13,13,13,19,20,24,7,11,12,22,11,12,23,15,20,15,18,5,22,14,9,18,21,25,24,20,4,16,19,9,19,25,17,19,22,13,18,22,7,5,14,15,20,18,10,19,8,8,14,7,20,18,12,11,17,9,22,8,22,15,20,18,11,5,16,23,12,5,12,18,17,14,19,6
16,11,6,6,4,3,5,21,6,24,4,23,27,16,8,18,11,9,25,21,25,8,26,2,17,6,24,26,27,24,11,24,23,13,19,24,11,24,14,17,26,26,22,0,24,18,7,16,14,17,9,8,3,19,26,16,4,17,16,5,13,8,15,11,25,6,14,22,11,8,6,1,9,22,14,9,20,8,4,13,10,6,26,27,4,22,23,15,16,9,27,20,8,20,21,15,23,8,9,18,18,14,20,27,24,5,24,10,11,16,24,12,6,17,22,18,13,12,15,10,24
16,21,23,24,25,25,27,8,26,13,25,7,7,17,22,9,22,20,11,9,13,21,8,25,14,26,13,12,20,6,22,6,10,19,12,8,20,5,17,16,19,13,4,26,0,15,22,16,15,16,21,22,26,9,11,14,23,13,15,25,17,22,17,20,1,25,16,9,20,23,27,26,22,8,18,21,11,22,27,19,21,24,13,20,24,10,4,17,17,22,20,13,22,12,11,16,7,22,20,14,13,19,13,24,9,25,18,22,20,14,9,19,25,15,9,14,20,19,17,21,10
2,19,18,19,15,16,18,13,18,15,17,15,18,12,19,11,19,17,17,13,16,18,17,16,13,18,15,16,20,15,19,16,10,11,5,14,12,16,10,10,19,16,13,16,17,0,16,5,7,9,17,19,16,11,15,7,14,11,5,18,17,18,10,19,17,19,4,12,13,19,18,17,17,11,8,18,9,18,18,14,19,19,16,21,14,8,14,10,12,20,20,9,13,7,8,9,12,13,18,11,11,16,7,24,12,18,18,12,18,13,11,12,19,11,9,9,10,12,4,19,11
13,7,6,8,5,5,7,18,7,21,5,20,24,12,8,14,7,6,22,18,22,6,22,5,14,7,21,23,23,21,8,21,20,9,15,21,7,21,10,13,22,23,19,6,21,15,0,12,11,13,3,8,6,16,23,12,5,14,12,6,10,6,11,7,22,8,11,18,7,9,7,6,6,19,11,7,16,6,7,7,7,8,23,23,4,18,19,10,12,8,23,16,3,16,17,11,20,6,6,14,15,9,16,24,20,6,21,7,8,13,20,8,8,13,18,14,9,8,12,7,20
6,16,16,16,13,13,15,14,15,16,14,15,19,8,17,11,16,15,17,13,17,15,18,13,10,15,16,18,20,16,17,16,11,8,6,15,8,16,6,6,19,17,15,13,17,6,12,0,2,7,13,16,14,11,17,5,11,9,3,15,13,15,7,15,17,16,4,13,9,16,15,14,15,12,3,16,9,15,15,10,16,16,17,20,12,10,15,6,9,17,20,9,10,8,9,5,13,10,15,8,9,12,8,21,14,15,18,9,14,10,12,8,16,8,11,7,6,8,5,16,12
7,15,14,16,13,13,14,12,15,16,13,14,18,6,16,9,15,14,16,11,17,14,16,12,8,15,16,17,18,15,16,14,10,6,6,13,7,15,4,4,17,18,13,13,15,7,11,3,0,5,12,15,13,9,17,3,13,7,3,14,11,14,5,13,16,16,6,15,7,15,14,13,14,11,4,15,8,14,14,8,15,16,17,19,12,8,13,4,7,16,18,7,8,7,8,3,13,8,14,6,7,10,6,19,13,14,16,8,13,8,11,7,15,6,9,5,7,6,7,15,11
10,15,17,17,15,15,17,12,17,18,16,14,18,5,16,8,15,14,16,11,18,14,16,15,5,17,18,19,17,14,15,14,12,7,9,14,8,14,5,4,16,20,12,15,15,10,13,6,5,0,14,16,16,9,18,5,15,5,6,17,11,15,4,14,15,18,10,17,8,17,17,16,15,11,8,15,8,15,17,9,15,17,19,17,15,10,13,4,5,16,17,6,10,9,10,4,15,11,14,4,5,11,9,17,15,17,14,11,13,6,11,7,18,4,10,3,10,8,10,15,12
15,8,7,8,7,7,10,19,8,23,7,20,25,12,8,15,8,6,22,18,24,7,23,8,14,8,23,25,24,21,8,21,22,10,18,21,8,21,11,14,23,25,19,8,21,17,3,15,13,15,0,7,9,16,25,15,7,14,14,7,9,6,12,7,22,9,13,21,7,9,10,9,6,20,13,7,17,6,10,7,7,9,25,24,7,20,20,11,13,9,24,17,6,18,19,12,23,8,6,15,15,8,18,24,23,8,22,10,7,13,21,9,9,14,20,15,12,9,14,7,22
18,5,4,4,9,6,7,18,6,25,7,20,25,15,2,14,5,3,22,18,27,2,22,6,14,6,26,27,23,21,5,21,23,12,21,21,10,21,14,17,22,27,19,7,21,20,7,18,16,18,6,0,8,16,25,18,10,14,18,6,9,2,14,7,22,5,16,23,9,6,8,7,3,19,16,3,16,1,8,9,5,4,28,24,9,21,19,14,15,4,23,17,9,20,21,14,22,11,4,15,15,10,21,24,23,5,21,12,6,13,21,12,5,15,20,16,14,12,17,5,21
16,11,7,7,4,4,5,22,6,24,5,24,27,16,8,18,11,9,26,21,25,9,26,3,18,6,25,26,27,24,11,24,23,13,20,24,12,24,14,17,26,26,22,3,25,18,7,16,15,17,9,8,0,20,26,16,4,17,16,6,14,8,15,11,25,7,14,22,11,8,6,3,9,23,14,9,20,8,4,13,11,7,26,27,4,22,23,15,17,9,27,20,8,20,21,15,24,9,10,19,18,14,20,27,24,5,25,10,11,17,24,13,7,17,23,18,13,12,16,11,24
12,15,17,18,19,19,21,6,20,14,19,8,12,11,16,3,16,14,9,5,15,15,10,19,8,20,15,14,14,8,16,8,9,12,8,8,14,8,12,10,13,15,6,20,9,11,16,11,10,10,15,16,20,0,13,9,19,6,9,19,11,16,11,14,9,19,13,11,14,17,21,20,16,6,13,15,4,15,21,13,15,18,15,14,19,8,7,11,11,16,14,7,16,7,8,11,10,17,14,8,7,13,9,18,11,19,11,17,14,8,8,12,19,8,7,7,15,14,13,15,9
15,26,26,27,22,24,25,15,26,5,24,14,14,21,27,14,26,25,18,14,5,25,16,23,19,26,5,4,25,12,27,15,11,22,14,13,23,12,20,20,23,5,12,24,12,15,23,17,17,19,25,26,24,13,0,18,21,18,16,25,22,25,21,25,13,27,14,7,23,26,25,24,25,13,17,26,16,25,25,24,26,27,7,25,21,13,9,20,21,27,24,16,22,15,12,19,10,20,25,19,18,23,14,28,11,25,22,20,24,18,14,22,26,19,14,17,18,22,15,26,14
7,17,17,18,15,15,16,10,17,16,15,12,17,7,17,7,17,15,14,9,16,16,14,14,8,17,16,17,17,13,17,13,10,7,6,12,8,13,5,4,15,18,11,15,13,7,13,4,4,4,14,17,15,8,16,0,15,6,3,16,12,16,5,15,14,18,6,14,9,17,16,15,16,9,6,16,6,16,16,10,16,18,17,17,14,8,12,5,7,18,16,5,10,6,8,5,13,10,15,6,6,12,6,19,13,16,14,10,14,8,9,8,18,6,8,4,9,7,7,16,10
14,9,7,8,2,5,6,20,6,22,5,22,25,14,9,16,9,7,24,19,23,8,24,4,16,6,22,24,25,22,9,22,21,11,17,22,9,22,12,15,24,24,20,4,23,16,4,14,13,15,6,8,4,18,24,15,0,15,14,6,12,7,13,9,23,8,12,19,9,9,7,5,6,21,12,9,18,7,6,10,9,8,24,25,1,20,21,13,14,10,25,18,6,18,19,13,21,6,8,16,16,12,18,25,21,6,23,7,9,14,22,10,7,15,21,16,11,10,13,9,22
12,13,15,15,17,17,19,8,18,17,17,10,15,8,14,5,13,12,12,8,18,12,12,17,5,18,17,17,14,11,14,11,12,9,10,11,10,11,9,7,12,18,9,17,11,11,14,8,8,7,13,14,18,6,15,7,16,0,8,17,9,14,8,12,12,16,11,14,11,15,19,18,14,9,10,13,6,13,19,10,13,16,18,14,16,10,10,8,8,14,13,6,14,9,10,8,12,14,12,4,3,10,11,15,13,16,11,14,12,5,11,9,16,5,10,5,13,11,12,13,12
5,17,17,17,14,14,16,12,16,14,15,14,19,8,18,10,17,16,16,12,15,16,17,14,10,16,15,16,19,14,18,15,9,8,4,13,9,15,6,6,18,16,13,14,16,4,13,2,3,6,14,17,15,10,15,4,13,8,0,16,13,16,7,15,16,17,4,13,9,17,16,15,16,10,5,17,8,16,16,11,17,17,15,19,13,8,14,6,9,18,19,8,10,7,7,5,12,10,16,8,8,12,6,21,12,16,17,10,15,10,10,9,17,8,9,5,7,8,5,17,10
17,8,3,3,6,3,4,21,2,24,3,23,27,16,5,18,8,7,25,21,25,6,25,3,17,2,25,26,26,24,8,24,23,13,20,24,11,24,14,17,25,26,22,4,24,19,6,16,15,17,7,5,5,19,26,17,6,17,16,0,12,5,15,10,25,3,14,22,11,6,4,4,6,22,14,6,19,5,5,12,8,3,26,27,6,22,23,15,16,6,26,20,8,20,21,15,24,9,7,18,18,12,20,27,24,1,24,11,9,16,24,12,2,17,23,18,13,12,16,8,24
17,9,10,11,13,13,14,14,13,23,13,16,20,9,10,10,9,8,18,13,23,8,18,13,8,13,23,22,19,16,10,16,19,7,16,16,6,16,9,12,18,23,14,13,17,17,10,13,12,13,9,10,14,12,21,13,12,9,13,12,0,9,9,7,17,12,15,20,6,11,14,14,9,15,14,9,12,9,15,4,9,11,24,20,12,17,15,9,9,10,19,13,9,16,17,10,18,11,8,11,10,4,16,19,19,12,17,10,7,8,16,7,12,10,16,12,13,8,17,9,17
17,6,3,4,9,6,8,18,6,25,6,20,25,15,4,15,6,4,22,18,26,3,22,7,14,6,25,27,23,21,6,21,23,13,20,21,10,21,14,17,23,26,19,7,21,19,6,17,15,18,5,3,9,16,26,17,9,14,17,6,10,0,15,7,22,5,15,22,10,8,8,8,3,19,15,4,16,2,9,9,5,5,27,24,9,21,20,14,15,5,24,17,8,20,21,15,22,10,5,15,15,10,20,24,23,5,21,11,7,13,21,12,5,15,20,16,13,12,16,6,22
10,14,14,15,13,13,14,14,14,19,13,16,20,4,14,10,14,12,18,13,20,13,18,12,8,14,20,21,19,16,14,16,13,4,9,16,5,16,3,5,18,21,14,13,17,10,10,6,5,6,11,14,13,11,20,6,12,8,6,14,9,13,0,12,17,16,9,18,5,15,14,13,13,13,7,13,10,13,14,7,13,15,20,20,12,11,15,2,5,15,19,9,8,10,11,3,16,8,12,7,7,9,10,19,17,14,17,8,11,8,13,5,15,6,11,7,7,5,10,13,14
18,7,9,9,10,10,12,16,11,25,11,18,22,13,7,12,7,5,20,16,25,6,20,10,12,11,25,24,21,19,7,18,21,11,19,18,8,18,12,15,20,25,16,11,19,20,7,16,15,15,7,8,11,14,23,16,10,11,16,10,8,7,12,0,19,10,16,22,8,8,12,11,7,17,16,6,14,7,12,7,6,9,26,22,10,19,17,12,13,8,21,15,9,18,19,13,20,11,6,13,12,8,19,22,21,10,19,12,5,11,18,10,10,13,18,14,14,10,17,7,19
16,22,23,24,25,25,27,9,26,13,26,7,7,17,22,9,22,20,11,9,13,21,9,25,14,26,13,12,20,6,22,7,10,19,12,8,20,5,17,16,19,13,5,26,1,16,22,16,16,16,22,23,26,9,11,14,24,13,15,25,18,22,17,20,0,25,16,10,20,23,27,26,22,8,19,21,11,22,27,19,21,24,14,20,24,11,4,17,17,23,20,13,22,12,11,16,7,23,20,14,14,19,13,24,9,25,18,22,20,14,9,19,25,15,9,14,20,19,17,21,10
17,7,4,2,7,3,5,20,4,25,4,22,27,16,4,17,7,6,24,20,26,5,24,4,16,4,25,27,25,23,7,23,24,14,20,23,12,23,15,18,24,27,21,4,23,19,7,17,16,18,8,4,6,18,27,17,7,16,17,3,11,4,16,9,24,0,15,23,11,7,5,5,5,21,15,5,18,4,6,11,7,2,27,26,7,23,22,16,17,5,25,19,9,21,22,16,24,10,6,17,17,11,21,26,25,2,23,12,8,15,23,13,2,17,22,18,14,13,16,7,24
6,17,17,17,13,14,16,17,17,14,15,19,17,12,18,14,17,16,20,16,16,16,21,14,13,16,15,16,24,17,17,19,13,12,9,17,12,17,10,10,22,16,17,14,17,8,14,6,6,10,15,17,14,14,16,9,12,13,7,16,17,16,11,17,18,17,0,12,13,17,16,15,15,15,6,17,13,16,16,14,17,17,16,24,12,12,14,10,12,18,23,12,13,11,11,9,14,11,16,12,13,16,11,25,14,16,21,10,17,13,15,12,17,12,13,10,8,12,4,17,14
11,25,25,26,21,22,24,14,25,9,23,14,13,16,26,13,25,24,17,13,10,24,16,22,17,25,9,10,23,10,26,14,6,17,9,9,18,11,16,15,22,11,12,23,11,10,22,12,13,15,23,25,23,13,9,13,20,14,12,24,21,24,16,24,12,26,13,0,19,25,24,23,24,10,15,25,11,24,24,20,25,25,10,23,20,9,9,16,17,26,23,11,19,10,7,15,6,19,24,14,14,22,10,27,6,24,20,19,23,17,10,18,25,14,10,13,17,18,13,25,9
14,9,10,10,9,9,12,17,11,22,10,18,23,7,9,13,9,7,20,16,23,8,21,9,10,11,22,24,22,19,9,19,17,4,13,19,3,19,6,9,21,24,17,10,19,13,6,10,8,10,7,9,10,14,23,10,9,10,10,10,6,9,6,7,20,11,12,20,0,11,11,10,8,16,11,9,13,8,11,3,9,11,24,22,9,15,18,6,8,10,22,12,4,13,15,6,20,6,8,10,10,5,13,22,20,11,20,6,6,10,17,4,11,8,15,10,9,4,13,9,17
20,8,10,7,11,8,6,20,10,28,8,22,27,17,8,16,8,6,24,20,29,6,24,8,16,10,28,29,25,23,7,23,25,16,23,23,13,23,17,20,24,30,21,9,23,22,10,20,19,20,10,8,10,18,27,20,11,16,20,9,12,8,17,9,24,8,18,26,13,0,6,9,9,21,18,7,18,7,8,12,8,7,30,26,11,23,22,17,18,8,25,19,12,22,23,18,24,13,7,17,17,12,24,26,25,9,23,15,10,15,23,15,9,17,22,18,17,15,19,8,24
15,10,5,5,6,3,2,21,4,23,3,23,26,15,7,17,10,8,25,20,24,7,25,4,16,4,23,25,26,23,10,23,22,12,18,23,10,23,13,16,25,25,21,4,24,17,6,15,14,16,8,6,5,18,25,15,7,16,15,4,13,7,14,10,24,4,13,21,10,4,0,5,8,22,13,8,19,6,4,12,10,5,25,26,6,21,22,14,15,7,26,19,7,19,20,14,23,8,9,17,17,13,19,26,23,4,24,10,10,15,23,12,5,16,21,17,12,11,14,10,23
16,10,6,6,3,3,5,21,5,24,4,23,27,16,8,17,10,9,25,21,25,8,25,2,17,5,24,26,26,24,11,24,22,13,19,24,11,24,13,16,25,25,22,2,24,18,7,16,14,17,8,7,2,19,26,16,4,17,16,5,13,7,14,10,25,6,14,21,11,7,5,0,9,22,14,8,19,7,3,12,10,6,26,27,4,21,22,14,16,8,26,20,7,19,21,14,23,8,9,18,18,13,19,27,23,4,24,10,11,16,23,12,6,17,22,17,12,12,15,10,24
17,6,3,4,9,6,7,18,6,25,7,20,25,15,4,15,6,4,22,18,26,3,22,6,14,6,25,27,23,21,6,21,23,12,20,21,10,21,14,17,23,26,19,7,21,19,6,17,15,18,5,3,9,16,26,17,9,14,17,6,10,2,14,7,22,5,15,22,10,7,8,7,0,19,15,4,16,2,8,9,5,5,27,24,9,21,20,14,15,5,24,17,8,20,21,15,22,10,4,15,15,10,20,24,23,5,21,11,7,13,21,12,5,15,20,16,13,12,16,5,22
10,18,20,21,22,22,24,6,23,13,22,6,12,14,19,6,19,17,9,6,14,18,8,21,11,23,14,14,17,8,19,7,7,15,6,5,16,8,13,12,16,15,4,22,8,9,19,11,11,12,18,19,23,6,13,10,22,10,10,22,14,19,13,17,8,22,12,11,16,20,24,23,19,0,14,18,8,18,24,16,18,21,14,17,22,5,7,13,14,19,17,9,17,6,5,13,6,18,17,11,10,16,7,21,7,22,14,18,17,11,4,16,22,11,3,11,16,15,12,18,5
7,16,15,16,12,13,14,14,15,15,14,16,18,8,16,12,16,14,18,14,16,15,19,12,10,15,16,17,21,17,16,17,13,8,7,16,9,17,6,7,20,17,15,13,18,8,13,4,4,7,14,16,13,12,17,6,11,9,5,15,13,15,7,15,18,16,4,13,9,16,14,13,14,13,0,15,10,15,14,10,15,16,17,21,11,11,15,6,9,17,21,10,10,10,10,5,15,10,14,9,10,12,9,21,15,14,19,9,14,10,14,8,16,9,12,7,6,8,6,15,13
19,5,6,5,10,7,8,18,7,27,7,20,25,16,1,15,5,3,22,18,28,2,23,7,14,7,28,27,24,21,5,21,23,14,21,21,11,21,15,18,23,28,19,8,21,21,9,19,18,18,8,3,9,16,26,18,11,14,19,6,10,4,15,8,22,6,17,24,11,7,9,8,5,19,17,0,17,3,9,10,5,5,28,24,10,21,20,15,16,2,24,18,10,21,21,16,23,12,4,15,15,11,22,24,24,6,21,14,8,13,21,13,6,15,21,16,16,13,19,5,22
10,16,18,18,20,19,21,8,21,15,20,10,15,10,17,3,16,15,12,7,15,15,12,19,9,21,15,16,15,11,17,10,9,12,7,10,13,10,10,9,13,16,8,20,11,9,16,9,8,9,16,17,20,5,15,7,19,7,8,20,12,17,10,15,11,19,11,13,13,18,21,20,17,7,11,16,0,16,21,14,16,19,15,15,19,7,9,10,10,17,14,4,15,6,6,9,11,15,15,8,7,13,7,18,12,19,12,15,14,8,8,12,19,8,6,6,14,12,11,16,8
18,5,4,4,9,6,7,18,6,25,7,20,25,15,2,14,5,3,22,18,27,2,22,6,14,6,26,26,23,21,4,20,23,12,21,21,10,20,14,17,22,27,19,7,21,20,7,18,16,17,6,2,8,16,25,18,10,13,18,6,9,2,14,7,21,5,16,23,9,6,8,7,3,19,16,3,16,0,8,9,5,4,28,23,9,21,19,14,15,4,23,17,9,20,21,14,22,11,4,15,14,10,21,24,23,5,21,12,6,13,20,12,5,15,20,16,14,12,17,4,21
16,10,6,5,5,2,2,22,4,24,4,24,27,16,7,18,10,8,26,21,25,7,26,3,17,4,24,26,27,24,10,24,23,13,19,24,11,24,14,17,26,26,22,3,25,18,7,16,15,17,9,6,5,19,26,16,6,17,16,4,14,7,15,11,25,5,14,22,11,6,3,4,8,23,14,7,20,6,0,13,9,5,26,27,6,22,23,15,16,7,27,20,8,20,21,15,24,9,9,18,18,14,20,27,24,3,25,11,11,16,24,13,5,17,22,18,13,12,15,9,24
15,9,10,10,11,11,13,16,12,23,12,18,22,7,9,12,9,7,20,16,24,8,20,11,9,12,24,24,21,19,9,18,18,6,14,18,4,18,7,11,20,25,16,12,19,15,8,12,10,11,7,9,13,14,23,11,11,11,11,12,4,8,7,7,19,11,14,22,3,10,14,12,8,17,12,8,13,8,14,0,8,10,24,22,11,16,17,7,8,10,21,12,6,15,16,8,20,8,7,10,10,3,15,21,21,11,19,8,6,9,17,5,11,9,15,10,11,6,16,8,18
18,3,6,7,11,9,10,17,9,26,9,19,24,14,5,13,3,3,21,17,26,4,21,9,13,9,26,26,22,20,4,20,22,12,20,20,10,20,14,17,21,27,18,10,20,20,7,18,16,17,7,6,11,15,24,17,10,13,18,8,9,5,14,6,21,8,16,23,10,7,11,10,5,18,16,4,15,5,11,9,0,7,27,23,10,20,18,14,15,6,22,16,9,19,20,15,21,11,2,14,14,9,21,23,22,8,20,13,7,12,20,12,8,14,19,15,15,12,17,3,20
18,7,5,1,7,4,5,20,5,26,5,22,27,16,4,16,7,6,24,20,27,5,24,5,16,5,26,28,25,23,7,23,25,14,21,23,12,23,16,19,24,28,21,5,23,20,8,18,17,19,8,4,7,18,27,18,8,16,18,4,11,4,16,9,24,3,16,24,11,5,5,6,5,21,16,5,18,4,6,11,7,0,28,26,8,23,22,16,17,5,25,19,9,22,23,16,24,11,6,17,17,12,22,26,25,3,23,12,8,15,23,13,3,17,22,18,15,14,17,7,24
13,24,24,25,20,21,23,14,24,5,22,14,12,19,25,13,24,23,17,13,3,23,16,21,18,24,5,4,24,11,25,14,9,20,11,12,20,11,18,18,23,5,12,22,12,13,21,15,15,17,22,24,22,13,6,16,19,17,14,23,22,23,19,24,12,25,12,5,21,24,23,22,23,12,15,24,14,23,23,22,24,24,0,24,19,11,9,18,19,25,24,14,20,13,10,17,9,18,23,17,16,23,12,28,9,23,22,18,24,18,13,20,24,17,12,15,16,20,13,24,12
22,21,23,23,25,25,26,16,26,25,25,18,23,19,22,13,21,20,20,16,26,20,20,24,17,26,25,25,5,19,22,19,21,21,19,19,22,19,20,18,4,26,17,25,19,21,21,20,19,18,21,22,25,14,23,18,24,15,18,25,20,22,20,20,20,24,22,22,22,23,26,25,21,17,22,21,14,21,26,22,21,24,26,0,24,19,18,19,20,22,4,15,23,18,19,19,20,25,20,17,15,21,20,15,21,24,6,26,21,16,19,21,25,17,18,16,24,22,22,21,20
14,9,7,8,3,5,7,20,7,22,5,22,25,14,9,16,9,7,24,19,23,8,24,4,15,7,22,24,25,22,9,22,21,11,17,22,9,22,12,15,24,24,20,5,23,16,5,14,13,15,6,8,4,18,24,15,1,15,14,6,12,7,13,9,23,8,12,19,9,9,7,5,7,21,12,9,18,7,6,10,9,8,24,25,0,20,21,13,14,10,25,18,6,18,19,13,21,6,8,16,16,12,18,25,21,6,23,7,9,14,22,10,8,15,21,16,10,10,13,9,22
8,20,21,22,20,20,21,8,22,12,20,10,14,12,21,8,20,19,12,8,13,19,12,19,12,22,13,14,18,9,21,10,5,13,3,7,13,11,11,10,17,14,8,20,11,7,18,8,8,10,19,21,20,7,13,8,19,9,8,21,16,21,11,19,12,23,9,11,14,22,21,20,21,5,11,20,6,20,21,15,20,23,13,18,19,0,8,11,12,21,18,7,15,4,2,10,7,15,19,9,9,17,4,22,7,21,16,15,19,12,5,13,22,10,4,8,14,13,9,20,4
14,19,21,21,23,23,24,8,23,11,23,7,8,14,19,7,19,17,11,6,12,18,9,22,12,23,12,11,18,3,19,8,6,16,10,5,17,4,15,14,16,12,5,23,4,13,19,14,13,13,19,20,23,6,10,12,22,10,13,23,15,20,15,18,5,22,15,8,18,21,25,23,20,6,16,19,8,19,25,17,19,22,12,18,22,8,0,14,15,20,17,10,19,10,8,14,3,20,18,12,11,16,11,21,5,22,15,20,17,11,6,16,22,12,7,12,18,17,15,19,6
10,13,14,14,13,13,15,13,15,20,14,15,20,3,13,9,13,11,17,13,20,12,17,12,7,15,20,21,18,16,13,15,14,4,9,16,5,15,3,6,17,21,14,13,16,10,11,7,5,6,11,13,13,11,20,6,13,7,6,14,8,13,1,11,16,15,9,18,6,14,15,13,12,13,7,12,10,12,15,6,12,15,20,19,13,12,14,0,4,14,18,8,8,10,11,3,16,9,12,6,7,8,10,18,17,14,16,9,10,7,13,4,15,5,12,6,8,5,10,13,14
12,15,16,16,15,15,17,12,17,19,16,14,19,1,15,8,15,13,16,12,19,14,16,14,6,17,19,20,18,15,15,15,13,6,11,15,7,15,6,7,16,21,13,15,15,12,13,8,7,6,14,15,16,10,19,7,15,6,8,17,11,15,5,13,16,17,11,17,8,17,17,15,14,12,10,15,9,14,17,8,15,17,20,18,15,11,13,5,0,16,17,7,10,10,11,6,15,11,14,5,6,10,11,17,16,17,15,11,12,6,12,6,17,4,11,5,10,7,12,15,13
20,6,6,6,11,8,9,19,8,28,8,21,26,16,2,15,6,4,23,19,28,3,23,8,15,8,28,28,24,22,6,22,24,14,22,22,12,22,16,19,23,29,20,9,22,22,9,20,18,19,9,3,10,17,26,19,11,15,20,7,11,5,16,8,23,7,18,25,11,7,9,9,6,20,18,3,17,4,10,11,6,6,29,25,11,22,20,16,17,0,24,18,11,21,22,16,23,13,5,16,16,11,23,25,24,7,22,14,8,14,22,14,7,16,21,17,17,14,19,6,22
21,23,25,25,26,26,28,15,27,24,27,17,22,18,23,11,23,21,19,15,25,22,19,26,15,27,24,24,5,18,23,18,20,20,18,18,21,18,19,17,4,25,16,27,18,20,23,19,18,17,23,24,27,13,22,16,26,14,17,27,19,23,19,21,19,26,21,21,21,25,28,27,23,16,21,22,13,23,28,20,22,25,25,3,26,18,17,18,19,24,0,14,24,17,18,18,19,25,22,16,14,20,19,17,20,26,5,24,21,15,18,20,26,16,17,15,23,21,21,23,19
9,16,18,18,19,18,20,8,20,14,19,10,15,9,16,5,16,14,12,8,14,15,12,18,9,20,14,15,14,11,16,11,8,10,6,10,11,11,9,8,13,15,9,18,11,8,16,8,7,7,16,17,19,5,14,6,18,6,7,20,12,17,9,15,12,19,10,12,12,18,20,19,17,7,10,16,4,16,20,12,16,19,14,14,18,6,10,8,9,17,14,0,13,5,6,8,10,14,15,6,6,13,6,18,11,19,11,14,14,8,7,10,19,7,5,5,13,11,10,16,8
14,9,9,10,7,7,9,19,9,22,7,21,25,10,10,16,10,8,23,18,23,9,23,6,13,9,22,24,25,22,10,22,18,7,14,21,5,22,8,11,24,24,20,7,22,14,5,11,9,11,6,10,8,17,24,11,6,13,11,8,9,9,9,9,23,10,12,20,5,10,9,7,8,18,11,9,15,9,9,7,9,10,24,25,7,16,21,9,10,10,25,14,0,14,16,9,21,4,8,12,13,9,14,24,21,9,22,6,9,13,18,6,10,11,17,12,9,6,13,9,18
7,20,19,20,17,17,19,10,19,13,18,12,17,10,20,8,20,18,14,10,14,19,14,17,11,19,13,14,18,12,20,12,7,10,3,10,11,13,9,8,17,15,10,17,14,6,15,7,6,8,16,20,18,8,13,5,17,9,5,19,16,19,9,18,14,20,9,12,12,20,19,18,18,7,9,19,7,19,19,13,19,20,14,18,17,5,11,8,11,21,18,7,12,0,4,8,9,13,18,9,9,15,3,22,10,19,16,13,17,11,7,11,20,9,6,7,11,11,8,19,7
8,21,22,23,19,20,22,9,22,11,21,11,14,12,21,8,21,19,13,9,11,20,13,19,12,22,11,12,18,9,21,11,4,13,4,8,14,10,11,10,17,12,9,20,11,7,18,9,9,10,19,21,20,8,11,8,18,10,8,22,17,21,12,19,11,23,10,9,15,22,22,20,21,7,12,20,7,21,22,16,20,23,11,19,18,2,8,11,12,21,18,7,15,4,0,11,6,16,19,10,9,17,5,22,7,21,16,16,19,12,6,14,23,10,5,8,14,13,10,20,5
9,14,14,15,13,13,14,13,15,18,13,15,19,4,14,10,14,12,16,12,19,13,17,12,8,15,18,19,19,16,14,15,12,4,8,15,5,15,3,4,18,20,14,13,16,9,11,5,4,5,11,14,13,10,19,5,12,7,5,14,9,14,3,12,16,16,8,17,6,15,14,13,13,12,6,13,9,13,14,7,13,16,19,20,12,10,14,2,5,15,19,8,8,9,10,0,15,8,12,7,8,9,8,19,15,14,17,8,11,8,12,5,16,6,10,6,7,5,9,13,13
11,21,23,23,22,23,25,9,25,9,24,9,9,16,21,9,21,19,12,8,10,20,11,23,14,25,10,11,20,5,21,9,4,17,8,4,18,6,15,14,18,11,7,23,6,10,21,12,13,14,21,22,23,8,10,12,21,12,12,25,17,22,16,19,7,24,13,8,18,23,25,24,21,5,15,21,10,21,25,19,21,23,10,20,21,7,4,15,16,22,19,11,19,8,6,15,0,20,20,13,13,18,9,23,3,24,17,19,19,13,5,17,24,14,5,12,18,17,13,21,5
10,11,11,11,7,8,10,21,10,18,9,23,21,12,11,18,11,9,25,20,19,10,25,8,15,10,18,20,27,20,11,23,17,9,13,20,8,20,10,13,26,20,21,8,21,12,7,10,10,13,8,11,8,19,20,12,6,15,11,10,12,10,11,11,21,11,8,16,7,11,10,9,9,20,8,11,17,10,10,9,11,11,20,27,6,17,18,11,12,12,27,16,5,16,15,11,17,0,10,14,15,11,15,26,18,10,24,3,11,15,19,9,11,13,18,14,7,8,9,11,19
17,2,5,6,10,8,9,16,8,25,8,18,23,13,4,12,2,2,20,16,25,3,20,8,12,8,25,24,21,19,2,19,21,11,19,19,9,18,13,16,20,25,17,9,19,19,6,17,15,16,6,4,10,14,23,16,9,11,17,7,8,4,13,5,19,7,15,22,9,6,9,9,4,17,15,3,14,3,10,8,2,6,26,21,9,19,17,13,14,5,21,15,8,18,19,14,20,10,0,13,12,8,20,22,21,7,19,11,6,11,18,11,7,13,18,14,14,11,16,2,19
12,13,15,16,17,17,19,10,18,18,17,12,17,6,14,6,13,12,14,10,19,12,14,17,4,18,18,18,16,13,14,13,12,8,11,13,9,13,8,7,14,19,11,17,13,12,14,8,7,7,13,14,18,7,17,7,17,3,8,17,9,14,7,12,14,17,12,16,10,15,19,18,14,11,10,13,8,13,19,9,13,16,19,16,17,11,11,7,7,14,15,7,12,10,10,8,14,13,12,0,4,9,11,15,15,16,13,13,12,4,12,8,17,4,10,5,12,10,12,13,13
11,13,15,15,17,17,19,10,18,17,17,12,16,7,14,5,13,12,13,8,18,12,14,17,5,18,17,18,14,12,14,12,11,8,10,12,10,12,8,6,13,19,10,17,13,11,14,8,7,6,13,14,18,6,17,6,16,2,7,17,9,14,7,12,13,16,11,15,10,15,19,18,14,10,10,13,6,13,19,10,13,16,18,15,16,10,11,7,7,14,14,6,13,8,9,7,14,13,12,3,0,10,10,15,14,16,12,13,12,5,11,9,17,4,9,4,12,10,11,13,11
16,10,11,12,13,13,15,15,14,24,13,17,22,8,11,11,10,9,19,15,24,9,19,13,8,14,24,23,21,18,11,18,18,6,15,18,5,17,8,11,19,24,16,14,18,16,9,12,11,12,9,11,14,13,22,12,12,10,12,13,3,10,8,8,18,13,14,21,5,12,15,14,10,16,13,10,13,10,15,4,10,12,25,21,12,16,16,8,8,11,20,12,8,15,16,9,19,10,9,10,11,0,15,20,20,13,18,9,8,8,17,6,13,9,16,11,11,7,16,10,18
6,20,20,21,18,18,20,10,20,13,19,11,16,12,21,8,21,19,14,9,13,20,13,18,12,20,13,14,18,12,21,12,6,11,1,10,12,13,10,10,17,14,9,18,13,5,16,7,7,9,17,21,19,8,13,7,17,10,6,20,16,20,10,19,13,21,8,11,13,21,20,19,19,7,9,20,7,20,20,14,20,21,13,19,17,4,11,10,12,21,18,7,13,4,4,9,9,14,19,10,9,16,0,22,9,20,16,14,18,12,7,12,21,10,5,8,12,12,7,20,7
24,24,26,26,27,27,29,20,28,29,28,22,27,19,24,16,24,22,24,20,29,23,24,27,15,28,29,28,19,23,24,22,24,21,23,22,21,22,20,19,18,29,20,28,23,24,24,21,20,19,24,25,28,18,27,20,27,15,20,27,20,24,19,22,23,27,24,26,21,25,29,28,24,21,22,23,18,24,29,20,23,26,30,16,27,23,21,19,19,25,18,19,24,22,22,20,24,25,23,16,16,20,23,0,25,27,18,25,22,14,22,21,27,17,22,17,24,22,25,23,23
12,22,24,25,22,23,25,11,26,9,24,10,11,17,23,10,22,21,14,10,10,21,12,23,15,26,9,10,21,6,23,11,4,18,10,6,19,7,17,16,20,11,8,23,8,11,23,13,14,16,22,23,24,10,9,14,21,14,13,25,18,23,17,21,8,26,14,7,20,24,25,24,23,7,16,22,12,22,25,20,22,25,10,21,21,8,5,16,17,23,21,12,20,10,7,16,2,20,21,15,14,20,10,25,0,25,18,19,21,15,6,19,26,15,6,14,18,19,14,22,6
18,8,4,4,7,4,5,21,4,26,4,23,28,17,5,18,8,7,25,21,27,6,25,4,17,4,26,28,26,24,9,24,24,14,21,24,13,24,15,19,25,27,22,5,24,20,8,18,16,19,8,5,6,19,28,18,8,17,18,3,12,5,16,10,25,4,16,23,12,7,6,5,6,22,16,6,19,5,6,12,8,4,28,27,7,23,23,16,18,6,26,20,9,21,23,16,25,11,7,18,18,13,21,27,25,0,24,12,9,16,24,14,3,18,23,19,14,13,17,8,25
19,21,23,23,25,25,27,14,26,22,25,16,20,17,22,10,21,20,17,13,23,20,18,25,14,26,23,22,8,16,22,16,18,18,17,16,20,16,18,16,7,23,14,25,17,19,22,17,16,16,21,22,26,11,21,15,25,12,16,25,17,22,17,20,17,25,19,19,20,23,27,26,22,15,19,21,12,21,27,19,21,24,23,7,24,16,15,17,17,22,6,12,22,16,16,17,18,23,20,14,13,19,17,18,19,24,0,23,20,13,16,18,25,14,16,13,22,20,20,21,17
10,13,12,13,9,10,11,19,12,18,10,21,21,11,13,16,13,11,23,19,19,12,24,9,13,12,18,20,25,20,13,22,17,9,13,21,7,20,8,12,24,20,20,10,21,12,9,9,9,12,10,13,10,17,20,11,8,14,10,11,11,12,10,12,21,13,8,16,7,12,11,10,11,18,8,12,15,12,11,8,12,13,20,26,8,16,18,9,11,13,25,15,6,15,16,10,18,3,11,13,13,10,14,25,18,11,23,0,12,14,19,8,13,12,17,12,5,7,9,12,19
17,6,7,7,9,9,10,15,9,24,9,17,22,11,6,12,6,4,19,15,25,5,20,9,11,9,25,24,21,18,6,18,20,8,17,18,6,18,10,13,20,25,16,10,18,17,6,14,12,14,6,6,10,13,23,14,9,11,14,9,5,5,10,4,19,8,15,21,5,7,11,10,5,16,15,5,13,5,11,5,5,7,25,21,9,18,17,10,11,7,21,15,8,17,18,10,19,10,4,12,12,6,17,21,21,8,18,10,0,10,18,8,8,12,18,13,13,8,16,5,19
13,12,14,15,16,16,18,10,17,19,16,12,17,7,13,6,13,11,14,10,19,12,14,16,2,17,19,18,16,13,13,13,14,9,12,13,10,13,9,8,14,19,11,17,13,13,13,9,8,7,12,13,17,8,17,8,16,4,9,16,8,13,8,11,14,16,12,16,9,14,18,17,13,11,11,12,8,12,18,9,12,15,20,16,16,12,11,7,8,13,15,8,12,11,12,8,14,14,11,6,5,8,12,14,15,16,13,13,11,0,12,9,16,5,12,6,13,10,13,12,13
11,19,21,21,23,22,24,7,23,12,23,7,12,14,19,7,19,17,10,6,13,18,9,22,11,23,12,14,18,7,19,7,6,16,7,4,16,9,14,13,16,14,5,23,9,10,19,12,11,12,19,20,23,6,13,10,22,10,11,23,15,19,14,17,9,22,13,11,17,21,24,23,19,3,14,19,8,19,24,17,19,21,13,18,22,5,6,13,15,20,17,10,18,6,6,13,5,18,18,12,11,16,7,21,5,22,15,18,17,11,0,16,22,12,3,11,17,16,12,19,3
12,11,11,12,11,11,12,15,12,21,11,17,21,6,11,11,11,9,19,14,22,10,19,10,8,12,21,23,20,17,11,17,15,2,11,17,2,17,4,7,19,23,15,11,18,12,8,8,7,8,8,11,11,13,22,8,10,9,8,12,6,11,4,9,18,13,11,19,3,12,12,11,10,15,9,10,11,10,12,4,10,13,22,21,10,13,16,4,6,12,20,10,5,12,13,5,18,6,9,8,8,6,11,20,18,12,18,6,8,9,15,0,13,7,13,8,8,3,12,10,16
17,9,3,4,6,3,5,21,2,25,3,23,28,16,5,18,9,7,25,21,26,6,25,4,17,2,25,27,26,24,9,24,24,13,20,24,12,24,14,18,25,27,22,4,24,19,6,17,15,18,7,5,5,19,27,17,7,17,17,2,13,5,15,10,25,4,15,23,11,7,5,5,6,22,15,6,19,5,5,12,8,4,27,27,7,22,23,15,17,6,26,20,8,20,22,15,24,10,7,18,18,13,20,27,25,1,24,11,10,16,24,13,0,17,23,18,14,12,16,8,25
11,14,16,17,16,16,17,11,18,17,16,13,18,5,15,7,14,13,15,11,18,13,15,15,4,18,17,18,17,14,15,14,11,7,10,13,8,14,7,5,15,19,12,16,14,11,14,7,6,5,14,15,16,8,18,6,16,4,7,17,10,15,6,13,15,18,10,16,8,16,17,16,15,11,9,14,7,14,17,9,14,17,18,17,16,10,12,5,6,15,16,6,11,8,9,6,14,12,13,4,4,10,10,16,14,17,14,11,13,4,11,7,18,0,9,4,11,8,11,14,12
9,19,21,22,21,20,22,6,22,13,21,7,13,13,20,7,19,18,10,6,14,19,9,20,12,22,13,14,18,8,20,8,5,13,4,5,14,9,11,11,17,15,5,20,9,8,18,10,9,10,19,20,21,7,13,8,20,10,9,22,15,20,12,18,9,23,11,11,15,21,22,21,20,3,12,19,7,19,22,16,19,22,14,18,20,3,8,11,13,20,18,8,15,4,4,11,6,16,18,10,10,17,5,22,6,22,15,16,18,12,2,14,23,10,0,9,15,14,10,19,3
9,15,16,17,16,16,17,11,18,17,16,13,18,6,15,7,15,13,15,10,17,14,15,15,6,18,17,18,16,14,15,14,11,7,8,13,8,14,6,4,15,19,12,16,14,9,14,5,5,4,15,16,16,8,17,5,16,4,5,17,11,15,5,13,15,18,9,15,9,16,17,16,15,10,8,14,7,15,17,10,14,17,18,16,16,9,13,5,6,16,16,5,11,8,9,5,13,12,13,3,4,11,8,16,14,17,13,11,13,6,10,8,18,3,9,0,10,8,9,14,11
9,14,14,14,12,11,13,16,13,17,12,18,20,8,15,13,14,13,20,16,18,13,21,11,11,13,18,19,23,19,15,19,15,6,9,18,7,19,6,9,21,19,17,11,20,10,10,6,6,9,11,15,12,14,19,8,11,11,7,13,11,13,7,13,20,14,6,15,7,14,13,12,13,15,6,14,12,13,13,9,14,14,19,23,11,13,17,7,8,15,22,12,7,12,12,7,17,7,13,10,11,10,11,22,17,13,20,6,12,11,16,7,14,9,14,9,0,6,8,14,15
13,12,12,13,10,10,12,16,12,22,11,18,22,7,12,12,12,10,20,15,23,11,20,10,9,12,22,24,21,18,12,18,16,3,12,18,3,18,5,8,20,24,16,11,19,13,8,9,8,9,9,12,11,14,23,9,10,10,9,11,7,11,5,10,19,13,12,19,3,13,12,11,11,16,10,11,12,11,12,5,11,13,23,22,10,14,17,5,7,13,21,11,5,13,14,6,19,6,10,9,9,7,12,21,19,12,19,6,9,10,16,3,13,8,14,9,8,0,13,11,17
3,19,18,19,15,16,18,13,18,15,17,15,18,10,19,10,19,17,17,13,16,18,17,15,11,18,15,17,20,15,19,16,10,10,5,14,10,16,8,8,19,17,14,16,16,4,14,4,5,8,15,19,16,11,16,5,14,10,3,18,15,18,9,17,17,19,4,13,11,19,17,16,17,11,6,18,9,18,17,12,18,19,16,20,14,9,14,8,10,20,20,9,11,8,8,7,12,12,17,9,10,14,7,23,13,17,18,12,16,11,11,10,19,10,10,7,9,10,0,18,11
18,1,6,7,11,9,10,17,9,26,9,19,24,14,5,13,2,3,21,17,26,3,21,9,13,9,26,25,22,20,1,20,22,12,20,20,10,19,14,17,21,26,18,10,20,20,7,18,16,16,7,5,11,15,24,17,10,12,18,8,9,5,14,6,20,8,16,23,9,7,10,10,5,18,16,4,15,4,11,9,3,7,27,22,10,20,18,14,15,5,22,16,9,19,20,15,21,11,2,14,13,9,21,23,22,8,20,12,6,12,19,12,8,14,19,15,15,12,17,0,20
10,20,22,22,22,22,23,7,24,12,22,8,13,14,21,8,20,19,11,7,13,19,10,21,13,24,12,13,19,8,21,8,4,15,6,5,16,9,13,12,17,14,6,22,10,9,20,11,11,12,20,21,22,7,12,10,22,11,10,23,16,21,13,19,10,23,12,10,16,22,23,22,21,4,14,20,8,20,23,17,20,23,13,19,22,4,7,13,14,21,18,9,17,6,5,12,5,18,19,12,11,17,7,22,5,23,16,17,18,12,2,15,23,12,2,10,16,15,12,20,0
