Name: bar-n30-m4-c3-OD-medium
Type: GPDPOD-IMC
Commodity type: 4
Compartment num: 3
CapacityHD: 100
VehicleHDs: 6
CapacityOD: 50
VehicleODs: 15
ID Xc Yc DEMAND StartT EndT SerT PairedID
0,41.3722496,2.1636008,[0, 0, 0, 0],0,240,0,0
1,41.3857246,2.0845426,[7, 2, 1, 10],36,156,10,16
2,41.3783978,2.1277763,[14, 6, 2, 7],42,162,10,17
3,41.4401388,2.2264488,[14, 6, 2, 18],114,234,10,18
4,41.4364658,2.235424,[14, 6, 2, 31],33,153,10,19
5,41.4305053,2.2299845,[14, 6, 2, 34],123,240,10,20
6,41.3719594,2.1121604,[7, 2, 1, 9],43,163,10,21
7,41.4426591,2.1749909,[3, 1, 0, 5],6,126,10,22
8,41.3944368,2.108011,[3, 1, 0, 8],80,200,10,23
9,41.4351401,2.2133467,[14, 6, 2, 23],94,214,10,24
10,41.4068073,2.162526,[7, 2, 1, 8],0,240,10,25
11,41.4337282,2.2172295,[14, 6, 2, 16],44,164,10,26
12,41.4039251,2.1655089,[14, 6, 2, 34],0,88,10,27
13,41.455319,2.2086932,[14, 6, 2, 23],0,240,10,28
14,41.4322631,2.2139613,[3, 1, 0, 6],48,168,10,29
15,41.4397456,2.225673,[7, 2, 1, 12],0,96,10,30
16,41.454215,2.2130729,[-7, -2, -1, -10],68,188,10,1
17,41.441527,2.2275919,[-14, -6, -2, -7],73,193,10,2
18,41.4176378,2.1351566,[-14, -6, -2, -18],139,227,10,3
19,41.4314187,2.167488,[-14, -6, -2, -31],56,176,10,4
20,41.4392121,2.1883898,[-14, -6, -2, -34],143,221,10,5
21,41.4087687,2.1412546,[-7, -2, -1, -9],65,185,10,6
22,41.4517244,2.2208757,[-3, -1, 0, -5],23,143,10,7
23,41.4603961,2.2397338,[-3, -1, 0, -8],107,221,10,8
24,41.4501494,2.219724,[-14, -6, -2, -23],110,222,10,9
25,41.413884,2.1832137,[-7, -2, -1, -8],0,240,10,10
26,41.4382381,2.22407,[-14, -6, -2, -16],57,177,10,11
27,41.4119071,2.1781489,[-14, -6, -2, -34],14,134,10,12
28,41.4173957,2.2100637,[-14, -6, -2, -23],0,240,10,13
29,41.4301121,2.1404225,[-3, -1, 0, -6],70,190,10,14
30,41.4676564,2.0622343,[-7, -2, -1, -12],42,162,10,15
StartID EndID StartX StartY EndX EndY StartT EndT
31,46,41.4417277,2.237108,41.4459049,2.1886791,0,423
32,47,41.4486609,2.2045368,41.4229208,2.0880057,117,477
33,48,41.3609936,2.0825021,41.4496721,2.2373738,4,496
34,49,41.4659771,2.051335,41.3844065,2.1627032,64,508
35,50,41.3630995,2.0686934,41.376774,2.1326213,127,466
36,51,41.4578645,2.0511169,41.3993734,2.1576859,0,453
37,52,41.426011,2.2262646,41.3789237,2.152275,0,438
38,53,41.3656084,2.0582814,41.3752067,2.0871221,0,720
39,54,41.4096189,2.1393877,41.409968,2.2022377,15,444
40,55,41.4503532,2.2250068,41.4623983,2.0504567,95,461
41,56,41.4520389,2.2273956,41.4168684,2.179132,93,498
42,57,41.357915,2.0903896,41.4207853,2.1543114,33,471
43,58,41.4637349,2.2388505,41.4088045,2.1393822,126,468
44,59,41.440759,2.2378881,41.4533651,2.2357165,0,408
45,60,41.3830452,2.0762528,41.4008741,2.1610253,56,512
edge
0,18,8,16,16,14,12,18,12,16,10,15,10,17,15,16,18,17,13,16,17,14,18,18,17,12,16,11,13,16,20,17,17,16,21,19,22,13,17,12,18,18,14,18,16,17,18,20,16,6,8,10,5,14,12,23,13,14,12,17,10
16,0,10,26,26,25,9,17,9,22,16,22,16,20,22,25,22,26,12,19,19,14,22,23,22,19,25,18,23,14,18,27,21,9,20,10,21,24,11,14,23,24,10,23,26,5,20,18,26,14,11,16,14,5,22,21,18,15,14,25,16
7,12,0,20,20,19,5,16,8,18,10,17,10,19,17,20,21,21,11,17,18,12,21,22,21,13,19,12,16,12,17,21,20,11,18,12,19,19,15,9,22,22,9,22,20,10,18,16,20,7,2,10,6,8,15,19,13,13,9,21,10
16,25,20,0,4,4,23,11,20,4,13,3,13,8,4,2,7,3,15,13,10,18,6,7,6,11,2,12,6,13,25,5,8,23,26,26,27,5,26,17,5,5,23,7,5,23,10,25,5,15,20,16,16,21,9,26,11,16,17,5,14
16,25,20,4,0,3,23,12,20,6,14,5,14,9,6,4,8,4,15,13,11,18,6,7,6,12,4,12,7,14,25,3,9,23,26,26,27,4,27,18,6,6,23,7,3,24,11,25,5,16,20,17,17,22,9,26,12,17,18,6,15
15,24,19,5,4,0,22,11,19,5,13,4,13,9,5,4,8,5,14,12,10,17,7,8,7,11,4,12,6,13,24,5,8,22,25,26,26,3,26,17,6,7,22,8,4,23,10,24,6,15,19,16,16,21,8,25,11,16,17,7,14
11,10,5,24,23,23,0,16,7,21,14,21,14,19,21,23,20,24,11,17,18,12,20,22,20,16,23,15,19,12,17,24,19,9,18,10,19,22,13,13,22,22,6,21,24,8,18,17,23,11,7,13,10,6,18,20,16,13,13,24,14
17,17,14,11,11,11,16,0,12,8,9,8,9,6,8,11,7,11,7,4,4,10,7,9,7,9,10,8,9,6,18,12,6,15,19,19,20,10,20,10,9,9,16,8,12,16,5,17,11,13,16,13,14,14,11,20,7,9,10,11,10
12,10,6,20,20,19,8,12,0,17,11,17,11,15,17,19,16,20,7,13,14,8,16,17,16,14,19,13,18,8,13,21,15,8,14,11,15,19,13,8,17,18,9,17,21,9,14,13,20,10,7,11,9,7,17,16,13,9,8,20,11
15,23,19,6,7,6,22,10,18,0,12,3,12,7,2,6,7,7,14,11,9,16,6,10,6,10,5,10,6,12,24,8,6,22,25,25,25,5,26,16,8,8,22,10,8,22,9,24,8,14,19,15,15,20,9,25,10,15,16,9,13
10,17,10,14,13,13,13,9,11,12,0,11,3,12,11,14,13,15,7,8,9,8,13,15,13,5,13,4,10,8,17,15,11,15,18,18,19,13,20,6,14,15,16,14,14,16,10,17,14,6,11,6,7,14,9,20,4,6,6,15,3
14,22,17,4,5,4,20,9,17,2,11,0,11,7,1,3,6,4,12,10,8,15,6,8,5,8,3,9,5,11,23,6,5,21,24,24,24,3,24,15,6,6,21,8,6,21,8,22,6,13,17,14,14,19,7,24,9,14,15,6,11
9,17,9,14,13,13,12,10,11,12,2,10,0,13,10,13,14,14,7,9,10,8,14,15,14,5,12,4,9,9,18,14,12,15,19,19,20,12,20,7,15,16,16,15,14,16,11,17,13,5,10,5,7,14,8,20,5,7,6,15,2
19,22,19,8,9,10,21,9,17,7,15,9,14,0,8,8,3,8,12,10,7,15,4,7,4,13,8,13,10,11,23,9,4,20,24,24,24,11,25,15,5,6,21,7,9,21,7,22,9,18,21,18,19,19,12,24,12,14,15,8,15
14,23,18,5,6,5,21,9,18,3,11,2,11,7,0,5,7,6,13,10,8,15,7,9,6,9,4,9,5,11,23,7,6,21,24,24,25,4,25,15,7,8,21,9,7,21,8,23,7,13,17,14,14,19,7,24,9,14,15,8,12
16,25,20,1,4,5,23,11,20,5,14,3,13,9,4,0,7,4,15,13,10,18,6,7,6,11,3,12,7,13,25,5,8,23,26,26,27,5,27,17,5,6,23,7,5,24,11,25,5,15,20,16,17,22,9,26,11,16,17,6,14
18,21,19,7,8,10,20,8,16,6,14,8,14,2,7,7,0,7,11,10,7,14,3,6,3,12,7,12,10,10,22,9,4,19,23,23,23,10,24,15,5,5,20,6,9,20,7,21,8,18,20,17,19,18,12,23,12,13,14,8,15
17,26,21,2,4,5,24,12,21,5,14,4,14,7,5,3,6,0,16,13,10,19,4,6,4,12,3,13,7,14,26,5,7,24,27,27,28,6,27,18,4,4,24,6,4,24,10,26,4,16,21,17,17,22,10,27,12,17,18,5,15
13,12,9,17,17,17,11,9,7,14,8,14,9,12,14,17,14,17,0,10,11,5,14,15,14,11,16,10,15,5,13,19,13,11,14,14,15,16,15,5,15,16,11,15,18,11,11,13,18,9,11,9,10,9,14,16,9,6,5,17,9
16,19,14,14,14,13,17,5,14,11,8,10,8,9,10,13,11,14,9,0,6,11,10,12,10,7,12,6,9,8,19,15,9,17,21,20,22,12,22,11,11,12,18,12,14,18,8,19,14,12,16,11,13,16,10,22,6,7,10,14,8
19,20,18,11,12,11,19,5,15,8,11,8,11,7,8,11,8,12,10,6,0,13,8,10,8,9,10,9,9,9,21,13,6,19,22,22,23,10,23,14,9,10,19,9,13,19,5,20,12,15,19,14,16,17,11,23,9,11,13,12,12
13,16,10,19,19,18,13,12,10,17,8,16,9,15,16,19,16,20,6,11,14,0,16,17,16,11,18,10,15,8,16,20,15,14,18,18,19,18,19,6,17,18,15,17,19,15,14,16,19,9,11,9,10,13,14,19,9,7,6,20,9
18,23,21,5,6,7,22,10,18,6,16,6,15,5,7,5,4,5,14,11,8,16,0,7,1,14,5,14,9,12,24,7,5,22,25,25,26,8,26,17,2,3,22,7,6,22,8,24,6,18,22,19,20,20,12,25,13,15,17,5,16
19,24,21,7,8,9,23,11,19,9,17,8,17,7,9,7,8,8,14,13,10,17,7,0,7,15,8,16,10,13,25,7,8,22,26,26,26,10,27,17,6,5,23,2,8,23,10,24,4,19,23,20,20,21,12,26,15,16,17,4,18
18,23,20,7,8,9,21,9,18,5,15,7,15,5,7,7,4,6,13,11,8,16,3,8,0,13,6,13,9,11,23,8,5,21,24,24,25,9,26,16,4,5,22,8,8,22,7,23,8,18,21,18,19,20,11,24,13,15,16,7,15
13,20,13,11,11,10,16,8,14,9,5,8,5,11,8,11,12,12,9,7,8,10,12,13,12,0,10,2,7,10,20,12,10,18,21,21,22,10,22,9,13,13,18,13,11,18,9,20,11,9,13,8,10,16,6,23,3,8,9,13,6
15,24,20,2,4,4,23,11,19,4,13,3,13,8,4,1,7,3,15,12,10,17,5,6,6,10,0,11,6,13,25,5,8,23,26,26,27,5,26,17,5,5,23,7,4,23,10,25,4,15,19,16,16,21,8,26,11,16,17,5,14
11,18,11,11,11,10,14,7,12,9,4,8,4,10,8,11,11,12,8,6,7,9,11,13,11,3,10,0,7,9,19,12,9,16,20,20,21,10,21,8,12,13,17,13,11,17,9,18,11,7,12,7,9,15,6,21,2,7,7,13,4
13,24,17,7,7,5,20,11,18,6,10,5,10,9,5,7,9,8,14,10,9,15,9,9,9,8,7,8,0,13,24,8,8,22,25,25,26,4,23,14,9,9,20,9,7,23,10,24,7,12,16,13,13,21,4,25,8,13,14,8,11
16,15,12,17,17,17,14,9,10,14,11,14,11,12,14,17,14,17,5,9,10,8,14,15,14,12,16,11,15,0,16,18,13,13,17,17,18,16,18,8,15,15,14,15,18,14,11,15,18,12,14,12,14,12,15,18,11,8,8,17,11
20,18,15,26,26,26,17,18,13,23,17,23,18,21,23,26,23,26,13,19,20,15,23,24,23,21,25,19,24,14,0,28,22,16,2,20,5,25,21,15,24,25,17,24,27,17,20,11,27,16,17,18,17,15,24,4,19,15,15,26,18
16,25,21,4,4,5,24,12,20,6,15,5,14,8,6,4,7,4,16,14,11,18,5,6,5,12,4,13,7,14,26,0,8,24,27,27,28,6,27,19,5,5,24,6,4,24,11,26,4,16,21,17,17,22,10,27,13,17,18,4,15
16,21,18,7,8,9,19,7,16,5,12,6,12,4,6,8,4,7,11,8,5,14,4,7,4,10,7,10,7,9,21,9,0,19,22,22,23,8,23,14,5,5,19,7,9,19,4,21,8,16,19,15,17,17,10,23,10,12,14,8,12
15,10,10,25,25,23,8,16,8,22,16,22,16,20,22,24,21,25,11,18,18,13,21,22,21,18,24,17,22,13,18,26,20,0,19,5,20,22,7,13,22,23,4,22,25,7,19,17,25,14,11,15,13,5,21,20,18,14,13,25,16
22,19,17,27,27,26,18,19,14,24,19,24,19,22,24,26,24,27,14,21,21,16,24,25,23,22,26,21,25,16,2,28,23,18,0,21,4,26,21,16,25,25,18,24,27,18,22,13,27,18,18,19,19,16,25,2,21,17,16,27,19
18,11,12,28,27,25,11,20,11,25,19,25,19,23,25,27,24,28,15,21,22,16,24,25,24,21,27,20,25,16,21,28,23,5,22,0,23,25,4,17,26,26,6,25,28,8,22,21,27,17,13,18,16,6,24,23,21,17,17,28,19
23,21,18,29,29,29,19,21,16,26,20,26,20,24,26,29,25,29,16,22,23,17,25,26,25,23,28,22,27,17,6,30,24,19,5,22,0,28,24,18,27,27,20,26,30,20,23,14,29,19,19,21,20,18,26,3,22,18,17,29,20
14,24,19,6,5,2,22,10,18,4,13,3,13,8,4,5,8,6,14,12,9,16,8,9,8,10,5,11,5,12,24,6,8,22,25,25,26,0,25,17,8,8,22,9,5,22,9,24,7,15,19,15,16,20,7,25,10,16,16,8,13
17,10,14,27,26,24,13,20,12,26,19,25,19,24,25,26,25,27,15,22,22,17,25,26,25,22,26,21,24,17,20,27,24,9,20,5,20,23,0,17,26,27,8,26,26,8,23,21,26,18,15,19,17,10,22,20,22,18,17,28,19
12,14,8,17,17,17,11,9,7,14,6,14,8,12,14,17,14,18,3,9,11,3,14,15,14,9,16,8,14,6,14,18,13,12,15,15,16,16,16,0,15,16,12,15,18,12,11,14,18,8,10,8,9,10,13,17,8,4,4,17,8
17,24,21,4,5,6,22,10,19,7,15,5,15,5,6,4,4,4,14,11,8,17,2,6,3,13,4,14,8,12,24,6,5,22,25,25,26,7,27,17,0,2,23,6,5,23,8,24,5,17,22,18,19,21,11,25,13,16,17,5,16
18,24,21,5,6,7,23,10,19,7,16,6,16,5,7,5,4,5,14,12,8,17,3,6,3,14,5,14,9,13,24,6,6,22,25,25,26,8,27,17,2,0,23,5,6,23,8,24,5,18,22,19,19,21,11,26,13,16,17,4,16
14,10,8,24,24,22,7,15,7,21,15,20,15,18,20,23,20,24,10,17,17,12,20,21,20,17,23,16,21,12,17,25,19,4,18,6,19,21,7,12,21,22,0,21,24,8,18,16,24,13,10,14,12,6,20,19,16,13,12,23,15
20,24,21,9,9,11,23,11,19,11,17,9,17,6,10,8,8,9,14,12,10,17,7,2,7,15,9,15,11,13,24,8,8,22,25,25,26,11,27,17,7,7,23,0,10,23,10,24,5,20,22,20,21,21,13,25,15,16,17,5,18
17,26,21,5,3,5,24,13,21,7,15,5,15,8,6,4,7,4,16,14,11,19,6,6,6,13,5,14,8,15,26,1,9,24,27,28,28,6,28,19,5,5,24,7,0,25,11,26,5,17,21,18,18,23,10,28,13,18,19,5,16
16,4,10,26,26,26,8,18,10,23,17,23,17,21,23,26,23,26,13,19,20,15,23,24,23,19,25,18,23,14,19,27,22,9,20,9,22,25,10,15,24,24,9,24,27,0,20,19,27,15,11,17,14,5,22,21,19,15,15,26,17
17,19,16,9,10,9,18,4,14,7,10,7,10,5,7,9,6,9,9,6,3,12,6,7,6,8,9,8,8,8,20,11,4,17,21,21,22,9,22,12,7,7,18,7,11,18,0,19,10,14,18,13,15,16,10,21,8,10,12,10,10
20,18,15,26,26,25,16,18,13,23,17,23,17,21,23,25,22,26,13,19,19,14,22,23,22,20,25,19,24,14,11,27,21,16,13,19,14,25,20,14,23,24,16,23,26,16,20,0,26,16,16,17,17,14,23,14,19,15,14,26,17
17,26,21,5,6,7,24,12,21,7,15,6,15,9,6,4,8,5,16,14,11,19,6,4,7,12,5,13,7,14,26,5,9,24,27,27,28,8,27,19,6,5,24,5,6,24,11,26,0,16,21,17,18,22,10,27,13,18,19,2,15
5,16,7,15,15,14,10,14,10,14,6,12,6,16,12,15,17,16,9,12,13,10,17,17,17,8,15,7,11,12,18,16,15,15,19,17,20,13,19,8,17,17,13,17,15,15,15,18,15,0,7,6,3,13,10,21,9,10,8,16,6
6,13,3,19,19,18,6,16,7,18,10,16,10,19,16,19,20,20,10,16,17,11,20,21,20,12,18,11,15,12,16,20,19,12,18,13,19,18,16,9,21,21,9,21,19,11,18,16,19,7,0,9,5,9,14,19,12,12,9,21,10
10,16,9,16,15,15,12,11,10,14,3,12,4,14,12,15,16,16,6,10,11,7,15,17,15,7,15,6,11,8,16,16,13,15,18,18,19,14,19,5,16,17,15,17,16,15,13,16,15,6,10,0,7,13,10,19,7,7,5,17,4
4,14,6,17,16,16,9,14,8,15,7,13,7,17,13,16,18,17,10,13,14,11,18,18,18,9,16,8,12,12,16,17,16,13,18,16,19,15,17,9,18,18,11,18,16,13,15,16,16,4,5,7,0,11,11,19,9,11,8,18,7
12,7,7,24,24,23,5,15,7,20,14,20,14,18,20,23,20,24,10,17,17,12,20,21,20,17,23,16,21,12,17,25,19,5,18,6,19,22,9,12,21,22,6,21,24,4,18,16,24,12,8,14,11,0,20,19,16,13,12,23,14
12,23,15,9,9,8,18,10,17,8,9,7,9,10,7,9,11,10,13,9,9,14,11,11,11,6,9,7,4,13,23,10,10,21,25,24,26,8,23,13,11,11,20,11,9,22,11,23,9,10,15,12,12,20,0,26,6,12,12,10,9
23,21,18,27,27,26,20,21,16,24,20,24,20,22,24,26,24,27,16,22,23,18,24,25,24,23,26,22,25,17,4,28,23,19,2,23,3,26,21,18,25,25,20,25,27,20,22,14,27,19,19,21,20,18,27,0,22,18,18,27,20
12,19,12,11,11,11,15,7,13,9,4,8,4,10,8,11,11,12,8,6,7,9,11,13,11,3,10,2,7,9,19,12,9,17,20,20,21,10,21,8,12,13,17,12,12,17,8,19,11,8,12,7,9,15,6,22,0,7,8,13,5
13,15,11,17,16,16,14,9,10,14,6,13,7,12,13,16,14,17,5,7,10,6,14,15,14,8,16,7,12,6,16,17,12,14,17,17,18,15,18,7,15,16,14,15,17,14,11,16,17,9,12,9,11,12,12,19,7,0,7,17,7
12,14,9,18,18,17,12,9,7,15,7,15,8,13,14,17,14,18,4,9,11,3,14,15,14,10,17,8,14,6,14,19,13,12,16,15,17,16,17,1,15,16,13,15,18,13,12,14,18,8,10,8,9,11,13,17,8,4,0,18,8
18,25,22,6,7,8,24,12,20,8,16,7,16,8,8,6,7,6,15,14,11,18,5,4,5,14,6,14,9,14,26,6,8,23,27,27,27,9,28,19,4,4,24,4,7,24,11,25,2,18,22,19,19,22,11,27,14,17,18,0,17
9,16,9,15,15,14,12,11,11,13,4,12,3,14,12,15,15,16,8,10,11,9,15,17,15,6,14,5,11,10,18,16,13,15,19,18,20,14,19,7,16,17,16,17,15,15,13,18,15,5,9,4,6,14,10,21,6,9,7,16,0
