Name: bar-n45-m4-c2-OD-medium
Type: GPDPOD-IMC
Commodity type: 4
Compartment num: 2
CapacityHD: 100
VehicleHDs: 12
CapacityOD: 50
VehicleODs: 23
ID Xc Yc DEMAND StartT EndT SerT PairedID
0,41.3722496,2.1636008,[0, 0, 0, 0],0,240,0,0
1,41.4448559,2.1718679,[3, 1, 6, 3],72,192,10,23
2,41.4520396,2.2128935,[14, 6, 2, 35],0,117,10,24
3,41.3857728,2.091363,[14, 6, 2, 7],70,190,10,25
4,41.4406203,2.2241249,[14, 6, 2, 30],0,240,10,26
5,41.3812716,2.1648239,[14, 6, 2, 25],0,240,10,27
6,41.4322631,2.2139613,[3, 1, 0, 6],48,168,10,28
7,41.3941327,2.1224947,[14, 6, 2, 23],52,172,10,29
8,41.452299,2.2327227,[7, 2, 1, 9],128,240,10,30
9,41.4439526,2.0660729,[3, 1, 0, 7],0,93,10,31
10,41.362527,2.1015406,[14, 6, 2, 14],0,240,10,32
11,41.4130442,2.1544329,[14, 6, 2, 8],140,240,10,33
12,41.4503532,2.2250068,[3, 6, 1, 4],95,215,10,34
13,41.3684347,2.0991589,[7, 2, 1, 16],67,187,10,35
14,41.3944368,2.108011,[3, 1, 0, 8],80,200,10,36
15,41.4578645,2.0511169,[7, 2, 1, 17],0,85,10,37
16,41.4403956,2.2184485,[14, 6, 2, 11],110,230,10,38
17,41.4242744,2.1855493,[14, 6, 2, 18],0,115,10,39
18,41.4166572,2.1910521,[14, 6, 2, 10],112,232,10,40
19,41.3282617,2.0916566,[14, 6, 2, 22],0,94,10,41
20,41.3532624,2.095218,[3, 1, 0, 7],85,205,10,42
21,41.3375512,2.1083287,[14, 6, 2, 11],0,98,10,43
22,41.4486016,2.2381093,[7, 2, 1, 17],95,215,10,44
23,41.3887837,2.1773587,[-3, -1, -6, -3],96,216,10,1
24,41.4046304,2.2047496,[-14, -6, -2, -35],22,142,10,2
25,41.3613405,2.0847183,[-14, -6, -2, -7],91,211,10,3
26,41.4354096,2.171624,[-14, -6, -2, -30],0,240,10,4
27,41.3746145,2.1643053,[-14, -6, -2, -25],0,240,10,5
28,41.4301121,2.1404225,[-3, -1, 0, -6],70,190,10,6
29,41.4459384,2.0660805,[-14, -6, -2, -23],78,198,10,7
30,41.444196,2.2231824,[-7, -2, -1, -9],145,223,10,8
31,41.4510034,2.1897076,[-3, -1, 0, -7],29,149,10,9
32,41.4016534,2.147641,[-14, -6, -2, -14],0,240,10,10
33,41.3769211,2.1677816,[-14, -6, -2, -8],162,237,10,11
34,41.4623983,2.0504567,[-3, -6, -1, -4],130,217,10,12
35,41.4505409,2.2368208,[-7, -2, -1, -16],105,223,10,13
36,41.4603961,2.2397338,[-3, -1, 0, -8],107,221,10,14
37,41.3993734,2.1576859,[-7, -2, -1, -17],31,151,10,15
38,41.4247627,2.1907999,[-14, -6, -2, -11],128,226,10,16
39,41.4573228,2.2032651,[-14, -6, -2, -18],18,138,10,17
40,41.386186,2.1769304,[-14, -6, -2, -10],133,234,10,18
41,41.445594,2.223019,[-14, -6, -2, -22],35,155,10,19
42,41.3681459,2.1014342,[-3, -1, 0, -7],101,221,10,20
43,41.4080448,2.2096487,[-14, -6, -2, -11],34,154,10,21
44,41.4073995,2.1365981,[-7, -2, -1, -17],123,229,10,22
StartID EndID StartX StartY EndX EndY StartT EndT
45,68,41.3742058,2.1417345,41.3764913,2.085174,0,420
46,69,41.3702964,2.0978402,41.4362326,2.1868822,59,506
47,70,41.4531346,2.2269082,41.4114417,2.1724649,0,720
48,71,41.3284942,2.086668,41.4604654,2.2089974,0,459
49,72,41.3717312,2.0889754,41.3599849,2.0740359,115,475
50,73,41.4590049,2.1968273,41.3740481,2.1087776,0,465
51,74,41.3216326,2.0964703,41.3991212,2.1567492,0,720
52,75,41.4486609,2.2045368,41.4229208,2.0880057,117,477
53,76,41.3819329,2.0795768,41.3238794,2.0912046,0,438
54,77,41.3622657,2.1282718,41.3727858,2.1291242,0,405
55,78,41.4062484,2.1650543,41.4201793,2.2027689,122,476
56,79,41.3271083,2.0868381,41.4499142,2.2135352,81,504
57,80,41.4480155,2.2171536,41.3949328,2.12944,128,464
58,81,41.4582638,2.0713341,41.4065696,2.1451119,0,441
59,82,41.4457797,2.2150333,41.3678151,2.0851413,98,482
60,83,41.451625,2.2341474,41.4495961,2.2180694,110,470
61,84,41.3745388,2.1254753,41.383981,2.0602456,81,501
62,85,41.4441413,2.1803301,41.4394681,2.2171632,130,460
63,86,41.450718,2.19299,41.3805892,2.1348004,2,446
64,87,41.4537473,2.2091072,41.3721633,2.0983271,124,472
65,88,41.4605327,2.2386997,41.392414,2.1395044,11,461
66,89,41.4446179,2.2398851,41.3182357,2.0824932,33,501
67,90,41.352645,2.110783,41.3701104,2.1271576,66,480
edge
0,18,17,14,16,5,15,10,18,18,13,13,18,14,12,22,17,13,12,16,13,12,17,7,11,17,16,2,16,19,19,19,10,3,23,16,18,10,14,17,7,18,14,12,12,6,15,18,16,15,18,14,17,16,9,11,16,17,22,17,17,9,18,18,18,18,17,12,15,17,12,18,17,12,10,20,16,8,14,17,10,12,15,18,19,17,8,14,8,16,10
18,0,7,13,11,16,8,11,11,16,18,11,9,15,12,20,9,7,9,23,16,19,13,14,12,16,4,17,6,16,11,5,10,17,20,12,9,14,8,6,15,10,16,11,10,17,15,9,22,14,7,22,7,15,17,10,23,8,19,8,12,16,4,5,7,10,13,19,15,8,9,7,17,16,13,17,23,16,9,7,12,10,14,9,18,9,15,15,14,20,17
18,8,0,18,7,19,7,16,6,20,23,15,4,20,17,24,6,9,11,28,20,23,8,16,12,20,8,18,10,21,6,7,15,17,23,7,6,17,9,4,15,5,21,11,14,21,20,4,27,18,5,25,4,20,22,14,27,2,23,3,7,21,7,7,2,7,8,24,19,8,12,4,22,20,17,22,27,21,9,2,17,15,19,3,22,6,20,20,18,25,22
14,14,19,0,23,14,20,9,23,14,9,15,21,7,7,19,21,17,17,16,9,12,25,15,19,9,15,14,11,15,23,17,12,16,19,24,21,14,18,18,15,22,7,20,11,11,7,21,16,6,19,15,19,3,11,14,16,20,18,20,24,8,16,18,19,22,25,11,4,19,16,19,9,7,13,16,16,10,19,19,10,12,7,21,8,21,9,6,9,14,10
17,11,5,21,0,18,5,19,6,23,25,16,4,23,20,27,3,11,10,26,23,22,5,15,11,23,12,17,13,24,4,11,17,16,26,5,7,17,9,8,14,3,24,9,17,20,23,4,26,21,9,24,7,23,21,15,26,5,26,4,5,22,11,10,7,7,5,23,22,11,13,9,25,23,17,25,26,21,7,5,20,17,22,5,25,4,20,23,18,26,22
6,17,17,15,16,0,15,11,18,19,14,12,18,15,13,23,17,12,11,18,15,13,17,6,12,18,15,5,15,19,19,19,9,4,23,17,18,9,13,17,7,18,15,12,11,7,16,19,17,16,18,15,17,17,10,10,17,17,22,17,17,10,17,18,18,18,17,13,16,15,11,18,18,13,9,20,17,9,13,17,10,11,16,19,19,17,9,15,8,17,11
14,9,6,19,5,15,0,17,8,21,22,13,7,21,18,25,4,8,7,24,21,19,7,12,8,21,10,14,11,22,8,8,14,13,24,7,9,14,6,7,11,7,22,7,15,17,21,8,23,19,8,22,6,21,19,11,24,6,24,6,7,18,9,8,8,9,7,20,20,8,9,8,23,21,14,23,23,18,4,6,17,14,20,7,23,4,17,21,14,23,19
10,11,16,8,20,9,17,0,20,11,11,10,18,10,5,16,19,13,13,15,10,13,21,10,15,10,12,9,8,12,20,14,7,11,16,21,18,9,14,15,11,19,9,15,7,8,10,18,15,8,16,15,16,10,8,10,15,17,15,17,21,7,13,15,16,19,21,11,9,16,12,16,12,8,9,13,16,6,15,16,4,8,9,18,12,18,6,10,5,15,7
16,11,6,21,4,18,6,19,0,23,25,16,4,23,20,27,7,11,11,26,23,22,3,15,11,24,12,16,14,24,7,11,17,15,27,3,5,17,10,8,14,6,24,9,18,20,23,4,26,22,9,24,8,23,21,15,26,6,27,7,3,22,11,10,7,4,4,22,23,12,13,7,25,24,17,25,26,21,8,6,20,17,22,6,25,7,20,23,18,26,22
19,16,20,13,24,17,22,11,24,0,17,16,22,15,11,7,23,19,20,22,15,18,26,17,22,15,17,18,13,1,24,19,13,19,8,25,22,16,20,19,18,24,16,22,12,17,15,23,22,13,20,22,20,15,17,16,22,21,6,22,26,15,17,19,20,23,26,18,14,21,18,21,17,15,15,10,22,15,22,20,11,14,14,22,17,22,15,15,13,20,17
14,16,21,10,25,14,22,11,25,16,0,17,23,5,9,21,24,20,19,13,6,10,27,16,21,7,18,13,14,17,25,19,14,15,21,26,23,16,20,20,17,24,5,22,13,10,5,23,12,5,21,12,21,9,8,17,13,22,20,22,26,9,18,20,21,24,27,6,8,21,18,21,8,6,16,18,14,9,21,21,12,14,6,23,13,23,10,6,11,12,9
12,11,14,12,16,10,13,9,18,14,15,0,16,14,10,19,15,8,8,20,15,17,17,9,11,15,9,11,8,15,18,13,4,12,19,16,17,8,9,14,9,17,14,11,6,12,14,16,19,13,15,19,13,14,12,5,20,15,18,16,17,11,11,13,15,18,17,15,14,11,6,15,16,12,7,16,21,11,10,14,7,4,13,16,16,15,10,14,8,19,12
17,10,3,20,4,19,6,18,3,22,25,17,0,22,19,26,5,11,12,27,23,23,5,16,12,23,10,17,12,23,3,9,17,16,25,5,6,18,11,6,15,3,23,10,16,21,22,2,27,20,7,25,5,22,22,16,27,4,25,4,5,23,9,9,5,6,5,23,22,10,14,6,24,22,18,24,27,22,9,3,19,17,21,4,24,6,21,22,19,27,23
12,15,20,8,24,13,21,9,24,15,4,16,22,0,7,19,22,18,18,13,6,10,25,15,20,7,16,12,12,16,24,18,13,14,20,24,22,15,19,19,15,23,2,20,12,9,2,22,12,4,19,12,19,7,8,15,13,20,19,21,25,7,17,18,20,22,26,6,6,20,17,20,9,4,14,17,14,8,19,20,11,13,5,21,11,22,8,3,10,12,8
12,11,16,6,20,11,17,4,19,11,11,11,17,8,0,15,18,14,15,16,9,12,21,12,17,9,12,11,8,12,19,14,8,13,16,20,17,11,15,14,12,19,9,17,7,9,8,18,15,7,15,15,15,8,9,11,16,16,14,17,21,8,13,14,15,18,21,11,8,16,13,16,10,8,10,13,16,8,16,16,7,8,7,17,10,18,7,8,6,13,9
23,20,25,17,29,21,26,15,28,7,22,21,27,19,16,0,27,23,24,27,20,23,30,22,26,19,21,22,17,7,29,23,17,23,3,29,26,21,24,23,22,28,20,27,16,21,19,27,26,17,24,26,24,19,21,20,26,25,6,26,30,20,22,23,25,27,30,23,18,25,22,25,21,19,19,14,26,20,26,25,16,18,18,26,21,27,19,19,17,24,21
17,10,5,20,3,18,5,18,7,22,24,15,5,22,19,26,0,10,10,27,22,23,7,15,11,22,10,17,12,23,5,9,16,16,25,7,8,16,8,7,14,4,23,10,16,20,22,5,26,20,8,25,6,22,22,14,27,5,25,4,7,21,10,9,7,8,6,23,21,10,12,8,24,22,16,24,27,21,7,5,19,16,21,6,24,3,20,22,17,26,22
14,7,8,17,10,11,7,13,12,19,20,8,10,19,14,23,9,0,3,24,19,20,11,9,6,19,4,12,10,20,12,7,9,13,24,11,11,9,2,8,10,11,19,6,10,13,19,10,23,17,9,22,7,18,16,6,24,9,22,10,12,15,6,7,9,12,12,19,18,4,4,9,20,17,9,21,24,14,4,8,12,8,17,10,21,8,13,18,10,23,15
14,8,10,17,10,11,7,13,12,19,20,8,12,19,14,23,10,2,0,24,19,20,11,9,6,19,5,12,10,20,13,9,9,13,24,11,12,9,4,9,10,13,19,6,10,13,19,12,23,17,10,22,9,19,16,6,24,10,22,11,12,15,8,8,10,12,12,19,18,6,4,10,20,17,9,21,24,14,4,10,12,8,17,11,21,9,13,18,10,23,16
13,21,23,14,22,14,21,14,24,21,10,19,24,11,13,25,23,21,20,0,8,5,23,15,18,11,22,13,18,22,25,24,16,13,25,23,24,18,22,23,15,24,11,18,16,11,11,25,2,10,24,5,23,14,8,19,3,23,24,23,23,11,23,24,24,24,23,8,13,24,20,24,11,13,18,23,5,10,20,23,14,17,11,25,17,23,13,12,13,5,11
13,16,21,9,24,13,22,10,25,16,4,17,23,6,8,20,23,19,19,10,0,7,25,16,19,6,17,13,13,17,25,19,14,15,21,24,23,16,20,19,16,24,6,20,13,10,6,23,9,5,20,9,20,9,7,16,10,21,20,22,25,9,18,19,21,23,25,4,8,21,18,21,6,7,15,18,11,9,21,21,12,14,6,22,12,23,11,7,11,8,9
11,20,24,14,23,12,22,11,25,20,7,17,25,9,13,24,24,19,18,10,7,0,24,14,19,11,21,11,17,20,26,23,14,13,24,24,25,16,20,24,14,25,8,19,14,9,10,26,9,11,25,9,24,14,5,16,10,24,23,24,24,9,22,24,25,25,24,5,13,22,17,25,12,10,15,21,11,8,19,24,11,14,11,26,17,24,10,9,11,9,9
15,10,6,21,3,17,5,19,2,23,24,15,5,23,19,27,6,10,10,25,22,21,0,14,10,23,11,15,13,24,6,10,16,14,26,3,4,16,9,9,13,5,24,8,17,19,23,5,25,21,10,23,8,23,20,14,25,7,26,6,2,21,10,10,8,4,2,21,22,11,12,8,25,23,16,25,25,20,7,6,19,16,22,7,25,6,19,22,17,25,21
8,14,14,14,13,5,12,10,15,18,15,8,15,16,12,22,14,8,7,18,16,14,14,0,7,17,11,6,12,18,16,15,6,7,22,13,15,7,9,14,3,15,16,8,9,8,16,15,17,15,15,17,14,16,11,6,18,14,21,14,14,11,13,14,15,15,14,13,16,12,7,15,19,13,6,19,18,10,9,14,10,9,16,16,19,14,9,15,7,18,11
10,12,12,19,10,11,9,15,12,22,19,11,12,20,17,26,11,7,6,20,17,16,11,8,0,20,10,10,14,23,13,13,12,9,27,11,12,12,7,11,8,13,20,3,13,14,20,13,20,20,12,18,11,21,15,10,20,12,26,12,12,16,12,12,12,12,12,16,21,10,9,13,21,19,12,24,20,16,6,11,15,12,20,13,24,11,15,21,12,19,17
16,16,21,9,25,16,22,10,25,16,7,17,23,6,8,20,23,19,19,13,6,9,26,17,21,0,17,15,13,17,25,19,14,17,21,25,23,16,20,20,17,24,8,22,13,12,6,23,12,5,20,12,20,9,11,17,13,21,20,22,26,10,18,19,21,23,27,9,8,21,18,21,6,9,15,18,12,11,21,21,12,14,5,22,11,23,11,7,11,10,12
16,4,7,14,12,13,9,12,11,17,19,8,9,16,13,21,11,5,7,24,17,20,13,12,9,17,0,14,7,17,11,7,9,16,21,13,10,11,5,7,12,11,17,10,11,15,16,10,23,15,8,23,6,16,17,8,24,8,20,9,13,16,4,6,8,11,13,20,16,6,6,8,18,17,11,18,24,16,8,7,12,9,15,9,19,10,15,16,12,21,17
2,18,17,14,16,6,15,10,18,18,13,13,18,14,12,22,17,13,12,17,14,12,17,7,12,17,16,0,16,19,19,19,10,3,23,17,18,10,14,17,7,19,14,13,12,6,15,19,16,15,18,15,17,16,9,11,17,17,22,18,18,9,18,18,18,18,18,12,15,17,12,18,17,12,10,20,17,8,14,17,10,12,15,19,19,17,8,14,8,16,10
16,8,13,11,17,14,14,10,17,14,16,11,15,13,10,18,15,10,12,21,14,17,18,13,15,14,9,15,0,14,17,11,9,16,18,17,15,12,11,12,14,16,14,15,8,15,13,15,20,12,13,20,13,13,15,11,21,13,17,14,18,14,10,11,13,16,19,17,13,12,11,13,15,14,11,15,21,14,13,13,11,8,12,14,16,15,13,13,12,19,15
19,17,21,14,25,17,22,12,25,2,18,17,23,16,12,7,24,20,21,23,16,19,27,18,23,16,18,18,14,0,25,20,14,20,9,26,23,17,20,20,19,25,17,23,13,18,16,23,23,14,21,22,21,16,17,17,23,22,7,23,27,16,18,20,21,24,27,19,15,22,18,21,17,16,16,11,23,16,22,21,12,14,14,23,18,23,16,15,14,21,17
17,11,6,21,3,18,5,20,6,24,26,17,4,24,20,27,4,11,11,27,24,22,5,15,11,24,12,17,14,25,0,11,17,16,27,5,7,18,10,8,14,3,25,10,18,20,24,4,26,22,9,25,7,23,22,15,27,6,27,5,5,22,11,11,7,7,5,23,23,11,13,9,25,24,17,25,27,21,8,6,20,17,22,6,26,4,20,23,18,26,23
17,4,6,15,10,17,7,13,10,18,20,12,8,17,14,22,9,7,9,25,18,21,12,15,12,18,6,17,8,18,10,0,12,16,22,11,8,15,8,5,15,10,18,10,12,19,17,9,24,16,6,24,6,17,19,12,25,7,21,8,12,18,4,5,6,9,12,21,17,7,10,6,19,18,15,19,25,18,8,6,14,12,16,8,20,8,17,17,15,22,19
9,10,15,11,16,7,13,6,18,12,13,6,16,12,7,17,16,8,9,17,13,15,17,6,11,13,11,8,7,13,18,13,0,9,17,16,16,5,10,13,7,18,12,11,4,9,13,17,17,11,14,16,14,13,10,5,17,15,16,16,17,9,11,13,14,17,17,12,12,12,7,15,15,10,4,14,18,9,11,14,5,3,12,16,15,15,8,12,4,17,10
3,16,18,13,17,3,14,9,18,17,13,10,19,14,11,21,17,11,10,16,14,13,17,5,12,16,14,2,13,18,19,17,7,0,22,17,18,8,12,17,6,19,13,12,10,6,14,19,15,14,18,15,17,15,8,9,16,18,20,18,18,8,16,17,19,19,18,11,14,14,10,19,17,11,8,19,17,8,11,17,9,10,14,19,18,16,8,13,6,16,9
23,20,23,17,26,21,24,15,27,8,22,21,25,19,16,3,25,23,24,27,20,23,28,22,27,20,21,22,17,8,27,22,18,23,0,27,25,21,24,22,22,26,20,27,16,21,19,25,26,18,23,26,23,19,21,21,27,23,6,24,28,20,22,22,23,26,28,23,19,25,22,23,21,20,19,14,27,20,25,23,16,18,18,24,22,25,19,19,18,24,21
17,12,7,22,5,18,7,20,3,24,25,17,5,24,21,28,7,12,11,27,24,22,3,15,11,25,13,17,14,25,7,12,17,16,27,0,5,18,10,9,14,6,25,9,19,20,24,5,26,22,10,24,9,24,21,15,26,7,27,8,2,22,12,11,8,4,4,23,24,13,14,8,26,24,17,26,26,21,8,7,21,18,23,7,26,8,20,24,18,26,22
19,10,8,20,7,20,9,18,4,23,25,18,6,22,19,26,10,13,14,29,23,24,5,17,13,23,11,19,13,23,9,10,18,18,26,4,0,20,13,7,16,8,23,12,17,23,22,6,28,21,8,27,8,22,24,17,29,8,26,9,5,23,10,10,7,1,6,25,22,12,16,6,24,23,20,24,29,23,10,8,19,17,21,8,25,10,22,22,20,28,24
10,11,15,13,15,8,12,9,17,15,15,6,16,15,10,19,15,8,8,20,15,17,16,7,10,15,10,9,8,15,18,14,3,10,19,16,17,0,9,14,7,18,14,10,6,10,15,17,19,13,15,19,13,14,12,4,20,15,18,16,17,11,12,13,15,17,17,15,14,11,6,15,16,12,3,16,20,11,10,15,7,5,13,16,17,15,10,14,6,19,12
14,8,8,17,9,12,6,14,12,19,20,8,10,19,15,24,8,3,3,24,20,20,11,9,6,19,6,13,11,20,12,8,9,13,24,10,11,9,0,8,10,11,19,6,11,14,19,11,23,17,9,22,7,19,16,7,24,9,23,9,11,15,7,8,9,12,11,19,18,5,5,10,21,17,9,21,24,14,3,8,12,9,18,10,21,8,14,19,11,23,16
17,6,3,16,8,18,7,14,7,18,21,14,5,18,15,22,7,9,10,26,19,22,9,15,11,18,7,17,8,19,7,6,13,16,21,9,6,16,8,0,14,7,19,10,12,20,18,6,25,16,2,25,3,18,20,13,25,4,21,5,9,19,6,5,3,7,9,22,18,8,11,2,20,18,16,20,25,19,8,3,15,13,17,5,20,7,18,18,16,23,20
6,14,14,14,13,5,12,10,15,18,15,8,15,16,12,22,14,9,8,17,14,12,14,2,8,17,11,6,12,18,16,15,6,5,22,13,15,7,10,14,0,15,16,9,9,8,16,15,16,15,15,15,14,16,11,6,17,14,21,14,14,11,14,15,15,15,14,13,16,12,7,15,17,13,6,19,17,10,9,14,10,9,15,15,19,14,9,15,7,16,11
17,11,5,21,3,18,5,19,5,24,26,17,3,23,20,27,4,11,11,27,24,23,5,15,11,24,11,17,14,24,1,11,17,16,27,5,7,18,10,7,15,0,24,10,18,21,23,4,26,22,8,25,7,23,22,15,27,5,27,4,5,22,10,10,7,7,5,23,23,11,13,8,25,24,18,25,27,21,8,5,20,17,22,5,26,5,20,23,18,26,23
12,15,20,8,23,12,21,9,23,15,4,15,21,1,7,19,22,18,17,12,5,10,25,14,19,7,16,11,12,16,23,18,13,13,20,24,21,14,19,18,15,23,0,19,11,8,2,22,11,4,19,11,19,7,7,15,12,20,18,21,25,6,17,18,19,22,25,6,6,20,16,20,8,4,13,17,13,7,18,20,10,13,5,21,11,22,7,3,10,12,7
10,12,10,21,9,11,7,17,11,24,19,12,11,20,19,28,10,7,7,20,17,16,10,8,3,20,11,10,14,24,12,11,13,9,27,9,11,13,7,10,8,11,20,0,15,14,20,11,20,19,11,18,9,23,15,11,20,10,27,10,10,17,11,11,11,11,10,16,22,11,9,11,20,19,13,25,20,16,5,10,16,13,20,11,25,9,16,21,14,19,16
11,8,13,10,17,9,14,6,17,11,14,7,15,12,6,15,16,10,11,18,12,15,19,9,13,12,10,10,6,12,17,11,4,11,16,18,15,8,11,12,9,17,12,13,0,11,12,15,17,10,13,17,13,12,10,7,18,14,15,15,18,10,10,12,13,16,19,13,11,13,8,13,13,11,6,13,19,9,13,13,6,4,10,15,14,15,8,11,6,17,10
5,16,19,10,18,5,15,7,20,15,9,12,20,10,8,20,18,12,11,13,10,10,19,7,13,13,15,5,13,16,21,19,9,7,20,19,20,9,13,19,8,21,9,13,9,0,10,21,12,11,20,12,18,11,5,10,13,20,19,20,20,4,17,18,20,20,20,8,10,16,11,20,14,7,9,17,14,4,13,19,7,10,11,21,14,18,4,9,6,12,5
12,14,19,7,23,13,20,8,23,14,4,15,21,1,7,19,21,17,18,13,6,10,24,15,20,7,15,12,11,15,23,17,12,14,19,23,21,14,18,18,15,22,3,20,11,9,0,21,12,3,19,12,19,6,8,15,13,20,18,20,24,7,16,17,19,22,25,7,5,19,16,19,8,5,14,16,14,8,19,19,10,12,4,21,10,21,8,2,9,11,8
18,10,4,20,5,19,7,18,2,22,24,17,2,22,19,26,6,11,12,28,22,23,5,16,12,22,10,18,12,23,4,9,17,17,25,4,5,19,11,6,15,4,23,11,16,22,22,0,27,20,7,26,6,22,23,16,28,4,25,5,4,22,9,9,5,5,5,24,21,10,14,6,24,22,19,24,27,22,9,4,19,17,21,4,24,7,22,22,19,27,24
12,20,22,13,21,13,20,13,23,20,9,18,23,10,12,24,22,20,19,4,7,4,22,14,17,10,21,12,17,21,24,23,15,12,24,22,23,17,21,22,14,23,10,17,15,10,10,24,0,9,23,3,22,13,7,18,2,22,24,22,22,10,22,23,23,23,23,7,12,23,19,23,10,12,17,22,3,9,19,22,13,16,10,24,16,22,12,11,12,4,10
13,13,18,7,22,13,19,8,22,13,6,14,20,3,6,18,21,17,17,12,5,8,24,14,19,5,14,13,11,14,22,16,11,15,18,23,20,13,17,17,15,21,5,19,10,10,3,20,11,0,18,11,18,6,10,14,12,19,17,19,23,7,15,17,18,21,24,8,5,18,15,18,6,6,13,15,12,8,18,18,9,11,3,20,10,20,9,4,8,9,9
18,7,5,17,9,20,8,15,8,19,22,15,6,19,16,23,8,10,11,27,20,23,11,16,13,20,8,18,10,20,8,7,14,17,22,10,7,17,10,2,16,8,20,11,14,21,19,7,26,18,0,26,4,19,21,14,27,5,23,6,10,20,7,6,5,8,10,23,19,9,12,4,21,20,17,21,27,20,9,5,16,14,18,6,21,8,19,19,17,24,21
14,22,25,15,24,16,23,15,26,22,11,21,26,12,14,26,25,22,21,3,9,5,25,16,19,12,23,15,19,23,26,25,18,15,27,24,26,19,23,24,16,26,12,20,18,12,12,26,3,12,25,0,24,15,9,20,3,25,26,25,25,13,24,25,26,26,25,9,14,26,21,26,13,14,19,24,3,12,22,24,15,18,12,26,18,24,14,13,15,3,12
16,6,3,17,8,18,6,15,7,19,21,13,5,19,16,23,6,7,9,26,19,22,9,14,11,19,6,16,9,20,7,6,14,15,23,8,7,15,7,3,14,6,20,9,13,20,19,5,26,17,4,24,0,19,21,12,26,3,23,4,8,19,5,5,4,8,9,22,18,6,10,5,21,19,15,21,26,19,7,3,16,14,18,4,21,6,19,19,16,24,21
15,17,22,4,26,16,23,11,25,17,10,17,23,7,9,21,24,20,20,16,9,12,27,17,22,9,18,15,14,18,26,20,15,17,22,26,23,16,21,20,18,25,8,22,13,12,7,24,16,6,21,15,21,0,13,17,16,22,20,23,27,10,19,20,21,24,27,12,4,22,19,22,9,8,16,19,16,11,22,22,12,15,7,23,6,24,11,7,12,14,11
8,17,22,12,21,9,19,8,23,17,6,14,23,8,10,21,21,16,15,10,7,8,22,11,16,10,18,8,15,18,24,20,11,10,22,21,23,13,17,21,11,23,7,17,11,6,8,23,9,9,22,9,21,13,0,13,10,22,20,22,22,5,19,21,22,23,22,5,12,19,14,22,11,8,12,19,11,4,16,22,9,12,10,23,16,21,7,8,8,10,5
10,11,13,14,13,8,10,10,15,16,16,5,15,15,11,20,13,5,6,20,16,18,14,6,8,16,8,9,9,17,16,12,6,10,21,14,15,5,7,12,7,15,15,8,7,10,16,15,19,14,13,19,12,16,13,0,20,13,20,14,14,11,10,12,13,15,15,15,15,9,4,14,18,13,5,18,21,11,8,13,9,6,15,14,18,12,10,15,7,20,12
12,20,22,13,21,13,20,13,23,20,9,18,23,10,12,24,22,20,19,4,7,4,22,14,17,10,21,12,17,21,24,23,15,12,24,22,23,17,21,22,14,23,11,18,15,10,10,24,1,10,23,3,22,13,7,18,0,22,24,23,22,10,22,23,23,23,23,7,12,23,19,23,11,12,17,22,3,10,19,22,13,16,10,24,16,22,12,11,12,4,10
17,8,2,18,6,18,6,16,6,21,23,15,4,20,17,24,5,10,11,27,21,22,8,15,11,21,9,17,11,21,5,8,15,16,24,8,8,17,9,5,14,5,21,10,15,21,20,4,26,19,5,25,4,20,22,15,27,0,24,2,8,21,7,7,4,9,8,23,20,9,13,5,22,21,17,22,26,21,8,2,17,15,19,3,23,5,20,20,18,25,22
22,19,21,16,25,20,22,14,25,6,21,20,23,18,15,6,23,22,23,26,19,22,26,21,26,19,20,21,16,6,25,20,17,22,6,26,23,20,23,20,21,25,19,25,15,20,18,23,25,17,21,25,21,18,20,20,26,22,0,22,26,19,20,20,21,24,27,22,18,23,21,21,20,19,18,13,26,19,23,21,15,17,17,23,21,23,18,18,17,23,20
17,8,3,18,5,18,6,17,6,21,23,16,4,21,17,24,4,10,11,27,21,23,8,15,11,21,9,17,11,22,4,8,16,16,24,8,9,17,9,5,15,4,22,10,15,21,21,4,27,19,6,25,4,20,22,14,27,2,24,0,7,21,8,8,5,9,8,23,20,9,13,6,22,21,17,23,27,21,8,3,18,16,19,4,23,4,21,20,18,26,22
18,12,6,22,6,19,8,20,3,24,26,18,5,24,20,28,8,13,12,28,24,23,4,16,12,24,12,18,14,25,7,11,18,17,27,3,5,19,12,8,15,6,25,11,18,22,24,4,27,22,9,26,8,24,23,17,28,7,27,8,0,23,11,11,8,4,5,24,23,13,15,7,26,24,19,26,27,22,9,6,21,19,23,6,26,9,21,24,19,27,24
7,15,20,8,20,8,17,6,22,15,8,12,22,8,8,19,20,14,13,13,9,11,21,10,15,11,16,7,12,15,23,18,9,9,19,20,22,10,15,19,10,22,8,15,9,4,9,22,12,9,20,12,20,10,5,11,13,21,18,21,21,0,17,19,20,22,21,8,9,17,13,20,12,6,10,16,14,2,15,20,6,9,10,22,13,19,3,7,6,12,3
18,3,6,14,10,16,8,12,10,16,18,11,8,16,12,20,9,7,9,23,16,19,12,14,12,16,4,17,6,17,10,4,11,17,21,11,8,14,8,5,15,10,17,11,10,18,16,9,23,14,6,23,6,16,18,10,23,7,20,8,12,16,0,5,6,9,12,19,15,7,9,7,18,16,13,18,23,16,9,6,13,11,15,8,18,8,16,16,14,21,17
18,5,7,16,11,18,8,14,11,18,20,13,9,18,15,22,9,8,9,26,18,22,12,16,12,18,6,18,8,19,11,3,13,17,22,11,9,15,8,6,15,10,19,11,12,20,18,9,25,16,6,25,6,18,20,12,25,7,22,8,12,18,5,0,7,9,13,21,17,7,11,7,20,18,15,20,25,18,9,7,15,13,17,8,20,9,18,18,16,23,20
18,7,2,18,7,20,7,16,6,20,22,15,4,20,16,24,7,10,11,27,20,23,8,17,13,20,8,18,10,21,6,7,15,17,23,8,6,17,9,3,16,6,21,11,14,22,20,5,27,18,4,26,4,20,22,14,27,3,23,4,8,20,7,7,0,7,8,23,19,9,12,3,21,20,17,22,27,20,9,2,17,15,18,4,22,6,20,19,18,25,21
20,9,7,20,8,21,10,18,5,22,24,17,6,22,18,26,11,12,14,29,22,25,6,18,14,22,10,20,12,23,9,9,17,19,25,4,1,20,12,6,17,8,23,13,16,24,22,6,29,20,7,28,8,22,24,17,29,8,25,9,5,22,9,9,7,0,6,25,21,12,15,5,24,22,19,24,29,22,11,7,19,17,21,8,24,11,22,21,20,27,23
17,12,7,22,4,18,6,20,3,24,25,17,5,24,21,28,7,11,11,26,23,22,2,15,11,24,13,17,14,25,6,12,17,16,27,4,5,17,10,9,14,5,25,9,18,20,24,6,26,22,10,24,9,24,21,15,26,7,27,7,3,22,12,11,9,5,0,23,23,13,13,9,26,24,17,26,26,21,8,7,20,17,23,7,26,7,20,24,18,26,22
11,18,23,11,23,12,22,11,24,18,4,17,25,5,10,22,24,19,18,8,4,6,23,14,18,8,19,11,15,19,25,21,14,13,23,23,24,16,20,21,14,25,5,19,14,9,6,25,8,7,22,8,22,11,6,16,8,23,22,24,24,9,20,21,23,25,24,0,9,22,17,23,8,7,15,20,9,8,19,23,12,15,7,24,14,23,10,6,11,8,8
13,15,20,6,24,14,21,10,24,16,8,16,22,5,8,20,23,19,19,14,7,10,26,16,21,6,17,13,13,16,24,18,13,15,20,25,22,15,19,19,16,23,6,21,12,10,5,22,13,3,20,13,20,4,11,16,13,21,19,22,25,8,17,19,20,23,26,10,0,20,17,20,6,6,15,17,13,9,20,20,11,13,3,22,7,22,9,5,10,11,9
17,6,7,17,9,15,7,15,11,19,21,10,9,19,15,23,8,5,7,26,19,22,12,13,9,19,5,16,9,20,11,6,11,16,23,11,9,12,5,6,14,10,20,10,13,17,19,9,26,17,7,25,6,19,19,9,26,8,22,8,12,18,5,6,8,10,12,22,18,0,8,8,21,19,12,21,26,18,7,7,14,11,18,9,21,7,17,18,14,24,19
11,9,11,13,12,9,9,10,14,16,17,4,13,15,11,20,12,4,5,21,16,18,13,7,7,16,7,10,8,16,15,11,5,11,20,13,14,6,6,11,8,15,16,7,7,11,15,14,20,14,12,20,10,15,13,4,21,12,19,13,14,12,9,10,12,15,14,16,15,8,0,12,17,14,6,17,22,12,7,11,8,5,14,13,18,11,11,15,8,20,13
18,6,3,17,9,19,8,15,8,19,21,14,6,19,15,23,8,9,11,26,19,22,10,16,12,19,7,18,9,20,8,6,14,17,22,8,6,17,9,3,15,7,20,11,13,21,19,6,26,17,3,25,4,19,21,14,26,4,22,5,9,19,6,6,3,6,10,22,18,9,12,0,21,19,16,21,26,19,9,4,16,14,18,5,21,8,19,18,17,24,20
17,18,23,9,26,17,24,12,27,18,9,19,25,8,10,22,25,21,22,14,6,10,27,19,21,7,19,17,15,19,27,21,16,17,21,26,25,18,22,22,19,26,10,22,15,14,8,25,11,6,22,13,23,7,12,19,11,23,22,24,27,11,20,21,23,26,27,9,6,23,20,23,0,10,17,20,13,12,23,23,14,16,6,24,9,25,12,9,13,12,13
11,14,19,7,23,11,20,8,23,14,5,15,21,3,7,19,21,17,16,13,6,11,24,13,18,9,15,11,11,15,23,17,12,12,19,23,21,13,18,18,14,22,3,18,11,8,4,21,12,6,19,12,19,7,8,14,13,19,18,20,24,5,16,17,19,22,24,7,6,19,16,19,9,0,13,16,14,6,18,19,10,12,7,20,10,21,6,4,9,13,7
10,11,14,12,15,8,12,8,17,14,15,5,16,14,9,18,15,7,7,19,15,17,16,6,10,15,9,8,8,15,18,13,3,10,19,15,17,5,8,14,6,17,14,10,6,10,14,16,18,12,14,18,13,14,11,3,19,15,18,16,16,11,11,13,15,17,16,14,14,11,6,15,16,12,0,16,20,10,9,14,7,5,13,16,16,14,9,14,6,19,11
20,17,22,14,25,18,23,12,25,9,18,17,23,16,13,14,24,20,21,24,16,20,27,18,23,16,18,19,14,10,25,20,14,20,14,26,23,17,21,20,19,25,17,23,13,18,16,24,23,14,21,23,21,16,18,17,23,22,13,23,27,16,18,20,21,24,27,19,15,22,19,22,18,16,16,0,23,16,23,21,13,15,15,23,18,24,16,16,14,21,18
13,21,24,15,23,15,22,14,24,21,11,20,25,11,14,26,24,21,20,3,9,5,23,15,18,12,22,14,19,22,25,24,17,14,26,23,25,18,22,23,15,25,12,19,17,11,11,25,2,11,24,2,23,14,8,19,2,24,25,24,24,12,23,25,25,25,24,8,13,25,20,25,12,13,18,23,0,11,21,23,14,17,11,25,18,23,13,12,14,3,11
8,15,20,9,20,8,17,6,22,15,7,12,22,8,8,19,20,14,13,12,9,10,21,10,15,11,17,7,13,16,23,18,9,9,20,21,22,10,15,19,11,22,8,15,9,4,9,22,12,9,20,12,20,10,5,11,12,21,18,22,21,2,17,19,20,22,22,8,9,17,13,20,12,6,10,17,13,0,15,20,7,10,10,22,13,20,4,8,6,12,3
14,10,9,19,7,12,5,15,10,22,21,10,10,21,17,26,7,5,5,24,21,20,9,10,6,22,8,13,13,22,11,10,11,13,26,8,10,11,4,8,11,10,20,4,13,14,21,10,23,20,9,22,8,21,17,9,24,9,25,9,9,16,9,9,9,10,9,20,21,8,7,9,23,18,11,23,24,15,0,8,14,11,20,10,23,7,14,20,12,23,16
18,8,2,19,7,19,7,17,6,21,24,16,4,21,18,25,6,10,12,28,22,23,8,16,12,21,9,18,11,22,6,8,16,17,24,8,8,18,9,5,15,6,22,11,15,21,21,5,27,19,6,25,4,21,22,15,27,3,24,3,8,22,7,8,4,9,8,24,20,9,13,5,23,21,17,23,27,22,9,0,18,16,20,4,23,6,21,21,19,26,23
9,11,16,8,19,8,16,4,20,11,10,9,18,9,5,15,18,12,12,14,11,12,20,9,14,11,12,8,8,11,20,14,6,10,15,19,18,8,13,15,10,19,9,14,6,7,10,18,14,9,16,14,16,10,7,9,14,17,14,17,20,6,13,15,16,19,20,9,10,15,10,16,12,7,8,12,15,6,13,16,0,7,9,18,13,18,5,9,4,14,7
11,10,14,11,17,9,14,7,18,13,14,6,16,13,8,18,16,8,9,18,14,16,17,8,11,14,10,9,7,14,18,13,3,11,18,17,16,7,10,13,8,18,13,12,4,10,13,17,17,11,14,17,14,13,10,6,18,15,17,16,18,10,11,13,14,17,18,13,13,12,7,14,15,11,5,15,19,9,11,14,6,0,12,16,15,16,8,13,6,18,10
14,15,20,7,23,15,21,9,23,15,6,15,21,5,7,19,22,18,18,12,5,8,25,16,20,5,16,14,12,16,23,18,13,16,20,24,21,14,19,18,16,23,6,21,11,11,4,22,12,2,19,12,19,6,10,15,12,20,18,21,25,9,16,18,19,22,25,8,4,20,17,20,6,7,14,17,12,10,20,20,11,13,0,21,8,22,10,6,10,10,10
18,8,2,19,6,19,7,17,5,21,23,15,3,21,18,25,6,10,12,28,21,24,7,16,12,21,9,18,11,22,5,8,16,17,24,7,7,17,9,5,15,4,22,11,15,22,21,3,27,19,5,26,4,21,23,14,28,3,24,4,7,21,7,7,4,8,7,24,20,9,13,5,23,21,17,23,28,21,9,2,18,16,20,0,23,6,21,21,19,26,23
19,19,23,8,27,18,25,13,27,19,13,19,25,11,11,23,26,22,22,19,12,15,29,19,24,12,20,18,16,19,27,22,16,20,22,28,25,18,22,22,19,27,12,24,15,15,11,26,17,9,23,18,23,6,16,19,18,24,22,25,29,13,20,22,23,26,29,15,7,24,21,23,10,11,18,20,19,14,23,23,14,16,10,25,0,25,14,10,13,17,14
16,10,6,20,4,17,4,18,7,22,25,15,6,22,19,26,1,10,10,26,23,22,7,15,11,23,11,16,12,23,5,10,16,15,25,7,8,16,8,8,14,4,23,9,16,19,22,6,26,20,8,24,6,22,21,13,26,6,25,4,7,21,10,9,7,9,7,22,22,10,12,9,24,22,16,24,26,20,7,5,19,16,21,6,24,0,19,22,17,26,21
7,15,19,10,18,7,15,7,20,15,9,11,20,10,8,19,18,12,11,14,11,12,19,8,13,13,14,6,12,16,21,18,7,8,20,18,20,8,13,18,9,20,10,13,9,4,11,20,13,11,19,13,18,12,6,9,14,19,18,19,19,5,17,18,20,20,19,9,11,15,10,20,14,7,8,17,15,4,12,19,7,9,12,20,15,17,0,9,5,13,5
13,15,20,7,23,13,21,9,23,15,5,15,21,2,7,19,22,18,18,13,7,10,25,15,20,7,16,13,12,16,23,18,13,15,19,24,21,14,19,18,16,23,4,20,11,10,2,22,13,3,19,13,19,6,9,15,13,20,18,21,25,7,16,18,19,22,25,7,5,20,17,20,9,5,14,17,14,8,20,19,11,13,5,21,10,22,9,0,10,12,9
9,12,16,9,17,7,15,5,19,12,11,8,18,11,7,16,17,10,10,16,12,13,18,8,12,12,13,8,9,13,20,15,4,9,17,18,18,7,12,15,8,20,10,13,5,7,11,19,15,10,16,15,16,11,8,7,16,17,15,18,19,7,13,15,16,19,19,11,11,14,9,16,14,8,6,14,16,7,12,16,4,6,11,18,14,17,6,10,0,15,8
14,20,24,13,23,15,22,14,25,20,10,20,25,10,12,24,24,22,21,5,7,6,24,16,18,10,21,14,17,21,26,23,17,14,25,23,25,19,23,23,16,25,11,19,17,12,10,25,3,9,24,3,24,13,9,19,3,24,23,24,24,12,22,23,25,25,24,8,12,25,20,25,11,12,18,22,3,11,21,24,15,18,10,25,16,24,13,11,14,0,12
9,16,21,10,21,9,19,7,23,16,7,13,23,8,9,20,21,15,14,12,8,10,22,11,16,11,18,8,14,17,24,19,10,10,21,22,23,11,16,20,12,24,8,17,10,5,9,23,11,10,21,11,21,12,5,12,12,22,19,23,23,3,18,20,21,23,23,7,11,19,14,21,12,7,11,18,13,2,16,21,8,11,11,23,15,21,5,9,7,12,0
