Name: bar-n5-m4-c2-OD-medium
Type: GPDPOD-IMC
Commodity type: 4
Compartment num: 2
CapacityHD: 100
VehicleHDs: 2
CapacityOD: 50
VehicleODs: 3
ID Xc Yc DEMAND StartT EndT SerT PairedID
0,41.3722496,2.1636008,[0, 0, 0, 0],0,240,0,0
1,41.3830452,2.0762528,[14, 6, 2, 34],56,176,10,3
2,41.4449665,2.2190662,[14, 6, 2, 23],112,232,10,4
3,41.4008741,2.1610253,[-14, -6, -2, -34],88,208,10,1
4,41.3651642,2.1225847,[-14, -6, -2, -23],155,232,10,2
StartID EndID StartX StartY EndX EndY StartT EndT
5,8,41.4479353,2.2194344,41.3835998,2.1734228,19,466
6,9,41.4166572,2.1910521,41.386186,2.1769304,112,478
7,10,41.4516487,2.2359664,41.4345712,2.2231087,0,720
edge
0,17,18,10,11,17,12,17,8,7,15
16,0,24,17,12,23,20,26,19,18,25
18,22,0,15,24,3,11,7,20,15,5
9,15,16,0,12,16,7,16,8,6,13
8,11,23,12,0,22,15,22,12,11,20
17,21,2,15,23,0,11,6,19,15,7
14,19,11,6,17,11,0,12,13,10,9
18,24,7,17,24,6,12,0,20,15,7
9,18,18,7,13,17,10,17,0,4,15
6,17,15,5,12,14,8,14,6,0,12
15,23,6,13,22,7,9,7,17,13,0
