Name: ber-n60-m4-c2-OD-medium
Type: GPDPOD-IMC
Commodity type: 4
Compartment num: 2
CapacityHD: 100
VehicleHDs: 19
CapacityOD: 50
VehicleODs: 30
ID Xc Yc DEMAND StartT EndT SerT PairedID
0,52.4517877,13.3258861,[0, 0, 0, 0],0,240,0,0
1,52.4878607,13.5201731,[7, 2, 1, 16],17,137,5,31
2,52.5090707,13.5007129,[14, 6, 2, 14],55,175,5,32
3,52.6162206,13.2296805,[7, 2, 1, 8],39,159,5,33
4,52.4623986,13.419665,[7, 2, 1, 9],82,202,5,34
5,52.4192615,13.2755279,[14, 6, 2, 16],116,236,5,35
6,52.4280112,13.4940611,[14, 6, 2, 36],42,162,5,36
7,52.4336297,13.4857423,[14, 6, 2, 10],51,171,5,37
8,52.5131901,13.5953788,[3, 1, 0, 7],90,210,5,38
9,52.4220365,13.4834054,[14, 6, 2, 21],84,204,5,39
10,52.5257578,13.5875732,[14, 6, 2, 12],85,205,5,40
11,52.4574222,13.5182205,[3, 1, 0, 7],102,222,5,41
12,52.573885,13.2213694,[14, 6, 2, 7],8,128,5,42
13,52.4478418,13.4766442,[7, 2, 1, 11],0,114,5,43
14,52.6112817,13.2399281,[14, 6, 2, 8],17,137,5,44
15,52.6118749,13.2366104,[14, 6, 2, 14],27,147,5,45
16,52.5912597,13.474295,[14, 6, 2, 24],63,183,5,46
17,52.4024818,13.5095673,[14, 6, 2, 11],0,99,5,47
18,52.4289105,13.4800376,[7, 2, 1, 6],81,201,5,48
19,52.4905608,13.5364526,[14, 6, 2, 8],96,216,5,49
20,52.4296473,13.5105551,[3, 1, 0, 7],140,240,5,50
21,52.4371318,13.4877766,[14, 6, 2, 21],38,158,5,51
22,52.6025949,13.2410771,[7, 2, 1, 5],49,169,5,52
23,52.4957737,13.2623807,[14, 6, 2, 14],76,196,5,53
24,52.4320784,13.5042273,[7, 2, 1, 12],64,184,5,54
25,52.5073026,13.3748606,[14, 6, 2, 33],59,179,5,55
26,52.498343,13.6234811,[14, 6, 2, 32],14,134,5,56
27,52.5023344,13.4496642,[14, 6, 2, 27],0,113,5,57
28,52.5890467,13.3741401,[7, 2, 1, 8],0,99,5,58
29,52.4235133,13.5065682,[14, 6, 2, 13],132,240,5,59
30,52.4176378,13.4772922,[3, 6, 1, 4],28,148,5,60
31,52.6117818,13.2371153,[-7, -2, -1, -16],70,190,5,1
32,52.4351044,13.5125438,[-14, -6, -2, -14],81,201,5,2
33,52.4257713,13.4866372,[-7, -2, -1, -8],84,204,5,3
34,52.552494,13.4319103,[-7, -2, -1, -9],109,212,5,4
35,52.5196412,13.2606392,[-14, -6, -2, -16],142,225,5,5
36,52.5834767,13.2965678,[-14, -6, -2, -36],81,201,5,6
37,52.5075509,13.5457173,[-14, -6, -2, -10],88,205,5,7
38,52.3989915,13.5712189,[-3, -1, 0, -7],124,208,5,8
39,52.5753959,13.482817,[-14, -6, -2, -21],133,207,5,9
40,52.4036492,13.4151511,[-14, -6, -2, -12],130,222,5,10
41,52.4845529,13.5242616,[-3, -1, 0, -7],118,212,5,11
42,52.4750367,13.548083,[-14, -6, -2, -7],68,188,5,12
43,52.4757545,13.1286745,[-7, -2, -1, -11],52,172,5,13
44,52.6025277,13.3139862,[-14, -6, -2, -8],36,156,5,14
45,52.4932429,13.1813556,[-14, -6, -2, -14],71,191,5,15
46,52.4097978,13.5304868,[-14, -6, -2, -24],113,215,5,16
47,52.5869354,13.2828903,[-14, -6, -2, -11],58,178,5,17
48,52.6073611,13.2580825,[-7, -2, -1, -6],130,211,5,18
49,52.5741403,13.5151341,[-14, -6, -2, -8],121,203,5,19
50,52.4554727,13.447447,[-3, -1, 0, -7],156,225,5,20
51,52.4397338,13.696855,[-14, -6, -2, -21],86,196,5,21
52,52.584138,13.3926011,[-7, -2, -1, -5],76,196,5,22
53,52.4231686,13.5409597,[-14, -6, -2, -14],114,216,5,23
54,52.5423419,13.5553642,[-7, -2, -1, -12],96,204,5,24
55,52.4638208,13.3749834,[-14, -6, -2, -33],77,197,5,25
56,52.45099,13.4469987,[-14, -6, -2, -32],58,178,5,26
57,52.5124345,13.1770357,[-14, -6, -2, -27],40,160,5,27
58,52.5412079,13.6254838,[-7, -2, -1, -8],41,161,5,28
59,52.4975848,13.3165477,[-14, -6, -2, -13],166,229,5,29
60,52.4895023,13.5802481,[-3, -6, -1, -4],58,178,5,30
StartID EndID StartX StartY EndX EndY StartT EndT
61,91,52.4465095,13.2917093,52.4616545,13.1247583,92,452
62,92,52.4236675,13.4712276,52.6058473,13.2237116,55,520
63,93,52.4817488,13.5347576,52.4900815,13.5294448,125,470
64,94,52.6087709,13.4335265,52.4522848,13.1454437,76,463
65,95,52.4352535,13.4622307,52.5697274,13.3219033,0,483
66,96,52.6060969,13.2363266,52.5283892,13.4024879,0,450
67,97,52.6094959,13.4228584,52.5671999,13.5184297,0,429
68,98,52.4317645,13.4885052,52.4879873,13.5408243,72,483
69,99,52.4177957,13.4272201,52.6442685,13.306422,30,558
70,100,52.4351219,13.460394,52.6356544,13.297939,48,522
71,101,52.4897434,13.5560655,52.6187365,13.2328042,20,560
72,102,52.546669,13.4211684,52.5162917,13.2627755,15,477
73,103,52.4471834,13.4529372,52.6350995,13.2966483,0,498
74,104,52.4353195,13.1966406,52.4991757,13.6194518,48,501
75,105,52.4372729,13.4717877,52.4030611,13.5267823,0,420
76,106,52.5104992,13.2497311,52.5826853,13.341171,0,720
77,107,52.4843541,13.522605,52.6254697,13.3067828,0,507
78,108,52.6056468,13.241672,52.5077177,13.1871842,6,468
79,109,52.6161155,13.2284906,52.5085312,13.235683,122,476
80,110,52.5045443,13.4905095,52.5637878,13.390152,70,502
81,111,52.4353736,13.4814957,52.6070266,13.2990105,82,475
82,112,52.4192643,13.4825244,52.4335003,13.5445653,106,466
83,113,52.6091042,13.2467914,52.5669781,13.4108147,0,474
84,114,52.4202075,13.5428073,52.592479,13.4688003,45,519
85,115,52.4756926,13.5415492,52.5554649,13.5562327,47,482
86,116,52.3884905,13.6326021,52.5401725,13.4423309,96,456
87,117,52.4251663,13.5033985,52.6080153,13.2359782,61,508
88,118,52.5855199,13.4073566,52.526416,13.1948665,84,480
89,119,52.4818544,13.5250894,52.5528043,13.4701051,73,487
90,120,52.4168526,13.4908914,52.4313708,13.4937962,139,442
edge
0,27,29,32,13,12,19,19,40,21,41,23,30,17,30,30,37,25,19,29,20,19,29,16,19,16,41,23,30,20,21,30,22,19,26,16,23,35,30,32,18,28,35,32,28,28,24,24,31,37,14,43,31,23,36,9,16,25,43,11,36,6,21,28,37,18,31,38,19,18,18,34,26,16,19,17,16,27,31,32,27,18,21,31,23,28,33,20,31,28,21,35,31,27,36,21,21,35,30,35,35,31,15,35,40,26,25,31,25,18,27,28,24,29,36,38,24,31,25,28,18
28,0,9,45,20,35,17,17,15,18,16,12,48,15,44,44,30,22,18,5,16,18,43,34,15,25,17,15,32,17,18,44,16,16,21,33,37,10,23,20,27,3,12,50,40,46,21,38,44,20,16,27,29,17,15,23,18,43,22,29,15,30,19,5,31,18,44,32,16,24,19,13,21,17,37,17,34,2,44,46,9,18,19,45,18,6,26,17,30,3,19,53,45,4,54,33,20,18,6,46,46,45,33,46,18,23,33,43,43,36,27,42,15,25,29,17,18,45,42,18,15
31,8,0,41,21,38,21,22,12,23,13,17,45,20,39,39,26,27,23,9,21,22,38,36,20,20,14,11,27,22,23,39,21,21,16,32,32,7,28,17,32,9,16,49,35,45,25,33,40,17,21,32,24,22,12,26,23,42,19,28,12,33,24,10,26,23,40,27,21,29,24,11,16,22,40,21,34,8,40,41,3,23,23,40,23,11,30,22,25,9,23,53,40,8,53,28,15,15,11,41,41,40,32,41,14,27,29,38,42,35,23,37,20,20,25,14,13,40,41,13,20
31,45,39,0,34,36,41,40,50,42,49,44,17,39,4,3,35,46,40,46,41,40,6,26,40,29,51,35,23,41,42,3,43,40,28,22,12,45,51,36,44,46,53,37,13,34,45,11,8,40,35,64,24,44,44,30,38,31,51,26,49,30,42,47,30,39,5,30,40,42,39,49,28,37,30,38,25,45,5,1,41,39,42,5,44,48,54,41,26,46,43,41,5,45,42,15,26,40,48,18,16,2,23,16,52,47,17,16,32,26,24,13,45,26,34,46,30,4,26,33,39
14,20,20,34,0,21,12,12,31,14,32,16,33,10,33,33,33,17,11,22,13,12,32,19,12,13,33,15,31,13,13,33,15,12,22,19,26,26,23,28,14,21,28,35,30,31,17,27,33,32,6,36,29,16,29,8,7,28,37,14,29,15,12,21,33,10,34,34,12,11,9,27,21,7,23,10,19,20,33,35,18,11,14,34,16,21,26,13,29,21,14,38,34,20,39,24,18,30,23,38,38,34,18,38,33,19,28,34,28,21,26,31,17,25,32,32,20,34,28,24,11
11,35,37,37,20,0,27,26,47,29,48,30,36,25,35,35,45,32,27,36,27,26,35,21,26,23,48,30,35,28,28,35,29,27,33,21,29,42,38,40,24,36,42,37,33,34,31,30,36,44,21,50,36,30,43,17,24,31,50,17,43,7,28,35,43,26,36,43,26,24,25,41,33,24,15,24,22,35,36,37,34,25,29,36,30,36,40,27,37,36,29,41,37,35,42,27,28,42,37,40,40,36,20,40,48,34,30,36,31,23,32,33,31,35,44,45,31,36,30,35,25
22,17,23,43,14,29,0,5,30,6,30,11,42,10,41,41,41,8,5,18,7,6,41,28,6,22,30,21,39,4,5,41,8,4,30,27,34,25,17,34,16,18,25,43,39,39,10,35,42,34,10,31,37,9,29,17,11,36,36,23,25,24,6,18,41,7,42,42,4,13,8,23,30,9,31,7,28,17,42,43,21,6,5,42,9,18,20,3,37,18,5,47,43,17,47,33,26,32,19,46,46,42,26,46,29,12,36,42,36,29,34,39,11,33,40,31,28,42,36,30,4
20,16,22,41,12,27,3,0,29,5,30,10,40,6,39,39,39,9,2,17,6,2,39,26,5,20,29,19,37,5,5,39,7,3,28,25,33,24,16,33,13,17,24,41,37,37,10,33,40,33,8,30,35,9,28,15,9,34,35,21,24,22,6,17,39,5,40,40,1,10,5,22,28,7,29,3,26,16,40,41,20,1,5,40,9,17,19,5,35,17,5,45,41,16,45,31,24,31,19,44,44,40,24,44,28,12,34,40,35,27,32,37,10,31,38,30,26,40,34,29,3
41,15,14,49,31,48,29,29,0,31,5,23,54,27,48,48,32,33,30,16,26,30,47,44,27,29,8,20,36,29,30,48,29,29,25,41,41,9,29,22,39,17,23,58,44,54,29,42,48,20,29,29,33,25,11,35,30,51,9,37,8,42,32,17,33,31,48,34,28,36,31,11,25,30,49,29,42,15,48,50,15,30,31,49,26,15,32,29,34,17,31,61,49,15,62,37,24,18,18,50,50,49,41,50,8,30,38,47,51,44,31,46,23,29,31,14,22,49,50,22,27
21,16,22,42,12,28,3,4,29,0,29,10,41,7,40,40,40,6,2,17,6,5,40,27,5,21,29,20,38,5,3,40,7,2,29,26,33,24,16,33,13,17,24,42,38,38,10,34,41,33,8,30,36,9,28,16,9,35,35,22,24,23,4,17,40,5,41,41,3,10,5,22,29,7,30,4,27,16,41,42,20,5,2,41,9,17,19,5,36,17,3,46,42,16,46,32,25,31,19,45,45,41,25,45,28,12,35,41,35,28,33,38,10,32,39,30,27,41,35,29,3
41,16,14,50,32,48,30,30,5,31,0,25,54,28,48,48,30,34,31,17,27,31,48,45,28,30,11,21,35,31,31,48,29,29,24,42,41,9,31,21,40,17,24,59,43,55,30,42,49,18,30,31,32,26,9,36,31,52,8,38,11,43,32,18,31,31,49,32,29,37,32,12,25,31,49,30,43,16,49,50,16,31,32,49,27,16,33,30,32,17,32,62,50,16,63,38,25,16,19,49,49,49,42,49,11,32,36,46,52,45,30,46,24,28,29,12,21,49,50,20,28
24,10,16,44,16,31,9,9,22,11,23,0,43,8,43,43,36,15,10,11,9,10,42,29,8,23,22,15,35,10,10,43,9,9,25,29,36,17,16,27,19,11,17,45,40,41,13,37,43,27,12,25,33,11,22,18,13,38,29,24,18,25,12,10,36,11,43,38,9,16,11,16,25,13,33,9,29,10,43,45,14,10,11,44,12,11,19,10,33,11,11,48,44,10,49,34,22,25,12,48,47,44,28,48,22,15,36,44,38,31,31,41,9,29,35,24,23,44,38,23,8
30,48,44,18,33,35,40,39,54,41,54,43,0,38,16,17,43,45,40,49,40,39,14,25,39,30,56,39,30,41,41,17,42,39,33,19,19,49,51,41,43,49,55,24,20,20,44,18,20,45,34,63,32,43,49,30,37,17,56,26,54,29,41,48,38,38,15,37,39,41,38,53,33,36,30,37,20,48,15,17,45,38,42,16,43,49,53,40,33,49,42,27,15,48,28,23,31,45,50,28,27,18,19,27,57,46,25,24,18,19,29,21,44,32,42,50,35,16,12,38,38
18,15,20,39,10,25,8,6,27,9,28,8,38,0,38,38,38,12,6,16,10,6,37,24,9,18,28,15,35,10,8,38,10,7,26,23,31,22,19,30,14,16,22,39,35,36,15,32,38,32,6,30,33,13,27,13,8,33,34,19,23,20,8,15,37,5,38,38,6,11,6,22,26,7,27,3,24,15,38,39,17,5,9,38,13,16,22,9,34,16,9,43,39,15,44,29,22,30,17,42,42,38,23,42,28,17,33,38,33,26,30,35,12,29,37,29,24,39,32,26,7
29,43,38,4,32,34,39,38,48,41,48,42,16,37,0,1,34,45,39,45,39,38,3,25,39,28,50,33,21,40,40,1,41,39,26,21,10,43,50,34,43,45,52,36,11,33,44,10,6,39,34,63,23,43,42,29,36,29,50,25,48,28,41,45,29,38,3,28,39,40,37,47,27,36,29,36,24,44,3,4,39,38,41,2,42,47,53,39,24,45,41,40,4,43,41,14,25,38,47,18,16,4,21,16,50,46,16,15,30,25,23,12,44,25,33,44,29,2,25,32,37
29,44,38,3,32,34,39,39,48,41,48,43,16,37,1,0,34,45,39,45,40,39,4,25,39,28,50,33,21,40,40,1,41,39,27,21,11,43,50,34,43,45,52,36,11,33,44,10,6,39,34,63,23,43,42,29,36,30,50,25,48,29,41,45,29,38,3,28,39,40,38,47,27,36,29,36,24,44,3,4,39,38,41,3,43,47,53,40,25,45,41,40,3,43,41,14,25,38,47,18,16,3,21,16,50,46,16,15,31,25,23,12,44,25,33,44,29,2,25,32,38
38,30,24,35,34,45,41,41,32,43,30,37,42,37,34,34,0,47,41,31,41,41,33,35,40,25,36,25,17,42,42,34,41,41,13,31,26,30,48,11,44,32,38,50,26,46,45,27,34,14,35,54,13,42,25,33,37,43,30,33,34,39,42,32,10,39,34,11,41,41,39,34,16,37,39,38,34,31,34,36,27,40,43,34,43,33,50,42,11,32,43,53,35,30,54,23,20,16,33,32,32,35,32,32,37,47,21,29,43,35,15,29,40,14,1,22,16,35,40,14,40
26,21,27,47,17,33,8,9,33,7,34,15,46,12,45,45,45,0,7,23,11,10,45,32,10,26,32,25,43,8,7,45,13,7,34,31,39,29,19,38,18,22,29,47,43,43,12,39,46,38,13,34,41,11,33,21,14,40,40,27,27,28,9,22,45,10,46,46,8,15,10,25,34,12,35,9,32,21,46,47,25,10,7,46,11,22,23,8,42,22,6,51,47,21,51,37,30,36,24,50,50,46,30,50,32,14,40,46,41,33,38,43,13,37,44,35,32,46,40,34,8
20,18,23,41,11,27,5,3,30,4,31,11,40,6,39,40,40,8,0,19,7,4,39,26,6,20,30,19,37,6,4,39,9,2,28,25,33,25,18,34,12,19,25,41,37,38,12,34,40,34,7,31,35,11,29,15,7,35,36,21,25,22,4,18,39,3,40,40,3,9,4,23,28,5,29,3,26,17,40,41,21,3,4,40,10,18,21,6,36,18,4,45,41,18,46,31,24,32,20,44,44,40,24,44,30,14,35,40,35,28,32,37,11,31,39,31,26,41,34,30,4
30,5,10,46,22,37,18,18,16,20,17,13,49,17,44,44,31,24,19,0,18,19,44,35,17,25,18,16,32,19,19,44,18,18,22,35,38,11,24,20,28,6,11,51,41,47,22,38,45,20,18,27,30,19,15,24,19,44,23,31,15,32,21,5,31,20,45,33,18,25,20,13,22,19,39,18,35,5,45,46,10,19,20,45,20,6,27,19,30,6,20,55,46,2,55,34,21,18,4,46,46,45,34,46,18,24,34,43,44,37,28,42,17,26,30,17,18,45,44,18,17
21,15,21,42,13,28,5,6,26,7,27,9,40,10,40,40,40,11,7,17,0,6,40,26,2,21,24,19,38,6,7,40,4,5,28,26,33,22,13,32,17,16,23,42,38,38,7,34,41,32,9,26,36,6,27,15,10,35,33,22,20,23,8,16,40,9,41,41,5,14,10,18,28,10,30,8,26,15,41,42,19,7,7,41,6,15,16,6,36,16,7,45,41,15,46,31,25,30,18,45,45,41,25,45,24,9,35,41,35,28,33,38,6,32,39,29,27,41,35,29,4
20,17,23,41,12,27,5,2,29,7,30,10,39,5,39,39,39,11,4,18,7,0,39,25,6,20,29,19,37,6,6,39,8,5,27,25,32,24,17,34,15,18,25,41,37,37,11,33,40,34,8,31,35,10,29,14,9,34,36,21,25,22,8,17,39,6,40,40,3,11,7,23,27,8,29,4,26,17,40,41,21,3,7,40,10,18,20,5,35,18,7,45,41,17,45,31,24,32,19,44,44,40,24,44,29,13,34,40,34,27,32,37,11,31,38,31,26,40,34,30,4
29,43,37,6,32,34,38,38,47,40,47,42,14,36,3,4,33,44,38,44,39,38,0,24,38,27,49,33,20,39,40,4,41,38,26,20,9,42,49,34,42,44,51,34,10,30,43,8,9,38,33,62,22,42,42,28,35,27,49,24,47,28,40,45,28,37,2,27,38,39,37,47,26,35,28,36,23,43,2,6,39,37,40,3,42,46,52,39,23,44,40,37,4,43,38,13,24,38,46,18,18,6,21,18,50,45,15,14,28,24,22,11,43,24,32,43,28,3,23,31,37
15,33,33,26,18,20,25,24,43,26,44,28,24,23,24,25,35,30,25,34,25,24,24,0,24,18,45,27,24,25,26,24,27,24,25,8,18,38,35,33,28,34,40,23,22,19,29,19,25,37,19,48,25,28,39,14,22,16,46,11,41,14,26,33,32,23,25,32,24,26,23,39,25,21,13,22,7,32,25,26,32,23,26,25,28,33,38,25,26,33,27,26,26,33,27,16,22,37,35,29,29,25,7,29,45,31,19,25,16,9,21,22,29,24,34,41,27,25,17,30,23
21,15,21,41,12,28,5,5,27,7,28,8,40,9,40,40,40,11,6,16,2,6,39,26,0,20,26,19,37,6,6,40,6,5,28,26,33,22,15,32,17,16,23,42,37,38,8,34,40,32,9,27,36,7,27,15,10,35,34,21,21,22,8,15,39,9,40,40,5,14,9,20,28,10,30,8,26,15,40,42,19,6,7,41,7,16,17,6,36,16,7,45,41,15,46,31,25,30,17,45,44,41,25,44,26,11,35,41,35,28,33,38,7,32,39,29,27,41,35,28,4
16,24,18,29,14,23,20,20,29,22,30,23,30,18,28,28,25,26,20,25,21,20,27,18,20,0,30,12,19,21,22,28,23,20,13,16,21,24,31,21,24,26,32,33,25,29,25,22,28,25,15,43,20,24,24,10,17,26,31,10,28,17,22,26,24,19,28,26,20,21,19,28,13,17,23,18,17,24,28,30,19,19,22,29,24,27,34,21,20,26,22,36,29,24,37,17,8,23,27,31,31,29,16,31,31,27,19,28,26,19,15,26,25,17,24,26,12,29,25,16,19
42,17,15,51,32,49,29,29,7,30,11,22,55,28,49,50,35,32,30,18,25,30,49,46,26,30,0,22,37,28,30,49,27,28,27,43,43,10,28,25,39,18,25,60,46,56,27,44,50,24,30,26,35,24,17,36,31,53,12,38,9,43,31,19,37,31,50,38,28,36,31,12,27,31,50,29,44,17,50,51,17,30,31,50,25,16,31,28,35,18,31,63,51,17,64,39,26,22,20,51,51,50,43,51,3,29,39,48,53,46,33,47,21,31,34,18,24,51,51,23,27
23,14,10,35,15,30,20,19,20,22,21,15,38,16,33,33,24,25,20,16,19,19,33,28,19,12,22,0,22,21,21,33,20,20,12,25,26,15,26,17,25,16,23,42,30,38,24,27,34,21,15,35,20,21,18,17,17,35,26,19,20,24,22,17,23,19,34,24,20,22,18,19,12,17,32,17,26,15,34,35,8,19,22,34,22,18,29,20,20,15,22,45,34,15,46,22,9,19,18,35,35,34,25,35,23,26,23,32,35,28,18,31,19,16,23,20,9,34,33,13,18
29,31,26,22,31,34,38,37,36,40,34,35,30,35,21,21,17,43,38,33,38,37,20,24,37,19,38,23,0,39,39,21,40,38,13,20,13,31,46,19,41,33,40,39,13,35,42,14,21,23,32,55,5,41,28,27,34,32,36,24,36,28,39,33,12,36,21,12,37,38,36,35,13,34,28,35,23,32,21,23,28,36,40,22,41,35,49,38,8,33,40,42,22,31,43,11,14,24,35,19,19,22,21,19,38,45,7,16,32,24,8,16,39,9,16,29,15,22,29,17,36
21,17,23,42,13,29,4,5,29,7,30,10,41,10,41,41,41,8,6,18,6,6,40,27,5,21,28,20,38,0,6,41,8,5,29,27,34,24,15,33,17,18,24,43,38,39,8,35,41,34,9,30,37,8,28,16,11,36,36,22,23,23,7,17,40,9,41,41,4,14,9,22,29,10,30,8,27,17,41,43,21,6,6,41,7,18,19,1,37,18,6,46,42,17,47,32,25,31,19,46,45,42,26,45,28,11,36,42,36,29,34,38,10,32,40,30,27,42,35,30,3
22,18,24,43,14,30,5,5,30,2,31,11,42,9,42,42,42,8,4,19,7,7,41,28,6,22,30,21,39,7,0,42,9,3,30,28,35,25,18,34,14,19,25,44,39,40,12,36,42,35,10,32,38,11,29,17,10,37,37,23,25,24,4,18,41,6,42,42,5,11,7,24,30,8,31,6,28,18,42,44,22,6,2,42,11,19,21,6,38,19,4,47,43,18,48,33,26,32,20,47,46,43,27,46,30,14,37,43,37,30,35,40,12,33,41,31,29,43,37,31,4
29,43,38,4,32,34,39,38,48,41,48,43,16,37,1,1,34,45,39,45,40,38,4,25,39,28,50,33,21,40,40,0,41,39,26,21,10,43,50,34,43,45,52,36,11,33,44,10,6,39,34,63,23,43,42,29,36,30,50,25,48,28,41,45,29,38,3,28,39,40,37,47,27,36,29,36,24,44,3,4,39,38,41,3,42,47,53,40,24,45,41,40,4,43,41,14,25,38,47,18,16,4,21,16,50,46,16,15,31,25,23,12,44,25,33,44,29,2,25,32,37
23,16,21,43,15,30,7,7,28,9,29,9,42,10,42,42,42,13,8,17,4,8,41,28,6,22,28,19,40,8,9,42,0,7,30,28,35,23,16,32,19,17,23,44,39,40,10,36,42,32,11,29,38,9,27,17,12,37,35,23,23,24,10,16,41,11,42,43,7,16,11,21,30,12,32,10,28,15,42,44,19,8,9,43,9,16,19,8,38,16,9,47,43,16,48,33,27,30,18,47,47,43,27,47,27,12,37,43,37,30,35,40,9,34,41,29,28,43,37,29,6
21,16,22,42,12,28,4,4,29,3,30,10,41,7,40,41,41,6,2,18,6,5,40,27,5,21,29,20,38,5,2,40,8,0,29,26,34,24,17,33,13,17,24,42,38,39,10,35,41,33,8,30,36,9,28,16,9,36,35,22,24,23,4,17,40,5,41,41,3,10,5,22,29,7,30,4,27,16,41,42,20,5,3,41,9,17,19,5,37,17,3,46,42,16,47,32,25,31,19,45,45,41,25,45,28,13,36,41,36,29,33,38,10,32,40,30,27,42,35,30,3
28,22,16,30,23,35,31,30,25,33,23,27,34,27,28,28,13,36,30,23,31,30,27,26,30,15,28,14,14,32,32,28,31,31,0,23,21,21,38,8,34,23,30,41,23,37,35,22,28,13,25,46,11,32,18,22,26,34,25,23,26,30,32,24,12,29,29,13,30,31,28,25,6,27,31,28,25,22,29,30,18,29,33,29,33,25,41,31,12,23,33,45,29,22,45,17,9,13,25,28,28,29,23,28,28,38,16,25,34,27,10,26,30,7,12,18,5,29,31,6,29
15,33,31,22,18,21,25,25,41,27,42,29,19,23,21,21,31,31,25,34,26,25,20,10,25,16,43,25,20,26,27,21,28,25,21,0,14,36,36,29,29,34,41,20,18,16,30,15,21,34,20,49,22,29,37,15,22,13,44,11,41,15,27,34,28,24,21,29,25,26,24,40,22,22,14,23,5,33,21,23,32,24,27,21,29,34,39,26,22,34,27,23,22,33,24,12,20,33,36,26,25,22,2,25,44,32,16,22,13,6,17,19,30,21,30,39,23,22,11,26,24
23,37,31,12,26,28,33,32,42,34,41,36,19,30,11,11,26,38,32,38,33,32,9,18,32,21,43,27,13,33,34,11,35,32,20,14,0,37,43,28,36,38,45,33,7,29,37,5,10,32,27,56,16,36,35,22,30,26,43,18,41,22,34,39,22,31,11,21,32,34,31,41,20,29,22,30,17,37,11,13,33,31,34,11,36,40,46,33,17,38,34,36,11,37,37,7,18,31,40,15,15,11,15,15,44,39,8,11,26,18,16,8,37,17,25,37,22,11,22,25,31
35,10,8,44,25,42,24,24,9,25,9,19,48,22,43,43,28,29,25,11,22,25,42,39,22,23,10,15,30,24,25,43,23,23,20,36,36,0,26,18,34,11,18,53,39,49,25,37,43,17,23,29,28,22,10,30,25,46,15,31,8,37,26,12,30,25,43,31,23,31,26,7,20,24,43,24,37,10,43,44,10,25,25,43,23,12,29,24,28,11,26,56,44,10,57,32,19,15,13,45,45,43,36,45,11,27,32,41,46,39,26,40,19,24,27,11,17,44,44,16,22
32,22,28,52,23,39,16,17,29,18,30,14,51,19,51,51,48,19,18,23,13,17,50,37,15,31,28,26,46,15,18,51,16,16,37,37,44,26,0,39,28,23,28,53,48,49,11,45,51,39,19,28,44,10,33,26,21,46,36,32,23,33,19,21,48,20,51,49,16,25,21,21,37,20,41,19,37,22,51,53,26,18,18,51,9,18,10,14,45,23,18,56,52,22,57,42,33,37,24,56,55,52,36,55,28,10,46,52,46,39,42,49,9,40,47,34,34,52,46,35,15
33,20,16,37,28,40,33,32,23,35,21,28,41,28,35,35,11,38,33,21,32,32,35,34,31,20,26,17,19,34,34,35,33,33,8,30,28,20,39,0,38,21,28,48,28,44,37,28,36,5,28,44,15,34,15,27,30,41,21,29,24,35,34,22,12,32,36,13,32,35,31,24,13,30,38,30,33,20,36,37,18,32,35,36,35,23,42,33,13,21,35,52,36,20,52,24,15,6,23,34,34,36,30,34,27,39,23,31,42,34,15,31,32,12,10,12,10,36,38,6,31
18,26,31,45,14,24,15,13,38,14,39,19,44,14,43,43,44,18,12,27,17,14,43,30,16,23,39,25,40,16,13,43,19,13,32,29,37,33,28,38,0,27,33,45,41,42,22,38,44,42,13,41,39,21,38,15,14,39,45,25,34,21,12,26,43,10,44,44,14,5,10,32,32,13,33,11,30,26,44,45,28,13,14,44,20,27,31,16,40,27,14,49,45,26,50,35,28,40,28,48,48,44,28,48,39,24,38,44,39,31,36,41,21,35,43,40,30,44,38,34,14
28,2,9,45,20,35,16,16,15,18,16,11,47,15,44,44,30,22,17,4,16,17,43,33,15,25,17,15,32,17,17,44,16,16,21,33,37,10,22,20,26,0,11,49,40,45,20,38,44,20,16,26,29,17,15,22,17,42,22,29,14,30,19,4,31,18,44,32,16,23,18,13,21,17,37,16,33,1,44,46,9,17,18,44,18,6,25,17,30,2,18,52,45,3,53,33,20,18,6,46,46,45,32,46,18,22,33,43,42,35,27,42,15,25,29,17,18,45,42,18,15
36,12,17,53,28,43,25,25,23,26,24,20,56,23,52,52,38,30,26,10,24,26,51,42,23,33,25,23,40,25,26,52,24,24,29,41,45,18,28,28,35,13,0,57,48,54,27,46,52,28,24,31,37,24,23,31,26,51,30,37,19,38,27,10,39,26,52,40,24,32,27,17,29,25,45,24,42,11,52,54,17,26,26,52,24,10,31,25,37,13,26,61,53,10,62,41,28,26,11,54,54,53,40,54,26,29,41,51,51,44,35,49,21,33,37,25,26,53,50,25,23
31,49,48,37,34,36,41,40,58,43,59,44,23,39,36,36,50,46,41,50,41,40,34,24,41,33,60,42,39,42,42,36,43,41,40,20,32,53,52,47,44,50,56,0,37,13,46,31,39,52,36,65,40,45,53,31,38,9,61,26,57,30,42,49,47,40,35,47,41,42,39,56,40,38,30,38,18,49,35,37,48,40,43,35,44,50,55,41,40,50,43,5,35,49,7,30,36,51,51,44,44,38,19,44,60,48,34,40,11,16,36,37,45,39,49,55,42,35,12,45,39
27,40,34,13,30,32,37,36,44,39,43,40,20,35,11,11,26,42,37,41,37,36,11,22,36,25,46,30,13,38,38,11,39,37,21,19,7,39,48,28,40,41,48,37,0,33,42,8,12,31,32,60,14,41,37,27,34,30,44,23,44,26,38,42,20,36,12,20,36,38,35,44,22,34,27,34,21,40,12,13,36,36,39,12,40,43,50,37,16,41,39,41,12,40,41,11,21,33,43,11,11,12,19,11,47,44,8,8,30,23,17,7,41,19,25,39,23,12,26,27,35
27,45,44,34,30,33,37,37,54,39,55,41,20,35,33,33,46,43,37,46,38,37,30,20,37,29,56,38,35,38,38,33,39,37,36,16,29,49,48,44,41,46,53,13,33,0,42,27,35,48,32,61,36,41,49,27,34,6,57,22,54,27,39,45,43,36,31,43,37,38,36,52,36,34,26,34,14,45,31,33,44,36,39,32,41,46,51,38,37,46,39,13,31,45,11,27,32,47,47,40,40,34,15,40,56,44,30,36,5,12,32,33,42,35,45,52,38,32,8,41,36
25,20,26,46,17,32,10,11,28,12,29,12,45,15,45,45,45,12,11,21,7,11,44,31,8,25,26,23,42,8,12,45,10,10,33,30,38,24,11,36,22,21,26,47,42,43,0,39,45,37,13,28,40,5,31,20,15,40,35,26,22,27,13,19,44,14,45,45,10,19,14,20,33,14,34,13,31,20,45,47,24,11,12,45,5,17,16,8,41,21,11,50,46,20,51,36,29,35,22,50,49,46,30,49,26,3,40,46,40,33,38,42,8,36,44,33,31,46,39,33,9
24,38,32,11,27,29,33,33,42,35,42,37,17,31,10,10,27,39,33,39,34,33,8,19,33,22,44,28,14,34,35,10,36,33,20,15,5,37,44,28,37,39,46,31,7,27,38,0,9,32,28,57,17,37,36,23,30,24,44,19,42,23,35,40,23,32,9,22,33,34,32,42,21,30,23,31,18,38,9,12,34,32,35,9,37,41,47,34,18,39,35,34,10,38,35,8,19,32,41,15,14,11,16,14,45,40,9,11,25,19,17,7,38,18,26,38,23,9,20,26,32
29,43,37,8,32,34,39,38,48,41,48,42,19,37,7,7,33,44,39,44,39,38,9,24,38,27,49,33,20,40,40,7,41,38,26,20,10,43,50,34,42,45,51,38,11,34,43,8,0,39,33,62,22,42,42,29,36,31,49,24,47,28,40,45,28,38,9,27,38,40,37,47,27,36,29,36,23,43,9,9,39,37,41,7,42,46,52,39,24,45,41,42,10,43,42,13,25,38,46,18,18,8,21,18,50,46,15,14,32,25,22,11,43,24,32,44,28,8,27,31,37
37,20,18,41,32,44,33,34,21,35,19,29,46,32,39,39,14,39,34,21,33,34,38,38,32,25,25,21,23,34,35,39,33,33,13,34,32,19,40,5,42,21,28,53,32,49,37,32,40,0,31,43,19,34,13,32,33,46,19,33,23,39,36,21,16,35,40,17,33,39,35,23,17,33,43,33,37,20,40,41,20,35,35,40,35,23,42,34,17,21,35,56,40,20,57,29,20,4,23,37,37,40,35,37,26,39,27,34,46,39,20,35,32,16,13,10,14,40,43,9,32
15,17,20,36,6,22,9,8,29,10,30,12,35,6,35,35,34,13,7,18,9,8,34,21,8,15,30,14,32,9,9,35,11,8,23,20,28,24,19,29,13,17,24,37,32,33,13,29,35,33,0,32,30,12,28,10,4,30,35,16,25,17,9,17,34,6,35,35,8,10,5,23,23,4,24,6,21,16,35,37,17,7,10,35,12,17,22,9,31,17,10,40,36,17,41,26,19,31,19,39,39,36,20,39,29,15,30,36,30,23,27,32,13,26,33,30,21,36,29,25,7
44,27,32,65,36,51,30,31,29,32,32,24,63,30,63,63,53,34,31,26,26,31,62,49,28,43,26,35,53,30,32,63,29,30,43,49,56,29,28,43,42,27,30,65,61,61,29,57,64,43,32,0,51,26,35,38,33,58,34,44,23,45,33,24,54,33,64,55,30,38,33,24,43,33,53,31,49,26,64,65,31,32,32,64,27,21,31,30,51,27,32,68,64,26,69,54,42,41,27,67,67,64,48,67,26,31,55,64,58,51,49,61,23,47,52,37,40,64,58,40,29
30,29,23,24,29,35,37,36,33,38,31,33,31,33,23,23,13,42,36,30,37,36,21,25,36,19,35,21,5,37,38,23,38,36,10,21,16,29,44,15,39,30,37,40,14,36,41,17,23,19,30,53,0,39,26,27,32,33,33,24,33,29,37,31,10,34,23,9,36,36,34,33,10,32,29,34,24,29,23,25,25,35,38,23,40,32,47,37,4,30,38,43,23,29,44,13,13,20,32,20,20,24,22,20,36,43,10,17,33,25,6,17,36,6,12,26,12,23,30,15,35
24,17,23,45,16,31,9,10,24,11,25,9,44,13,44,44,43,11,10,18,6,10,43,30,7,24,22,20,41,7,11,44,9,9,31,29,37,20,10,33,21,18,22,46,41,42,5,38,44,34,12,24,39,0,27,19,14,39,31,25,18,26,12,15,43,13,44,44,9,18,13,16,31,13,33,12,30,17,44,46,21,10,11,44,2,13,13,7,39,18,10,49,45,17,50,35,28,31,19,49,48,45,29,48,22,6,39,45,39,32,36,41,4,35,42,29,29,45,38,30,8
36,14,13,43,29,44,28,29,11,30,9,24,48,27,42,42,24,34,29,16,28,29,41,40,27,24,17,19,28,29,30,42,28,28,17,36,35,11,33,15,39,16,23,53,37,50,32,36,42,13,28,35,26,28,0,31,30,47,11,32,15,38,31,16,26,30,42,27,28,35,30,14,18,29,44,28,38,15,42,44,14,29,30,43,29,18,36,29,26,16,30,57,43,14,58,31,19,11,18,42,42,43,36,42,17,34,30,39,47,40,24,40,26,22,23,7,14,43,45,13,27
9,23,25,32,8,18,15,14,35,17,36,18,31,13,30,30,32,20,15,24,15,14,30,17,14,10,36,18,27,16,16,30,17,14,21,16,24,30,26,27,15,24,30,32,28,28,19,24,31,32,9,38,28,18,31,0,12,25,38,12,31,13,16,23,32,14,31,33,14,15,13,29,21,12,20,12,17,23,31,32,22,13,17,31,18,24,28,15,28,24,17,36,32,23,36,22,16,30,25,35,35,31,15,35,36,22,25,31,26,18,22,28,19,24,32,33,19,31,25,23,13
16,17,21,37,6,23,9,8,29,10,30,12,36,7,35,36,35,14,8,18,9,8,35,22,8,16,30,16,33,10,10,35,11,9,23,21,29,24,20,30,13,18,24,37,33,34,14,30,36,34,3,33,31,13,29,11,0,31,36,17,25,18,9,17,34,6,36,36,8,10,6,24,23,4,25,6,22,17,36,37,19,8,10,36,12,18,22,9,31,18,10,41,37,17,42,27,20,32,19,40,40,36,20,40,30,16,31,36,31,24,28,33,13,27,34,31,22,37,30,26,7
24,42,41,31,27,30,34,34,51,36,52,38,17,32,30,30,43,40,34,43,35,34,27,17,34,26,53,35,32,35,35,30,36,34,33,13,26,46,45,41,38,43,50,9,30,6,39,24,32,45,29,58,33,38,47,24,31,0,54,19,51,24,36,43,40,33,28,40,34,35,33,49,33,31,23,31,11,42,28,30,41,33,36,29,38,43,48,35,34,43,36,12,28,42,14,24,29,45,44,37,37,31,12,37,53,41,27,33,4,9,29,30,39,32,42,49,35,29,5,38,33
44,22,20,51,37,51,36,36,9,37,8,31,55,34,49,49,30,40,37,23,33,37,49,47,34,32,12,26,36,36,37,49,35,35,25,44,42,15,37,21,46,23,30,61,44,57,36,43,50,19,35,35,33,32,11,38,37,54,0,40,16,46,38,24,31,37,50,33,35,43,38,18,26,36,52,36,45,22,50,51,22,37,38,50,33,22,39,36,33,23,38,64,51,22,65,39,26,17,25,50,50,50,44,50,13,37,37,47,54,47,31,47,30,29,29,12,22,50,53,21,34
11,29,26,26,15,16,21,21,37,23,38,25,25,19,25,25,33,27,21,31,22,21,24,12,21,10,38,20,23,22,23,25,24,21,21,11,18,32,32,29,25,30,37,27,22,23,26,19,25,33,16,45,24,25,32,11,18,20,39,0,36,10,23,30,30,20,25,31,21,22,20,36,20,18,16,19,11,29,25,26,26,20,23,25,25,30,35,22,25,30,23,30,26,29,31,16,15,31,32,29,29,25,10,29,39,28,20,25,20,13,19,22,26,22,32,34,20,26,20,24,20
37,15,13,49,29,44,24,24,8,26,11,18,53,24,48,48,33,28,25,15,20,25,47,42,21,28,9,20,35,24,25,48,23,24,25,41,41,8,24,23,35,16,19,58,44,54,23,42,48,22,25,23,33,19,15,31,27,51,16,36,0,39,27,12,35,26,48,36,24,32,27,5,25,26,46,24,42,15,48,49,15,25,26,48,20,9,26,23,33,16,26,61,49,14,62,37,24,20,15,50,50,48,41,50,10,25,37,46,51,44,31,45,17,29,32,16,22,49,49,21,22
6,29,31,32,15,7,21,21,42,23,43,25,30,19,30,30,39,27,21,31,22,21,29,16,21,18,43,25,29,22,23,30,24,21,28,16,23,37,32,34,21,30,37,32,27,28,26,24,30,39,16,45,31,25,38,11,18,25,45,11,38,0,23,30,37,20,31,38,21,21,20,36,28,18,14,19,16,29,31,32,29,20,23,31,25,30,35,22,31,30,23,35,31,29,36,21,23,37,32,35,35,31,15,35,42,28,25,31,25,18,27,28,26,30,38,40,26,31,25,30,20
21,18,24,43,12,29,6,5,31,4,32,12,42,8,41,42,42,8,3,20,8,7,41,28,7,22,31,21,39,7,3,41,10,4,30,27,35,26,19,35,12,19,26,43,39,40,12,36,42,35,9,32,37,11,30,17,9,37,37,23,26,24,0,19,41,5,42,42,5,9,4,24,30,7,31,5,28,18,42,43,22,6,4,42,11,19,21,7,38,19,5,47,43,18,48,33,26,33,21,46,46,42,26,46,30,15,37,42,37,30,34,39,12,33,41,32,28,43,36,32,5
29,5,11,47,21,36,17,18,17,19,18,13,49,16,45,45,32,23,19,5,17,19,45,35,16,26,19,17,33,18,19,45,17,17,23,34,39,12,21,21,28,6,10,50,42,47,20,40,46,22,17,24,31,17,16,24,19,44,24,30,12,31,20,0,32,19,46,34,17,25,20,10,23,18,38,17,35,5,46,47,11,19,19,46,18,3,24,18,31,6,19,54,47,4,55,35,22,19,5,47,47,46,33,47,19,22,35,44,44,37,29,43,14,27,31,18,19,46,43,19,16
36,30,24,31,32,41,39,39,33,41,31,36,38,36,29,30,10,45,39,31,40,39,28,31,39,24,36,23,13,40,41,29,40,39,12,28,22,29,47,12,42,31,38,46,21,42,44,23,29,16,33,54,9,41,26,31,35,39,32,30,34,35,40,32,0,37,29,4,39,39,37,33,14,35,36,37,31,30,29,31,26,38,41,30,42,33,49,40,7,31,41,50,30,30,50,19,18,17,33,27,27,30,28,27,37,46,18,24,39,32,12,24,39,10,9,23,14,30,36,14,38
18,18,24,40,10,26,7,5,31,7,31,12,39,6,39,39,38,10,4,19,9,7,38,25,9,19,31,18,36,9,6,39,11,5,27,24,32,26,20,33,10,19,26,41,36,37,14,33,39,35,6,33,34,13,30,14,6,34,37,20,26,21,5,19,38,0,39,39,6,7,1,25,27,4,28,3,25,18,39,41,21,5,7,39,13,19,23,9,35,19,7,44,40,18,45,30,23,33,21,43,43,40,24,43,31,16,34,40,34,27,31,36,14,30,38,32,25,40,33,29,7
30,44,38,5,33,35,40,39,49,41,48,43,15,38,3,3,34,45,39,45,40,39,2,25,39,28,50,34,21,40,41,3,42,39,27,21,10,44,50,35,43,45,52,35,12,31,44,9,8,39,34,63,23,43,43,29,37,28,50,25,48,29,41,46,29,38,0,28,39,41,38,48,27,36,29,37,24,44,2,5,40,38,41,4,43,47,53,40,25,45,42,38,3,44,39,14,25,39,47,19,18,5,22,18,51,46,16,15,29,25,23,12,44,25,33,45,29,2,24,32,38
37,31,25,29,33,42,41,40,34,42,33,37,36,37,28,28,11,46,40,32,41,40,27,32,40,25,37,24,12,41,42,28,42,40,13,28,21,31,48,13,43,33,39,47,19,43,45,22,28,17,34,55,9,43,27,32,36,40,33,31,35,36,42,33,3,38,28,0,40,40,38,35,16,36,37,38,31,31,28,30,28,39,42,28,44,34,51,41,8,32,43,50,29,31,51,20,19,18,34,25,25,29,29,25,38,47,16,22,40,33,13,22,41,12,10,24,16,28,37,15,39
20,16,21,41,12,27,3,1,28,5,29,9,40,6,40,40,40,8,3,17,5,3,39,26,4,20,28,19,37,4,4,40,7,3,28,25,33,23,16,32,14,17,23,42,37,38,10,34,40,32,8,29,35,9,27,15,10,35,34,21,23,22,5,16,39,6,40,40,0,11,6,21,28,8,29,4,26,15,40,42,19,2,5,40,8,16,19,4,36,16,5,45,41,16,46,31,24,30,18,44,44,40,25,44,28,12,35,41,35,28,32,37,9,31,39,29,26,41,34,29,2
18,23,28,42,11,24,12,10,35,11,36,16,41,11,41,41,41,15,9,24,14,11,40,27,13,21,36,22,38,13,10,41,16,10,29,27,34,30,25,35,5,24,30,43,38,39,19,35,41,39,10,38,36,18,35,15,11,36,42,22,31,21,9,23,40,7,41,41,11,0,7,29,29,10,30,8,27,23,41,43,25,10,11,41,17,24,28,13,37,24,11,46,42,23,47,32,25,37,25,46,45,42,26,45,35,21,36,42,36,29,34,38,18,32,40,37,27,42,35,31,11
18,18,24,40,9,26,7,5,31,7,32,12,39,6,38,38,38,10,4,20,10,7,38,25,9,19,31,18,36,9,6,38,11,5,26,24,32,26,20,33,10,19,26,40,36,37,14,33,39,35,5,34,34,13,30,14,6,34,37,20,26,21,4,19,37,1,39,39,6,7,0,25,26,4,28,3,25,18,39,40,21,5,7,39,13,19,23,9,34,19,7,44,40,18,45,30,23,33,21,43,43,39,23,43,31,16,33,39,34,26,31,36,14,30,37,32,25,39,33,29,7
35,13,12,48,27,42,22,22,10,24,12,15,52,21,47,47,33,25,23,13,18,23,46,40,19,28,11,19,35,21,23,47,21,21,24,40,40,7,21,23,32,14,17,56,43,52,21,41,47,21,23,24,32,17,14,29,24,49,17,35,4,36,24,10,34,24,47,35,21,29,24,0,24,24,44,22,40,12,47,49,14,23,24,47,18,7,24,21,32,14,24,59,48,12,60,36,23,19,13,49,49,48,39,49,12,22,36,46,49,42,30,45,14,28,32,15,21,48,49,21,20
26,21,15,28,22,33,29,28,26,31,24,26,32,26,27,27,16,34,29,22,29,28,26,25,29,13,27,12,13,30,30,27,30,29,4,21,20,20,36,12,32,22,29,40,21,36,34,20,27,16,23,45,10,31,19,21,25,33,26,20,25,28,30,23,15,27,27,16,29,29,27,25,0,25,30,26,24,21,27,29,17,28,31,27,32,24,39,29,11,22,31,43,28,21,44,16,7,16,24,27,27,28,22,27,28,36,15,24,33,26,9,24,29,6,15,21,5,28,30,9,27
17,17,21,38,7,24,9,7,29,8,30,12,36,7,36,36,36,12,6,18,9,8,35,22,8,17,30,16,34,10,8,36,11,7,24,22,29,24,20,30,13,18,24,38,34,34,13,30,37,34,3,32,32,12,28,11,3,31,36,17,25,18,8,17,35,4,37,36,8,10,4,23,24,0,26,5,22,17,37,38,19,7,8,37,12,18,22,9,32,18,9,41,37,17,42,27,20,32,19,41,41,37,21,41,30,15,31,37,31,24,29,34,13,27,35,30,23,37,31,26,7
19,37,39,31,23,14,29,29,49,31,50,33,29,27,29,29,40,35,29,39,30,29,29,15,29,23,50,32,29,30,31,29,32,29,30,15,22,44,40,37,33,38,45,31,27,27,34,23,30,42,24,53,30,33,44,19,26,24,52,15,46,15,31,38,37,28,30,37,29,30,28,44,30,26,0,27,15,37,30,31,37,28,31,30,33,38,43,30,30,38,31,34,31,37,35,21,27,41,40,34,34,30,14,34,50,36,24,30,24,17,26,27,34,29,39,46,32,30,24,35,28
18,16,22,39,10,25,6,3,28,6,29,9,38,3,37,37,37,9,3,17,8,4,37,24,8,18,29,17,35,8,5,37,10,4,26,23,30,23,19,32,11,17,23,39,35,35,13,31,38,33,6,31,33,12,28,12,6,32,35,19,24,20,5,16,37,2,38,38,4,8,3,22,25,4,27,0,24,16,38,39,19,3,6,38,12,17,22,8,33,17,6,43,39,16,43,29,22,31,18,42,42,38,22,42,28,15,32,38,32,25,30,35,12,29,36,30,24,38,32,28,6
16,34,32,26,19,21,26,25,43,27,43,29,20,24,24,24,35,31,25,35,26,25,23,9,25,18,44,26,24,26,27,24,28,25,24,5,17,38,36,32,29,34,41,18,22,14,30,18,25,37,20,49,25,29,38,15,23,11,45,11,42,15,27,34,31,24,25,32,25,27,24,40,25,22,15,23,0,33,25,26,33,24,27,25,29,34,39,26,25,34,28,21,25,34,22,15,21,36,36,29,29,25,4,29,45,32,19,25,11,4,21,22,30,24,34,40,26,25,12,30,24
29,2,10,46,21,36,17,18,17,19,17,12,49,16,45,45,31,23,18,5,17,18,44,35,16,26,18,15,33,18,19,45,17,17,22,34,38,12,23,21,27,2,12,50,41,46,21,39,45,21,17,27,30,18,16,24,19,43,23,30,16,31,20,5,32,19,45,33,17,24,19,14,22,18,38,17,35,0,45,47,9,18,19,46,19,7,26,18,31,2,19,54,46,4,54,34,21,19,7,47,47,46,33,47,19,23,34,44,43,36,28,43,16,26,30,18,19,46,43,19,16
30,44,38,7,33,35,39,39,48,41,48,43,15,37,4,5,34,45,39,45,40,39,2,25,39,28,50,34,21,40,41,5,42,39,27,21,10,43,50,35,43,45,52,35,11,31,44,9,8,39,34,63,23,43,43,29,36,28,50,25,48,29,41,46,29,38,3,28,39,40,38,47,27,36,29,37,24,44,0,7,40,38,41,2,43,47,53,40,24,45,41,38,5,44,39,14,25,39,47,19,18,7,21,18,51,46,16,15,29,25,23,12,44,25,33,44,29,4,24,32,38
31,45,40,1,34,36,41,40,50,43,50,44,17,39,4,4,36,46,41,46,41,40,6,26,41,29,52,35,23,42,42,4,43,41,28,23,12,45,52,36,44,47,54,37,13,33,46,12,8,41,36,65,25,45,44,31,38,30,51,27,50,30,42,47,31,40,5,30,40,42,39,49,29,38,31,38,26,46,6,0,41,40,43,6,44,49,55,41,26,47,43,41,5,45,41,16,27,40,48,18,16,3,23,16,52,48,18,17,31,27,25,14,45,27,35,46,30,4,26,34,39
29,9,3,40,19,36,23,23,15,24,16,18,44,19,38,38,26,28,23,10,22,23,38,34,21,19,17,8,26,23,24,38,22,22,16,31,31,10,29,18,29,10,17,48,34,44,26,32,39,20,18,33,24,23,15,23,21,41,22,27,15,30,25,11,27,22,39,28,22,26,22,14,16,20,38,21,33,9,39,40,0,22,24,39,24,12,32,23,24,10,25,52,40,9,52,27,14,18,12,40,40,39,31,40,17,29,28,37,42,34,22,36,21,20,25,17,13,39,40,13,21
19,17,23,40,11,26,4,1,30,6,30,10,39,5,39,39,39,10,3,18,7,3,38,25,6,19,29,18,36,6,6,39,8,4,27,24,32,24,17,33,13,18,25,41,36,37,11,33,39,34,7,31,34,10,29,14,9,34,36,20,25,21,6,18,38,5,39,39,2,10,5,23,27,6,28,3,25,17,39,41,20,0,6,39,10,18,20,6,35,18,6,44,40,17,45,30,23,32,19,43,43,39,24,43,29,13,34,40,34,27,31,36,11,30,38,31,25,40,33,29,4
22,17,23,43,13,29,5,5,30,2,31,11,42,8,41,41,42,7,3,19,7,7,41,28,6,22,30,21,39,6,2,41,9,3,30,27,35,25,18,34,14,18,25,43,39,40,11,36,42,34,9,31,37,10,29,17,10,37,36,23,25,24,4,18,41,6,42,42,4,11,6,23,30,8,31,5,28,17,42,43,21,6,0,42,10,18,20,6,38,18,3,47,43,17,48,33,26,32,20,46,46,42,26,46,29,14,36,42,37,29,34,39,11,33,41,31,28,42,36,31,4
30,44,38,5,33,35,40,39,49,41,49,43,15,38,2,3,34,45,40,45,40,39,3,25,39,28,50,34,21,40,41,3,42,39,27,21,11,44,50,35,43,45,52,35,12,32,44,9,7,39,34,63,23,43,43,29,37,29,50,25,48,29,41,46,29,38,4,28,39,41,38,48,27,36,29,37,24,44,3,6,40,38,41,0,43,47,53,40,25,45,42,39,6,44,40,14,25,39,47,18,17,5,22,17,51,46,16,15,30,25,23,12,44,25,33,45,29,3,24,32,38
24,18,23,45,16,31,9,9,24,11,26,10,44,13,43,43,43,11,10,19,6,10,43,30,7,24,23,21,41,7,10,43,9,9,32,29,37,21,9,34,21,18,23,45,41,41,5,37,44,34,12,25,39,2,28,19,13,38,31,25,18,26,11,16,43,13,44,44,8,18,13,17,32,13,33,12,30,17,44,45,21,10,10,44,0,13,14,7,39,18,10,49,45,18,49,35,28,32,20,48,48,44,28,48,23,6,38,44,39,31,36,41,5,35,42,29,30,44,38,31,7
30,6,12,48,22,37,18,19,15,20,16,12,50,17,47,47,33,22,20,6,14,19,46,36,16,28,16,18,35,18,20,47,17,18,24,35,40,12,18,23,29,7,10,51,43,48,17,41,47,23,18,21,32,14,18,25,20,45,22,31,9,32,21,3,34,20,47,35,18,25,21,7,24,19,39,18,36,6,47,49,12,20,20,47,15,0,21,18,32,7,20,55,48,5,56,36,23,21,7,49,49,48,34,49,17,19,36,46,45,37,30,45,11,28,32,20,21,48,44,21,17
34,25,31,55,26,41,19,19,32,21,33,17,54,22,54,54,51,23,20,26,16,20,53,40,17,34,31,29,49,19,20,54,19,19,40,39,47,28,10,41,31,26,30,56,51,52,16,48,54,42,22,31,47,13,35,29,24,49,39,35,26,36,22,24,51,23,54,52,19,28,23,24,40,23,43,22,40,25,54,56,29,20,21,54,14,21,0,18,47,26,21,59,55,25,60,45,36,40,27,58,58,54,39,58,30,16,49,55,49,42,45,51,12,43,50,37,37,55,48,38,18
21,16,22,42,13,28,3,5,29,6,30,10,41,9,40,40,40,8,6,18,6,5,40,27,5,21,28,20,38,1,6,40,8,4,29,26,34,24,14,33,16,17,24,42,38,39,8,34,41,33,9,29,36,7,28,16,11,36,35,22,23,23,7,17,40,8,41,41,4,13,9,21,29,10,30,7,27,16,41,42,20,6,6,41,7,17,18,0,37,17,6,46,42,16,47,32,25,31,19,45,45,41,25,45,27,10,35,41,36,28,33,38,9,32,40,30,27,41,35,29,3
30,29,23,26,29,36,37,36,33,39,31,34,33,34,24,24,11,42,36,30,37,36,23,26,37,20,35,21,8,38,38,24,38,37,10,22,17,29,45,13,40,31,37,40,16,37,42,17,24,17,31,53,4,39,25,28,33,34,33,25,33,30,38,31,8,35,24,8,37,37,35,33,11,33,30,34,25,30,24,26,25,36,39,25,40,32,47,37,0,31,39,44,25,29,45,14,14,18,32,22,22,25,22,22,36,44,12,19,34,26,6,19,37,7,10,24,13,25,30,13,35
29,3,10,46,21,36,17,17,17,19,17,12,49,16,45,45,31,23,18,5,17,18,44,35,16,26,18,16,33,18,19,45,17,17,22,34,38,12,23,21,27,2,12,50,41,46,21,39,45,21,17,27,30,18,16,23,19,43,23,30,16,31,20,5,32,19,45,33,17,24,19,14,22,18,38,17,35,2,45,47,10,18,19,46,19,7,26,18,31,0,19,54,46,4,54,34,21,19,7,47,47,46,33,47,19,23,34,44,43,36,28,43,16,26,30,18,19,46,43,19,16
23,18,24,43,14,30,5,5,30,4,31,11,42,9,42,42,42,6,4,19,7,7,41,28,6,22,30,22,40,6,4,42,9,4,30,28,35,25,18,34,15,19,25,44,39,40,11,36,42,35,10,32,38,10,30,17,10,37,37,23,25,24,5,18,41,6,42,43,5,12,7,24,30,8,32,6,28,18,42,44,22,6,3,43,10,19,21,6,38,19,0,47,43,18,48,33,27,33,20,47,46,43,27,47,30,13,37,43,37,30,35,40,12,34,41,32,29,43,37,31,5
35,53,51,41,38,40,45,44,62,46,63,48,27,43,40,40,53,50,45,54,45,44,37,28,44,37,63,46,42,45,46,40,47,44,43,23,36,57,56,51,48,54,60,5,40,14,49,34,42,56,39,68,44,48,57,35,42,12,64,30,61,34,46,53,50,43,39,51,44,46,43,59,44,41,34,42,21,52,39,41,52,43,47,39,48,53,58,45,44,54,47,0,38,53,5,34,40,55,55,48,47,42,23,47,64,51,38,44,14,20,39,41,49,43,52,59,45,39,16,48,43
30,45,39,5,33,36,40,40,49,42,49,44,15,38,4,3,35,46,40,46,41,40,4,26,40,29,51,35,22,41,42,4,43,40,28,22,11,44,51,36,44,46,53,35,12,31,45,10,9,40,35,64,24,44,44,30,37,28,51,26,49,30,42,47,30,39,3,29,40,41,39,48,28,37,30,38,25,45,4,5,41,39,42,5,44,48,54,41,25,46,42,38,0,45,39,15,26,39,48,20,19,5,22,19,52,47,16,16,29,26,24,13,45,26,34,45,30,3,24,33,39
29,4,9,45,21,36,17,17,15,19,16,12,48,15,43,43,30,23,18,2,17,18,43,34,16,24,17,15,31,18,18,43,17,17,21,34,37,10,23,19,27,5,10,50,40,46,21,37,44,19,17,26,29,18,14,23,18,43,22,30,14,30,20,4,30,19,44,32,17,24,19,12,21,18,38,17,34,4,44,45,9,18,19,44,19,5,26,18,29,5,19,53,45,0,54,33,20,17,4,45,45,44,33,45,17,23,33,42,43,36,27,41,16,25,29,16,17,44,43,17,15
35,53,52,42,38,41,45,45,62,47,63,49,28,43,41,41,54,51,45,54,46,45,38,28,45,37,64,46,43,46,46,41,47,45,44,24,37,57,56,52,49,54,61,7,41,11,50,35,43,56,40,69,44,49,57,35,42,14,65,30,62,35,47,53,51,44,39,51,45,46,44,60,44,42,34,42,22,53,39,41,52,44,47,40,49,54,59,46,45,54,47,5,39,53,0,35,40,55,55,48,48,42,23,48,64,52,38,44,13,20,40,41,50,43,53,60,46,40,16,49,44
21,33,27,15,24,26,31,30,37,33,37,34,23,29,14,14,23,36,31,34,31,30,13,16,31,17,39,23,11,32,32,14,33,31,16,13,7,32,42,24,34,34,41,31,11,27,36,8,14,28,26,55,14,35,32,21,28,24,39,17,37,20,32,35,20,30,14,20,31,32,29,37,16,28,21,28,16,33,14,16,29,30,33,14,34,36,45,31,14,34,33,35,15,33,35,0,14,28,36,18,18,15,13,18,40,38,7,15,24,17,12,12,35,14,22,34,18,15,21,21,29
22,20,14,26,18,29,25,25,24,27,25,22,31,22,25,25,20,31,25,21,26,25,24,23,25,8,26,10,14,26,27,25,26,25,8,19,18,19,33,16,28,21,28,36,21,33,30,19,25,20,19,42,14,28,19,16,21,30,26,16,24,23,26,21,18,23,26,20,25,25,23,23,6,21,27,23,21,20,25,27,16,24,27,26,28,23,36,26,14,21,27,40,26,20,41,14,0,18,23,27,27,26,19,27,26,32,14,24,30,22,9,23,25,10,19,21,7,26,28,11,24
35,18,16,40,30,42,31,32,18,33,16,27,44,30,38,38,16,37,33,19,31,32,37,36,30,23,23,19,23,32,33,38,31,31,12,33,31,16,38,6,40,19,26,51,33,47,35,32,39,4,29,41,20,32,11,30,32,44,17,31,21,37,34,19,17,33,39,18,31,37,33,21,15,31,41,31,36,18,39,40,18,33,33,39,33,21,40,32,18,19,33,55,39,18,55,27,18,0,21,38,38,39,33,38,24,37,26,35,44,37,19,36,30,16,15,8,13,39,41,7,30
31,7,12,48,23,38,19,20,18,21,19,15,51,18,47,47,33,25,21,4,19,20,46,37,18,27,20,18,35,20,21,47,19,19,24,36,40,13,25,23,30,8,11,52,43,49,23,41,47,23,19,27,32,20,18,26,21,46,25,32,16,33,22,5,34,21,47,35,19,26,22,14,24,20,40,19,37,6,47,49,12,21,21,47,21,7,28,20,32,7,21,56,48,4,57,36,23,21,0,49,49,48,35,49,20,25,36,46,46,38,30,44,18,28,32,20,21,48,45,20,18
34,46,40,17,37,39,44,43,50,46,49,47,27,42,17,17,32,49,44,47,44,43,18,29,43,31,52,36,18,45,45,17,46,44,27,26,15,45,55,34,47,47,54,44,11,40,49,15,19,37,39,67,20,48,43,34,41,37,50,30,50,33,45,48,26,43,19,25,43,45,42,49,28,41,34,41,28,46,19,18,42,43,46,18,47,49,57,44,22,47,46,48,20,46,48,18,27,39,49,0,3,16,26,4,53,51,14,5,37,30,23,10,48,25,31,44,29,19,33,32,42
34,46,40,16,37,39,44,43,50,46,49,47,27,42,16,16,32,49,44,47,44,43,18,29,43,31,52,36,18,45,45,16,46,44,27,25,15,45,55,34,47,47,54,44,11,40,48,15,18,37,39,67,20,47,43,34,41,37,50,29,50,33,45,48,26,43,18,25,43,45,42,49,28,41,34,41,28,46,18,16,42,42,46,17,47,49,57,44,22,47,46,47,19,46,48,18,27,39,49,3,0,15,26,1,52,51,14,5,37,30,23,10,48,25,31,44,29,17,33,32,42
30,44,39,2,33,35,40,39,49,42,49,43,18,38,4,4,35,45,40,45,40,39,6,25,40,28,51,34,22,41,41,4,42,40,27,22,11,44,51,35,43,46,53,38,12,34,45,11,7,40,35,64,24,44,43,30,37,31,50,26,49,29,41,46,30,39,5,29,39,41,38,48,28,37,30,37,25,45,6,3,40,39,42,6,43,48,54,40,25,46,42,41,5,44,42,15,26,39,47,16,15,0,22,15,51,47,17,16,32,26,24,13,44,26,34,45,29,4,27,33,38
15,32,31,23,18,20,24,24,41,26,42,28,19,22,21,21,32,30,24,34,25,24,21,9,24,16,43,25,21,25,26,21,27,24,22,2,14,36,35,29,28,33,40,20,19,16,29,15,22,34,19,48,22,28,37,14,21,13,44,10,41,14,26,33,29,23,22,29,24,25,23,39,22,21,13,22,4,32,22,23,32,23,26,22,28,33,38,25,22,33,26,23,22,32,24,12,20,33,35,26,26,22,0,26,44,31,16,22,13,5,18,19,29,21,31,39,24,22,11,27,23
34,46,41,16,37,39,44,43,51,45,49,47,27,42,16,16,32,49,44,47,44,43,17,29,43,32,53,37,19,44,45,16,46,43,28,25,15,46,54,34,47,48,55,44,11,40,48,14,18,38,38,67,21,47,44,33,41,37,51,29,51,33,45,48,27,42,18,26,43,45,42,50,28,40,33,41,28,47,17,16,42,42,45,16,47,50,57,44,22,48,46,47,18,46,48,18,28,39,49,4,2,15,26,0,53,50,15,5,37,29,24,10,48,25,31,45,30,17,33,33,42
41,18,16,52,33,48,28,29,8,30,12,22,56,28,50,50,36,32,30,19,24,30,50,47,26,31,3,23,38,28,30,50,27,28,28,43,44,11,28,26,39,19,26,60,47,57,27,44,51,25,29,26,36,24,17,36,31,54,13,39,10,43,31,19,37,31,51,39,28,36,31,13,28,30,50,29,45,18,51,52,18,30,30,51,25,17,31,28,36,19,30,64,52,17,65,39,26,23,21,52,52,51,43,52,0,29,40,49,54,46,34,48,21,32,35,19,24,51,52,24,27
25,21,27,46,17,32,10,10,29,12,30,14,45,15,45,45,45,14,11,22,9,11,44,31,9,25,28,24,42,10,11,45,12,10,33,30,38,26,10,37,22,22,27,46,42,43,3,39,45,38,13,29,40,6,32,20,15,40,36,26,23,27,13,21,44,14,45,45,10,19,14,21,33,14,34,13,31,21,45,46,25,11,12,45,6,18,16,10,41,22,12,50,46,21,51,36,29,36,23,49,49,45,30,49,27,0,40,45,40,33,37,42,9,36,44,34,31,46,39,34,9
24,33,27,18,27,29,34,34,38,36,36,36,24,32,16,16,21,40,34,34,35,34,15,20,34,19,39,24,7,35,35,16,36,34,15,16,8,33,45,23,38,35,41,34,8,31,39,9,16,27,29,56,10,38,31,24,31,28,38,20,37,24,36,35,17,33,16,16,34,35,33,37,15,31,24,31,19,34,16,18,29,33,36,16,38,36,48,35,12,35,36,38,17,33,39,7,15,27,36,14,14,17,16,14,40,41,0,11,28,20,11,11,39,12,20,32,17,16,24,20,33
30,43,37,16,33,35,40,39,47,42,46,43,23,38,15,15,29,45,40,44,40,39,14,26,40,28,49,33,15,41,41,15,42,40,24,22,11,42,51,31,43,44,51,40,8,36,45,11,15,34,35,64,17,44,40,30,37,33,47,26,47,29,42,44,23,39,15,22,40,41,38,46,25,37,30,37,25,43,15,17,38,39,42,15,43,46,54,40,19,44,42,44,16,42,44,15,24,36,46,5,5,16,22,5,49,47,11,0,33,26,20,6,44,22,28,41,26,15,29,29,38
24,42,41,31,27,29,34,33,51,36,52,37,17,32,30,30,43,39,34,43,34,33,28,17,34,26,53,35,32,35,35,30,36,34,33,13,25,46,45,40,37,43,49,11,30,5,39,25,33,45,29,58,33,38,46,24,31,4,54,19,50,23,35,42,40,33,29,40,34,35,32,49,33,31,23,31,11,42,29,31,41,33,36,29,37,43,48,34,33,43,36,14,29,42,13,23,29,44,44,37,37,32,12,37,53,41,27,33,0,9,29,30,38,32,42,48,35,30,6,38,32
17,35,34,26,20,23,27,27,44,29,45,31,19,25,25,25,35,33,27,36,28,27,24,10,27,19,46,28,24,28,29,25,30,27,25,6,18,39,38,33,31,36,43,16,22,13,32,19,25,38,22,51,26,31,40,17,24,10,47,12,44,17,29,36,32,26,25,33,27,28,26,42,26,24,16,25,4,35,25,27,34,26,29,26,31,36,41,28,26,36,29,20,26,35,21,16,22,37,37,30,29,26,5,29,46,34,20,26,10,0,21,23,32,25,34,42,27,26,10,30,26
26,27,21,24,26,31,33,32,32,35,30,30,28,31,23,23,15,38,33,28,33,32,22,21,33,14,33,18,8,34,34,23,35,33,8,17,15,27,41,15,36,29,35,36,17,32,38,16,23,20,28,50,6,36,24,22,30,29,31,19,31,25,34,29,12,32,23,13,33,34,31,31,9,30,25,30,20,27,23,24,23,32,35,23,36,30,44,33,7,29,35,39,24,27,40,12,9,19,30,23,23,23,18,23,34,40,11,20,29,21,0,20,34,4,14,25,10,24,26,13,31
27,41,36,13,30,32,37,36,46,39,46,40,20,35,12,12,29,42,37,42,37,36,11,22,37,25,48,31,16,38,38,12,39,37,24,19,8,41,48,31,40,43,50,37,7,33,42,8,12,34,32,60,17,41,40,27,34,30,47,23,46,26,38,43,23,36,12,23,36,38,35,45,25,34,27,34,21,42,12,14,37,36,39,12,40,45,51,37,19,43,39,41,13,41,41,12,23,36,44,10,10,13,19,10,48,44,11,6,30,23,21,0,41,22,28,42,26,12,26,30,35
24,14,19,45,16,31,9,9,22,11,24,6,44,11,44,44,39,13,10,15,5,10,43,30,7,24,21,17,38,9,10,44,8,9,28,29,37,19,10,30,21,14,21,46,41,42,8,38,44,30,12,23,36,5,25,19,14,39,29,25,16,26,12,14,39,13,44,41,9,18,13,15,28,13,33,12,30,13,44,46,17,10,11,44,6,11,13,8,36,14,11,49,45,14,50,35,25,28,16,48,48,44,29,48,21,10,39,45,39,32,33,41,0,32,38,27,26,45,38,27,8
29,25,19,26,25,34,33,32,29,34,27,29,32,29,25,25,13,38,32,26,33,32,24,24,32,16,31,17,9,33,34,25,34,32,6,20,17,24,40,12,35,26,33,39,19,35,37,18,25,16,26,49,6,35,22,24,28,32,29,23,29,28,33,27,10,30,25,11,32,32,30,29,6,28,29,30,23,25,25,27,21,31,34,25,36,28,43,33,7,26,34,42,26,25,43,14,9,16,28,25,25,26,21,25,32,39,12,22,32,25,4,22,32,0,12,22,8,26,29,10,31
37,29,23,34,33,44,40,40,31,42,29,36,41,36,33,33,1,46,40,30,40,40,32,34,39,25,35,24,16,41,41,33,40,40,12,30,25,29,47,10,43,31,37,49,25,45,44,26,33,13,34,53,12,41,24,32,36,42,29,32,33,38,41,31,9,38,33,10,40,40,38,33,15,36,38,37,33,30,33,35,26,39,42,33,42,32,49,41,10,31,42,52,34,29,53,22,19,15,32,31,31,34,31,31,36,46,20,28,42,34,14,28,39,13,0,21,15,34,39,13,39
38,16,14,45,31,45,30,30,13,32,11,25,49,28,43,43,21,35,31,17,29,31,43,41,28,26,19,20,29,31,31,43,29,30,18,38,36,12,35,12,40,17,24,55,38,51,34,37,44,10,30,38,25,31,7,32,31,48,12,34,17,40,32,18,22,32,44,24,29,37,32,16,20,31,46,30,39,16,44,45,16,31,32,44,31,19,38,30,24,17,32,58,45,16,59,33,20,8,19,44,44,44,38,44,19,36,31,41,48,41,25,41,28,21,20,0,16,44,47,13,28
25,18,12,30,20,32,27,27,23,29,21,24,34,24,28,28,15,33,27,19,28,27,28,27,27,12,24,10,14,28,29,28,28,27,4,23,21,18,34,10,30,20,26,41,23,37,32,22,29,14,21,42,12,29,15,19,23,34,22,20,22,26,28,20,15,25,29,16,27,27,25,22,5,23,31,25,26,19,29,30,15,26,29,29,30,22,37,28,12,20,29,45,29,18,45,17,7,12,21,29,29,29,23,29,25,34,16,25,34,27,10,26,27,8,14,17,0,29,31,6,26
30,45,39,4,33,35,40,40,49,42,49,44,16,38,2,2,35,46,40,46,41,40,3,26,40,29,51,34,22,41,41,2,42,40,28,22,11,44,51,35,44,46,53,36,12,32,45,10,7,40,35,64,23,44,43,30,37,29,51,26,49,30,42,46,29,39,2,29,40,41,39,48,28,37,30,37,25,45,2,4,40,39,42,3,44,48,54,41,25,46,42,39,3,44,40,15,26,39,48,19,17,4,22,17,51,47,16,16,30,26,24,12,45,26,34,45,30,0,25,33,39
24,41,39,26,27,29,33,33,50,35,51,37,12,31,25,25,39,39,33,43,34,33,22,17,33,25,51,33,28,34,35,25,36,33,29,10,21,45,44,37,37,42,49,12,25,9,38,19,27,42,28,57,30,37,45,23,30,6,52,19,49,23,35,42,36,32,24,37,33,34,32,48,30,30,23,31,11,41,23,26,40,32,35,24,37,42,47,34,30,42,35,16,23,41,17,20,28,41,44,33,33,26,10,33,52,40,24,29,7,9,25,26,38,29,38,47,31,24,0,34,32
29,18,12,33,24,36,29,28,21,31,20,24,37,24,32,32,14,34,29,19,28,28,31,30,28,17,24,13,18,30,30,32,29,29,6,26,25,17,35,6,34,19,26,45,26,41,33,25,32,9,24,42,15,30,14,23,26,38,21,25,22,31,31,20,15,28,32,16,28,31,27,21,9,26,34,26,29,18,32,34,14,28,31,32,31,21,38,29,14,19,31,48,33,18,49,21,11,7,21,32,32,32,27,32,25,35,20,29,38,30,13,29,28,10,13,13,6,33,35,0,27
20,15,21,41,12,27,2,2,27,4,28,8,39,7,39,39,39,8,3,16,4,4,38,25,4,20,27,19,37,4,3,39,6,2,27,25,32,22,15,32,14,16,22,41,37,37,9,33,40,32,8,29,35,8,27,14,9,34,34,20,23,21,5,15,38,6,40,40,2,11,6,21,27,8,29,5,25,15,40,41,19,3,4,40,8,16,18,3,35,16,4,44,40,15,45,30,24,30,17,44,44,40,24,44,27,11,34,40,34,27,32,37,9,31,38,29,26,40,34,28,0
