Name: ber-n10-m4-c3-OD-medium
Type: GPDPOD-IMC
Commodity type: 4
Compartment num: 3
CapacityHD: 100
VehicleHDs: 4
CapacityOD: 50
VehicleODs: 5
ID Xc Yc DEMAND StartT EndT SerT PairedID
0,52.4517877,13.3258861,[0, 0, 0, 0],0,240,0,0
1,52.4317501,13.2879485,[7, 2, 1, 8],83,203,5,6
2,52.5073389,13.5182123,[3, 1, 0, 6],0,113,5,7
3,52.5041733,13.4497759,[14, 6, 2, 24],5,125,5,8
4,52.4342392,13.4627541,[7, 2, 1, 12],113,233,5,9
5,52.4289105,13.4800376,[7, 2, 1, 6],81,201,5,10
6,52.4800251,13.4343746,[-7, -2, -1, -8],110,222,5,1
7,52.5005844,13.5240143,[-3, -1, 0, -6],9,129,5,2
8,52.5714697,13.3435558,[-14, -6, -2, -24],32,152,5,3
9,52.5049554,13.4751741,[-7, -2, -1, -12],138,215,5,4
10,52.6073611,13.2580825,[-7, -2, -1, -6],130,211,5,5
StartID EndID StartX StartY EndX EndY StartT EndT
11,16,52.4168526,13.4908914,52.4313708,13.4937962,139,442
12,17,52.4896443,13.5177319,52.399889,13.3946661,87,495
13,18,52.4911116,13.5129825,52.4335535,13.4860376,130,460
14,19,52.4371318,13.4877766,52.4397338,13.696855,38,512
15,20,52.6045615,13.2383862,52.6113618,13.2440892,127,466
edge
0,9,30,23,18,19,17,29,24,25,31,21,29,29,19,30,18,17,19,43,30
9,0,36,29,23,25,22,35,28,31,34,27,34,35,25,33,24,18,25,49,33
32,37,0,12,21,21,16,4,29,7,41,22,8,7,21,40,18,33,20,30,40
23,29,11,0,19,20,10,13,22,6,34,22,14,13,20,33,19,29,20,36,33
19,23,22,19,0,4,11,20,33,20,39,6,19,20,6,38,7,13,5,33,39
20,25,22,20,3,0,12,20,34,21,40,4,19,19,4,39,4,15,2,31,39
18,24,15,9,14,15,0,16,26,10,36,17,17,16,14,35,13,22,14,34,36
31,36,5,14,21,20,18,0,30,9,42,21,7,6,20,41,18,33,20,29,41
23,27,28,23,32,33,27,29,0,24,17,35,34,33,32,16,31,37,33,55,16
25,31,7,6,19,20,10,8,24,0,36,22,11,10,20,35,19,29,20,34,35
29,32,39,34,38,39,36,41,16,36,0,41,45,44,38,9,37,43,38,62,6
23,28,22,22,6,4,15,20,36,22,42,0,19,20,7,41,5,18,5,32,42
30,36,9,16,20,20,20,8,34,11,46,21,0,3,20,45,17,32,19,29,45
30,35,7,14,20,19,18,6,32,9,44,20,2,0,19,43,17,32,18,28,43
20,25,21,20,6,4,12,19,33,20,40,7,18,19,0,39,4,18,2,31,39
29,32,39,34,37,38,36,40,16,35,8,41,45,44,38,0,37,43,38,62,3
20,25,19,19,6,3,12,17,33,19,40,4,16,17,4,39,0,17,2,29,39
17,18,33,29,14,15,21,31,39,30,45,18,31,31,18,44,18,0,17,45,44
20,26,20,20,5,2,12,18,34,20,40,5,18,18,2,39,3,17,0,30,39
44,49,30,35,33,31,35,28,54,31,64,32,28,28,31,63,29,45,31,0,63
29,32,39,34,38,39,36,40,16,36,6,41,45,44,38,3,37,43,38,62,0
