Name: ber-n60-m4-c3-OD-small
Type: GPDPOD-IMC
Commodity type: 4
Compartment num: 3
CapacityHD: 100
VehicleHDs: 18
CapacityOD: 50
VehicleODs: 12
ID Xc Yc DEMAND StartT EndT SerT PairedID
0,52.4517877,13.3258861,[0, 0, 0, 0],0,240,0,0
1,52.6186288,13.4228084,[14, 6, 2, 11],0,113,5,31
2,52.5090707,13.5007129,[14, 6, 2, 14],55,175,5,32
3,52.4721013,13.2973022,[14, 6, 2, 20],85,205,5,33
4,52.498343,13.6234811,[14, 6, 2, 32],14,134,5,34
5,52.4251777,13.4288986,[14, 6, 2, 35],0,89,5,35
6,52.6228276,13.234315,[14, 6, 2, 28],10,130,5,36
7,52.4953961,13.5103282,[14, 6, 2, 19],131,240,5,37
8,52.4213016,13.1575329,[3, 1, 6, 3],64,184,5,38
9,52.6059082,13.2374783,[14, 6, 2, 10],28,148,5,39
10,52.6091042,13.2467914,[3, 1, 0, 6],0,100,5,40
11,52.431731,13.4874223,[7, 2, 1, 5],0,119,5,41
12,52.6167231,13.2297019,[14, 6, 2, 34],3,123,5,42
13,52.6060969,13.2363266,[14, 6, 2, 18],0,103,5,43
14,52.4912853,13.5263029,[7, 2, 1, 10],11,131,5,44
15,52.4399829,13.5670271,[3, 6, 1, 4],129,240,5,45
16,52.4623986,13.419665,[7, 2, 1, 9],82,202,5,46
17,52.5045443,13.4905095,[14, 6, 2, 19],70,190,5,47
18,52.4371772,13.4658802,[7, 2, 1, 9],20,140,5,48
19,52.4168526,13.4908914,[14, 6, 2, 20],139,240,5,49
20,52.545092,13.1906944,[14, 6, 2, 19],12,132,5,50
21,52.4257025,13.494234,[14, 6, 2, 36],72,192,5,51
22,52.4478418,13.4766442,[7, 2, 1, 11],0,114,5,52
23,52.4897434,13.5560655,[7, 2, 1, 16],20,140,5,53
24,52.4839823,13.5293803,[3, 1, 0, 5],98,218,5,54
25,52.5209813,13.6461983,[7, 2, 1, 18],0,112,5,55
26,52.6109019,13.241661,[7, 2, 1, 18],0,240,5,56
27,52.43691,13.4962049,[7, 2, 1, 5],0,99,5,57
28,52.495953,13.5107692,[7, 2, 1, 17],58,178,5,58
29,52.4372729,13.4717877,[14, 6, 2, 16],0,117,5,59
30,52.4957737,13.2623807,[14, 6, 2, 14],76,196,5,60
31,52.4709148,13.5706322,[-14, -6, -2, -11],47,167,5,1
32,52.4351044,13.5125438,[-14, -6, -2, -14],81,201,5,2
33,52.586391,13.304001,[-14, -6, -2, -20],109,217,5,3
34,52.45099,13.4469987,[-14, -6, -2, -32],58,178,5,4
35,52.5081483,13.5059196,[-14, -6, -2, -35],32,152,5,5
36,52.5086601,13.5056608,[-14, -6, -2, -28],57,177,5,6
37,52.4997603,13.425228,[-14, -6, -2, -19],150,221,5,7
38,52.5536897,13.3722206,[-3, -1, -6, -3],97,216,5,8
39,52.6300921,13.2879298,[-14, -6, -2, -10],49,169,5,9
40,52.5669781,13.4108147,[-3, -1, 0, -6],38,158,5,10
41,52.5501478,13.2684209,[-7, -2, -1, -5],46,166,5,11
42,52.4162703,13.3556408,[-14, -6, -2, -34],62,182,5,12
43,52.5283892,13.4024879,[-14, -6, -2, -18],30,150,5,13
44,52.5493431,13.4544507,[-7, -2, -1, -10],34,154,5,14
45,52.4046754,13.572533,[-3, -6, -1, -4],144,210,5,15
46,52.552494,13.4319103,[-7, -2, -1, -9],109,212,5,16
47,52.5637878,13.390152,[-14, -6, -2, -19],104,214,5,17
48,52.4864565,13.5158714,[-7, -2, -1, -9],43,163,5,18
49,52.4313708,13.4937962,[-14, -6, -2, -20],149,220,5,19
50,52.5162192,13.6364342,[-14, -6, -2, -19],72,192,5,20
51,52.4274721,13.4864184,[-14, -6, -2, -36],80,200,5,21
52,52.4757545,13.1286745,[-7, -2, -1, -11],52,172,5,22
53,52.6187365,13.2328042,[-7, -2, -1, -16],80,200,5,23
54,52.4534737,13.5180366,[-3, -1, 0, -5],114,217,5,24
55,52.4334743,13.3707506,[-7, -2, -1, -18],49,169,5,25
56,52.5399943,13.4544275,[-7, -2, -1, -18],0,240,5,26
57,52.4094959,13.5241,[-7, -2, -1, -5],15,135,5,27
58,52.4268701,13.4602077,[-7, -2, -1, -17],85,205,5,28
59,52.4030611,13.5267823,[-14, -6, -2, -16],20,140,5,29
60,52.4231686,13.5409597,[-14, -6, -2, -14],114,216,5,30
StartID EndID StartX StartY EndX EndY StartT EndT
61,73,52.4308234,13.4770584,52.4951925,13.5548604,10,460
62,74,52.5827796,13.4203959,52.5364996,13.1954952,45,516
63,75,52.4393384,13.5531586,52.6086512,13.2338073,43,544
64,76,52.576313,13.2248422,52.4484795,13.3729598,11,494
65,77,52.4575206,13.4991186,52.4070929,13.6528362,48,489
66,78,52.4761791,13.5219246,52.4851616,13.6168526,1,439
67,79,52.609376,13.2310102,52.5033993,13.308511,0,444
68,80,52.5962372,13.3884412,52.4878073,13.5958536,0,531
69,81,52.4192615,13.2755279,52.5196412,13.2606392,116,476
70,82,52.6045615,13.2383862,52.6113618,13.2440892,127,466
71,83,52.6011431,13.244155,52.4945874,13.3972483,57,528
72,84,52.4905608,13.5364526,52.5741403,13.5151341,96,456
edge
0,38,29,9,41,18,31,29,22,30,31,19,31,31,28,25,13,27,18,21,27,20,17,34,26,46,30,19,29,17,16,32,22,24,16,29,30,18,24,32,29,21,10,21,27,29,26,27,28,18,44,19,32,31,22,10,25,25,19,26,23,19,32,24,34,19,25,31,32,12,30,28,29,35,24,31,7,39,38,12,37,16,30,14,37
39,0,27,35,39,41,31,30,44,30,31,42,32,30,31,44,34,29,39,44,39,42,39,36,33,39,30,41,30,39,35,40,43,23,38,27,27,25,19,27,13,29,44,20,17,48,14,15,34,40,41,42,50,31,38,39,18,47,42,49,44,41,10,42,34,36,34,31,10,45,29,28,33,35,38,31,37,56,42,32,40,31,30,26,19
31,27,0,31,14,28,40,5,44,39,40,21,41,40,7,20,21,3,23,23,41,22,20,11,8,18,39,20,4,21,36,15,21,33,23,1,1,15,22,41,20,34,35,15,14,26,16,23,8,20,17,21,49,40,16,29,13,26,25,27,22,23,24,19,43,14,9,40,27,38,39,38,9,11,40,40,29,31,17,28,15,32,39,18,17
9,36,30,0,41,20,26,30,20,26,26,20,27,26,29,26,13,28,19,22,22,21,18,35,27,47,26,19,29,17,12,33,22,19,17,30,30,19,19,28,25,17,17,20,28,29,25,22,29,19,45,20,28,27,23,16,25,25,21,27,24,20,28,25,30,20,26,26,28,12,25,24,29,36,19,27,13,40,39,8,38,11,25,15,37
42,38,15,41,0,36,50,16,55,50,50,29,51,50,16,19,32,17,30,31,52,29,28,12,17,8,50,27,15,29,46,12,27,43,31,15,15,25,33,52,31,45,45,26,24,27,27,33,18,27,7,29,60,50,21,39,23,28,33,29,24,30,35,19,54,23,18,50,37,49,49,48,18,12,50,51,39,28,6,38,7,43,49,29,24
18,40,27,20,35,0,40,25,34,40,40,10,41,40,23,20,10,24,8,11,36,11,10,29,21,41,40,12,25,7,26,27,15,33,10,27,27,17,30,42,31,31,12,24,29,23,28,33,23,11,39,10,42,41,15,11,27,19,7,20,17,8,37,19,44,15,20,40,38,24,39,38,24,30,33,41,13,33,33,22,32,26,39,18,38
30,31,38,25,50,40,0,42,34,7,6,39,3,7,43,46,33,40,38,42,26,40,38,48,44,55,5,39,41,37,25,52,42,12,37,39,38,32,21,12,25,19,38,25,31,49,27,23,45,38,53,40,39,2,42,36,31,45,40,46,43,39,26,45,14,39,46,5,21,35,7,7,45,47,26,5,33,60,54,23,52,21,5,31,40
31,30,5,30,16,26,41,0,45,41,41,19,42,41,5,18,21,5,21,21,43,20,18,13,6,20,40,18,1,19,36,14,19,34,21,4,4,14,24,43,22,36,35,17,16,24,18,24,5,18,19,19,50,41,14,28,15,24,23,25,20,21,27,17,44,12,7,41,29,38,40,39,7,13,41,42,29,29,19,29,17,34,40,19,19
25,45,44,20,56,35,35,44,0,35,35,35,36,35,43,41,28,42,33,37,31,35,33,49,41,61,35,34,44,32,21,48,37,28,32,44,44,34,28,37,34,26,31,33,39,44,35,31,44,33,59,35,36,36,37,31,39,40,36,42,38,34,37,40,38,34,41,35,37,21,34,33,44,51,28,36,28,55,53,20,53,20,34,30,47
30,30,38,25,50,39,7,42,34,0,4,39,5,1,43,46,33,40,38,41,21,40,37,48,44,54,3,39,41,37,25,51,42,12,37,38,38,32,20,16,25,19,38,25,31,49,27,23,45,38,53,39,35,5,42,35,30,45,40,46,43,39,26,44,10,39,45,3,21,35,1,3,45,47,22,2,33,60,54,23,52,21,3,31,39
30,31,38,25,50,40,5,42,34,4,0,39,5,4,43,46,33,40,38,42,22,40,38,48,44,55,2,39,41,37,25,52,42,12,37,39,38,32,21,14,25,19,38,25,31,49,27,23,45,38,53,40,35,5,42,35,31,45,40,46,43,39,26,45,10,39,45,4,21,35,3,3,45,47,23,3,33,60,54,23,52,21,2,31,39
21,41,22,21,29,10,41,19,35,41,41,0,42,41,17,12,13,20,5,5,37,3,6,22,15,35,40,5,19,4,26,21,8,34,9,22,22,18,30,42,32,31,20,25,30,15,28,33,18,3,33,2,42,41,9,17,27,11,7,13,10,3,38,11,44,9,14,41,39,28,40,39,18,23,34,41,17,26,26,22,26,26,40,18,33
31,32,39,26,51,40,4,43,35,5,5,40,0,5,44,47,34,41,39,42,24,41,39,49,45,55,4,40,42,38,26,52,43,13,38,39,39,33,21,13,26,20,39,26,32,50,28,24,46,39,54,40,37,2,43,36,32,46,41,47,44,40,27,45,12,40,46,3,22,36,5,5,46,48,25,3,34,61,55,24,53,22,5,32,40
30,30,38,25,50,39,6,42,34,1,4,39,5,0,43,46,33,40,38,42,21,40,38,48,44,55,3,39,41,37,25,52,42,12,37,38,38,32,21,16,25,19,38,25,31,49,27,23,45,38,53,39,35,5,42,35,31,45,40,46,43,39,26,45,10,39,45,3,21,35,2,3,45,47,22,2,33,60,54,23,52,21,4,31,39
28,31,8,28,16,23,44,5,42,44,44,16,45,44,0,15,20,8,18,19,44,17,15,13,3,21,43,15,5,17,34,11,16,37,18,8,8,18,26,45,24,38,32,19,18,21,20,27,4,15,19,16,49,44,11,26,17,21,20,23,17,18,28,15,47,9,4,44,31,35,43,42,4,13,41,44,26,26,20,30,18,33,43,22,19
29,42,21,29,19,22,49,18,43,49,49,14,50,49,15,0,21,19,17,16,45,15,15,13,12,26,49,13,17,15,35,11,13,42,19,20,20,23,36,51,34,39,32,28,29,9,30,37,16,13,24,14,50,49,8,27,27,14,18,15,9,15,39,5,52,10,13,49,41,36,48,47,15,14,42,50,27,15,17,31,16,34,48,25,31
14,34,20,13,33,10,34,20,27,33,34,12,34,34,21,18,0,18,9,14,30,13,10,27,19,37,33,12,20,10,19,25,15,27,7,21,21,11,23,35,25,24,15,18,23,21,22,26,21,11,36,12,35,34,15,9,20,18,11,19,16,11,31,17,37,12,18,34,32,21,33,31,22,28,27,34,9,32,31,15,30,19,33,11,32
29,28,3,28,17,25,39,5,42,39,39,22,40,39,8,21,19,0,22,25,40,23,19,14,9,21,38,21,4,21,34,17,22,32,21,4,4,12,21,40,20,33,32,14,14,27,16,22,8,21,20,22,48,39,17,26,13,27,24,29,23,23,25,21,42,16,10,39,26,36,38,37,10,14,39,39,26,32,20,27,18,31,38,16,20
19,39,23,19,30,8,39,20,33,39,39,5,40,39,18,15,9,20,0,7,35,7,5,24,16,36,38,8,20,2,25,22,11,32,6,23,22,16,29,41,30,29,18,23,28,19,26,31,18,7,34,5,40,39,10,14,25,15,5,16,13,4,35,14,42,9,15,39,36,26,38,37,18,25,32,40,15,28,28,21,27,24,38,16,34
23,43,24,22,30,11,42,21,36,42,43,5,43,42,18,13,14,22,7,0,38,4,9,24,17,36,42,6,20,6,28,22,9,36,10,23,23,20,32,44,34,33,21,27,32,16,30,35,19,5,35,4,44,43,10,18,29,12,7,13,10,4,39,12,46,10,16,43,40,30,41,40,19,25,36,43,18,27,28,24,27,28,42,20,35
26,39,40,21,52,36,26,44,30,22,22,36,24,22,44,42,29,41,34,38,0,36,34,49,42,56,23,35,43,33,20,49,38,21,33,40,40,33,22,30,28,13,34,27,33,45,29,25,45,34,55,36,17,25,38,32,32,41,36,42,39,35,31,41,14,35,42,22,30,31,21,20,45,49,3,22,29,56,54,19,53,12,23,29,41
21,41,22,21,29,11,41,19,35,41,41,3,42,41,17,12,13,20,7,4,37,0,9,22,15,35,40,4,19,6,27,20,7,34,10,22,21,18,30,43,32,31,21,25,30,15,29,33,17,3,33,3,42,41,9,18,27,10,7,12,9,4,38,11,44,8,14,41,39,28,40,39,17,23,34,41,18,26,26,22,25,26,40,19,33
18,38,20,18,28,10,38,18,32,38,38,6,39,38,16,14,10,17,5,9,34,9,0,22,14,33,38,8,17,3,24,20,10,31,8,20,20,15,28,40,29,28,20,22,27,18,26,30,16,7,32,7,39,38,8,16,23,15,7,17,13,6,35,12,41,6,13,38,36,25,37,36,16,23,31,39,16,26,26,20,25,23,37,16,32
35,35,12,34,11,29,47,13,48,47,47,22,48,47,13,12,27,14,23,24,49,22,21,0,10,16,47,20,13,22,40,7,21,40,24,12,12,22,30,49,28,42,38,23,21,20,24,30,14,20,14,22,56,48,14,32,21,21,26,22,17,23,32,12,51,16,13,47,35,42,46,45,13,3,48,48,32,24,12,36,8,40,46,26,21
27,32,9,27,17,22,44,6,41,44,44,15,45,44,4,12,19,9,17,17,43,16,14,11,0,21,44,13,5,15,33,9,15,37,17,8,8,19,27,46,25,37,31,20,18,20,21,27,4,14,20,15,48,45,10,25,18,20,19,21,16,17,29,12,48,8,3,44,32,34,43,42,4,12,40,45,25,24,18,28,15,32,43,22,20
47,39,20,46,9,42,54,20,59,54,54,35,55,54,20,26,37,21,36,37,56,35,33,16,22,0,54,33,20,35,51,17,34,47,36,19,19,29,35,54,33,49,50,30,26,33,29,36,23,33,4,35,64,55,28,44,26,35,38,36,30,36,36,26,58,28,23,55,40,54,53,52,22,16,55,55,44,35,13,43,13,47,53,33,23
29,30,38,24,50,39,5,41,34,3,2,39,4,3,42,45,32,39,38,41,22,39,37,47,44,54,0,38,41,36,25,51,41,12,36,38,38,32,20,13,25,18,37,25,30,48,26,23,45,37,53,39,36,4,42,35,30,44,40,46,43,38,26,44,11,38,45,3,21,34,2,4,45,46,23,3,32,59,53,23,51,21,1,30,39
19,39,20,19,27,12,39,17,33,39,39,4,40,39,15,10,11,18,8,6,35,5,8,20,13,33,39,0,16,7,25,19,5,32,9,19,19,16,29,41,30,30,22,23,28,14,27,32,15,2,31,4,41,40,7,17,26,10,8,11,8,5,36,9,43,6,12,39,37,27,38,37,15,22,33,40,17,24,24,21,24,25,38,17,31
30,30,5,30,15,26,41,1,44,41,41,19,42,41,4,17,21,4,20,21,42,19,17,13,5,20,40,17,0,19,36,14,19,34,20,4,4,14,23,42,22,35,34,16,16,23,17,24,5,17,18,19,50,41,13,28,15,23,22,25,20,20,27,17,44,12,7,41,28,38,40,39,6,12,41,41,28,29,19,29,17,33,40,18,18
18,38,22,18,29,7,38,19,32,38,38,4,39,38,16,14,10,19,2,6,34,6,3,22,14,34,37,7,18,0,24,21,10,31,6,21,21,15,27,39,29,28,17,22,27,18,26,30,17,6,33,4,39,38,8,14,24,14,4,15,12,3,35,13,41,8,14,38,36,25,37,36,17,23,31,38,14,27,26,19,25,23,37,16,33
15,35,33,10,45,24,25,34,18,25,25,24,26,25,33,31,18,32,23,27,19,25,23,39,31,49,24,24,34,22,0,38,27,18,22,33,33,23,18,27,24,15,23,22,29,34,25,21,34,23,48,24,23,25,27,20,28,30,25,31,28,24,27,30,28,24,30,25,26,20,24,23,34,40,16,26,18,45,43,9,42,8,24,19,37
33,39,17,33,13,28,52,14,47,51,52,20,52,52,12,11,25,17,22,22,49,21,20,7,9,17,51,19,14,21,39,0,19,45,23,16,16,26,34,53,32,44,37,27,26,18,28,35,12,19,16,20,55,52,13,31,25,20,24,21,16,22,36,11,55,15,11,52,39,40,51,49,11,8,46,52,31,20,10,35,9,38,51,28,26
23,43,21,22,28,16,43,18,36,42,43,7,43,42,16,11,15,19,11,9,38,8,10,21,14,34,42,5,18,10,28,19,0,36,12,21,21,20,32,44,34,33,25,27,30,14,30,35,17,6,32,7,44,43,8,20,28,11,11,12,9,9,39,9,46,8,13,43,40,30,42,40,17,22,36,43,20,25,25,24,24,28,42,20,32
23,23,32,18,44,33,12,35,28,12,12,33,13,12,36,39,26,33,32,35,21,34,31,41,38,48,12,32,35,30,19,45,35,0,30,32,32,26,14,14,17,12,31,19,24,42,20,16,39,31,47,33,33,13,36,29,24,38,34,40,37,33,18,38,15,33,39,12,13,28,11,10,39,40,21,12,26,53,47,17,45,15,11,24,32
16,36,21,16,30,9,36,20,30,36,36,9,37,36,18,15,6,19,6,10,32,9,7,24,16,35,35,8,19,6,22,22,11,29,0,22,22,13,26,38,27,26,18,20,25,18,23,28,18,7,34,9,37,36,12,12,22,14,8,16,13,7,32,14,39,8,15,36,33,23,35,34,18,25,29,37,12,29,28,18,27,21,35,13,34
31,27,2,31,14,28,40,4,45,40,40,21,41,40,6,19,21,4,22,23,41,22,20,12,8,19,39,19,4,21,36,15,21,33,22,0,1,15,22,41,20,34,35,15,14,26,16,23,8,20,17,21,49,40,16,29,13,26,25,27,22,22,24,19,43,14,9,40,27,38,39,38,8,11,40,40,29,31,18,28,16,32,39,18,17
31,27,1,31,14,28,40,4,45,40,40,21,41,40,6,19,22,4,22,23,41,21,19,12,8,19,39,19,4,21,36,15,21,33,22,1,0,15,22,41,20,34,35,15,14,25,16,23,8,19,17,21,49,40,15,29,13,25,24,27,22,22,24,19,43,14,9,40,27,38,39,38,8,11,40,40,29,31,18,28,16,32,39,18,17
19,25,13,18,25,17,32,14,33,32,32,18,33,32,17,22,11,11,16,21,33,19,16,23,18,30,32,18,13,16,24,26,21,25,14,13,13,0,16,34,16,26,23,9,14,26,13,18,17,17,28,18,39,32,16,18,11,24,18,25,22,18,22,20,36,14,18,32,23,26,31,30,19,22,30,33,17,34,29,16,27,22,31,5,23
24,18,20,19,32,31,21,24,28,21,21,31,22,21,25,35,24,22,30,33,23,31,29,30,27,35,21,30,24,28,19,34,33,14,28,21,21,16,0,22,8,16,31,8,12,38,8,5,27,29,35,31,34,22,28,26,11,36,32,38,35,30,11,33,25,26,28,21,12,29,20,19,27,29,22,22,24,46,36,15,34,15,20,15,21
31,27,40,27,52,41,12,44,36,16,14,41,14,16,45,47,34,42,40,43,29,42,39,49,46,55,14,41,43,39,27,53,44,14,38,40,40,34,21,0,25,21,39,27,31,50,27,23,47,40,55,41,41,13,44,37,31,47,42,48,45,41,24,46,20,41,47,15,18,37,15,14,47,49,29,15,35,61,55,25,53,23,13,33,37
29,12,19,24,31,31,25,23,33,25,25,32,26,25,24,35,25,21,30,34,28,33,29,29,25,34,25,32,22,30,24,32,34,17,28,19,19,16,8,25,0,20,34,9,10,38,6,4,26,31,34,32,39,26,28,30,10,38,32,39,35,32,8,33,29,26,26,25,9,34,24,23,26,28,27,26,27,47,35,21,33,20,24,16,16
20,30,33,15,45,30,19,37,24,19,19,30,20,19,38,36,23,34,28,32,13,30,28,42,36,49,19,29,36,27,15,43,32,12,27,33,33,26,15,21,21,0,28,20,26,39,22,18,39,28,48,30,25,19,32,26,25,35,31,37,33,29,21,35,19,29,36,19,20,25,18,17,39,42,13,20,23,50,48,14,46,11,18,23,34
10,43,34,17,45,12,39,34,28,39,39,20,40,39,32,29,15,31,18,20,35,20,20,38,31,50,39,22,33,17,25,37,25,32,19,34,34,23,30,41,34,29,0,26,32,32,31,33,33,20,49,19,40,39,25,8,30,28,17,30,27,18,39,28,42,23,30,39,40,15,38,37,33,40,32,40,9,43,42,20,42,24,38,19,42
22,20,14,19,26,24,26,17,32,25,26,25,26,26,19,28,18,16,23,27,27,26,22,23,20,30,25,25,17,23,23,27,26,19,21,14,14,9,8,27,10,20,26,0,11,31,8,9,21,24,29,25,36,26,21,22,8,31,25,32,28,24,15,26,29,19,21,26,16,29,25,23,21,23,26,26,20,39,29,15,27,19,25,9,20
27,16,13,26,25,28,30,17,37,30,30,29,31,30,18,31,22,15,27,31,31,30,25,22,19,27,29,28,16,27,28,26,30,22,25,13,13,13,11,30,9,24,31,9,0,34,4,11,20,28,28,29,42,30,24,27,5,34,29,36,31,28,13,29,33,22,20,30,15,34,29,28,20,22,31,30,24,42,28,22,26,24,29,13,11
30,47,26,29,26,23,50,23,44,50,50,15,51,50,21,9,22,24,19,16,46,15,18,20,19,33,49,14,23,18,35,18,14,43,19,26,26,26,39,51,39,40,33,31,34,0,35,40,21,13,31,15,51,50,12,27,32,11,19,9,9,16,44,10,53,14,18,50,45,37,49,48,22,21,43,50,28,22,24,31,23,35,49,27,37
28,13,16,26,28,29,29,19,35,28,29,31,29,29,21,33,23,18,28,33,30,31,27,25,22,30,28,30,19,28,26,29,31,21,26,16,16,14,10,29,7,23,33,9,4,36,0,10,23,29,31,31,41,29,26,28,6,36,30,38,32,30,10,31,32,24,23,29,14,35,28,26,23,25,30,29,26,44,31,23,29,23,28,15,13
26,15,21,21,33,33,23,25,30,23,23,33,24,23,26,36,26,23,31,35,25,33,31,31,28,36,23,32,25,30,21,35,35,16,30,22,22,18,5,23,4,18,33,9,12,40,8,0,28,31,36,33,36,23,30,28,12,38,34,40,36,32,8,34,27,28,29,23,9,31,22,21,28,30,24,24,26,48,37,18,35,17,22,17,20
29,33,9,29,18,24,45,5,43,44,45,17,45,45,5,16,21,8,19,20,45,18,16,14,4,23,44,16,5,18,35,12,17,38,19,8,8,18,27,46,25,39,33,20,20,22,21,28,0,16,21,17,50,45,12,27,19,22,21,24,18,19,30,16,48,11,5,45,32,36,44,42,6,15,42,45,27,27,22,31,19,34,44,22,21
20,40,21,19,27,10,40,18,33,39,40,2,40,40,16,10,12,19,6,4,36,3,7,21,14,33,39,3,17,5,25,19,6,33,9,20,20,17,29,41,31,30,20,24,29,13,27,32,16,0,32,2,41,40,8,17,26,10,6,11,8,3,36,9,43,7,13,40,37,27,39,37,16,22,33,40,17,24,25,21,24,25,39,17,32
45,41,18,45,7,40,53,19,58,53,53,33,54,53,19,24,35,20,35,35,54,34,32,15,20,4,52,31,18,33,49,15,32,46,35,17,17,28,35,54,34,47,49,28,27,31,30,36,21,32,0,33,62,53,26,43,26,33,37,34,29,35,38,24,56,26,21,53,40,52,52,51,21,15,53,53,43,33,11,41,12,45,52,32,25
21,41,22,20,28,10,41,19,34,40,41,2,41,41,16,11,13,20,5,3,37,3,7,22,15,34,40,4,18,4,26,20,7,34,9,21,21,18,30,42,32,31,19,25,30,14,28,33,17,3,33,0,42,41,8,16,27,11,6,12,9,3,37,10,44,8,14,41,38,28,40,38,17,23,34,41,17,25,26,22,25,26,40,18,33
31,49,48,26,60,41,39,50,35,35,35,41,37,35,50,47,34,48,40,43,17,41,39,56,48,64,36,40,50,38,24,54,43,33,38,48,48,39,33,41,39,25,39,36,43,50,40,36,50,39,62,41,0,38,44,37,42,46,42,48,45,40,42,46,27,40,47,35,41,36,34,33,50,56,14,36,34,61,60,24,59,20,37,35,52
30,31,39,25,51,40,2,42,35,6,6,40,2,5,43,46,33,40,38,42,24,40,38,48,45,55,4,39,42,37,25,52,42,13,37,39,39,32,21,12,26,19,38,26,31,49,27,24,46,38,53,40,38,0,43,36,31,45,41,47,44,39,26,45,13,39,46,3,22,35,6,6,45,47,25,4,33,60,54,24,52,22,5,31,40
23,38,16,23,21,16,43,13,37,43,43,9,44,43,11,8,15,14,10,11,39,9,8,15,9,28,43,7,13,9,29,13,9,36,13,16,16,16,29,45,29,34,25,22,24,14,25,30,11,7,26,9,45,44,0,21,23,14,12,15,11,10,34,7,47,4,8,43,35,31,42,41,12,16,36,44,21,19,19,25,18,29,42,18,27
9,39,28,16,39,12,36,27,28,36,37,16,37,36,26,23,9,25,14,17,32,17,15,32,24,44,36,17,27,13,22,30,20,30,12,28,28,18,25,38,30,27,9,22,28,27,26,28,26,16,42,16,38,37,20,0,25,23,13,24,21,14,35,22,40,17,23,37,36,16,35,34,27,33,30,37,5,37,36,18,35,22,36,15,37
27,17,13,26,25,28,30,16,37,30,30,28,31,30,18,30,22,15,27,30,32,29,24,22,19,27,30,27,16,26,28,26,28,23,25,13,13,13,12,30,9,25,31,9,5,33,5,11,20,27,28,28,43,31,23,27,0,33,29,34,29,28,14,28,34,21,20,30,16,34,29,28,20,21,31,31,24,41,28,22,26,24,29,13,15
26,46,26,25,27,19,46,23,39,45,46,11,46,46,21,10,18,24,15,12,42,11,15,21,19,34,45,10,23,14,31,19,11,39,15,26,26,23,35,47,37,36,29,30,35,11,33,38,21,9,32,11,47,46,12,23,32,0,15,4,6,12,42,10,49,13,18,46,43,33,45,43,22,22,39,46,23,24,25,27,24,31,45,23,37
20,41,25,21,32,8,41,22,35,41,41,7,42,41,20,15,11,23,5,7,37,7,7,26,18,38,41,8,22,4,27,24,11,34,8,25,25,18,31,43,32,32,17,25,30,18,29,34,20,7,36,6,43,42,12,14,28,15,0,16,13,4,38,14,45,12,17,41,39,28,40,39,21,27,34,42,15,29,30,23,29,26,40,19,36
25,45,27,25,28,19,45,24,39,45,45,10,46,45,21,11,17,25,14,12,41,11,15,21,20,34,45,9,23,13,31,19,12,38,15,26,26,22,35,47,36,35,28,29,34,9,33,37,22,9,33,10,46,45,13,23,32,4,14,0,6,12,42,11,48,13,19,45,43,32,44,43,22,22,38,46,23,25,25,27,24,30,44,23,38
24,44,23,24,22,18,44,20,38,44,44,9,45,44,17,5,16,21,13,10,40,9,13,16,15,29,44,8,19,12,30,14,9,37,14,22,22,21,34,46,35,35,27,28,31,9,31,36,18,8,27,9,46,45,8,22,29,6,13,6,0,11,41,6,48,10,15,44,42,31,43,42,18,17,37,45,22,20,20,26,19,29,43,22,34
20,39,23,19,30,8,39,20,33,39,40,4,40,39,18,13,10,21,3,4,35,4,5,24,16,36,39,6,20,2,25,22,9,33,7,23,23,17,29,41,31,30,17,24,29,16,27,32,18,5,34,3,41,40,10,14,26,12,4,14,11,0,36,12,43,10,15,40,37,27,38,37,19,25,33,40,15,27,28,21,27,25,39,17,34
32,10,22,27,34,36,26,25,36,26,26,37,27,26,27,40,30,24,35,39,31,38,34,31,28,35,26,36,25,34,27,35,38,18,33,22,22,21,11,24,8,21,39,15,12,43,9,8,29,36,37,37,42,26,33,35,13,42,37,44,39,36,0,38,29,31,29,26,6,37,25,24,29,31,30,27,32,51,37,25,35,23,25,21,15
26,42,20,25,19,19,45,17,39,45,46,10,46,45,15,4,17,18,14,12,41,11,12,12,12,25,45,9,17,13,31,11,9,39,15,20,20,21,33,47,33,36,28,26,28,9,30,35,16,9,24,10,47,46,7,23,27,10,15,11,6,12,39,0,49,8,13,46,40,33,44,43,15,14,39,46,23,16,16,27,16,31,45,23,31
33,34,42,28,54,43,14,45,38,10,10,43,12,10,46,49,36,43,41,45,13,43,41,51,48,58,11,42,45,40,28,55,45,15,40,42,42,36,24,20,29,19,41,29,34,52,30,27,49,41,57,43,27,13,46,39,34,48,44,50,47,42,29,48,0,42,49,10,24,38,9,8,49,50,14,11,36,63,57,27,55,22,12,34,43
20,35,15,20,23,15,40,12,34,40,40,8,41,40,10,10,12,13,9,10,36,9,7,16,8,28,39,6,12,8,25,15,8,33,10,15,15,14,27,41,26,30,24,19,23,14,23,28,11,6,26,8,41,40,4,18,20,13,12,14,10,9,32,8,43,0,7,40,33,27,39,38,11,17,33,40,18,22,20,21,19,25,39,15,26
25,34,11,25,19,20,45,8,39,45,45,13,46,45,6,12,17,11,14,15,41,14,12,13,4,24,44,11,8,13,30,11,13,38,15,11,10,17,28,46,27,35,29,21,20,18,23,29,6,12,22,13,46,45,8,23,20,18,17,19,14,15,31,11,48,6,0,45,33,32,44,43,6,14,38,45,23,23,20,26,18,30,44,20,22
30,30,38,25,50,40,5,42,34,3,4,40,3,3,43,46,33,40,38,42,22,40,38,48,45,55,3,39,42,37,25,52,42,12,37,39,39,32,21,14,25,19,38,26,31,49,27,23,46,38,53,40,35,3,42,36,31,45,41,47,43,39,26,45,10,39,46,0,21,35,3,3,45,47,22,1,33,60,54,23,52,21,3,31,40
32,11,26,27,38,38,21,29,36,20,21,39,22,21,31,42,32,28,37,41,31,40,36,35,32,40,21,38,29,36,27,39,40,13,35,26,26,23,12,18,9,21,39,16,17,45,13,8,33,38,41,39,42,22,35,36,16,44,39,46,41,38,6,40,24,33,33,21,0,37,20,18,33,35,30,21,33,53,41,25,39,23,20,23,20
11,45,37,12,48,24,36,36,17,36,36,27,37,36,35,33,20,34,25,29,32,27,25,41,33,53,35,26,36,24,21,40,29,29,24,37,37,26,29,38,35,26,16,28,35,36,33,32,36,25,52,27,37,36,29,16,32,32,27,34,30,26,38,32,39,26,33,36,37,0,35,34,36,43,29,37,16,47,45,17,45,21,35,22,44
29,29,37,24,49,38,7,41,33,1,3,38,5,2,42,45,32,39,37,41,20,39,37,47,43,54,2,38,40,36,24,51,41,11,36,37,37,31,20,15,24,18,37,24,30,48,26,22,44,37,52,38,34,6,41,34,30,44,39,45,42,38,25,44,9,38,44,3,20,34,0,2,44,46,21,3,32,59,53,22,51,20,3,30,38
28,28,36,23,48,37,7,40,32,2,3,37,5,3,41,43,31,38,36,39,19,38,35,46,42,52,3,37,39,35,23,49,40,9,34,36,36,30,18,14,23,17,35,23,29,47,25,21,43,36,51,37,33,5,40,33,28,43,38,44,41,37,24,42,8,37,43,3,19,33,2,0,43,45,20,3,31,57,52,21,50,19,4,29,37
30,33,10,29,18,25,45,7,44,45,45,18,46,45,4,15,22,10,19,20,46,19,17,13,4,22,44,16,6,18,35,12,18,38,19,9,9,19,27,46,26,39,34,21,19,22,22,28,6,17,20,18,51,45,13,27,18,23,22,24,19,19,30,15,48,11,6,45,32,37,44,43,0,14,43,46,28,27,21,31,18,35,44,24,20
36,35,12,36,12,30,47,13,50,47,47,23,48,47,13,14,28,14,25,25,49,24,23,3,12,16,46,22,12,24,42,8,22,40,26,12,11,22,30,49,28,41,40,23,21,21,24,30,15,22,15,23,56,47,16,34,20,23,27,24,18,25,32,14,50,17,14,47,34,43,46,45,14,0,47,48,34,25,12,35,8,40,46,26,21
23,38,39,19,51,33,26,42,27,22,23,33,25,22,42,39,26,40,32,35,3,34,31,48,40,55,23,32,41,30,18,46,35,21,30,39,39,30,21,29,27,12,31,26,32,42,28,24,42,32,54,33,15,25,36,29,32,38,34,40,37,33,30,38,14,33,39,22,29,29,21,20,42,48,0,23,26,53,52,17,51,10,24,27,40
30,31,39,26,51,40,5,42,35,2,3,40,3,2,44,46,33,40,39,42,22,41,38,48,45,55,3,39,42,37,26,52,42,12,37,39,39,33,21,15,26,19,38,26,32,49,28,24,46,39,54,40,36,4,43,36,31,45,41,47,44,40,27,45,10,40,46,1,21,35,3,3,46,48,23,0,33,60,54,24,52,22,3,31,40
7,36,28,13,39,13,34,27,27,34,35,17,35,34,26,24,9,25,15,18,30,18,15,32,24,44,34,17,27,15,20,31,20,28,13,28,28,17,23,36,28,25,10,20,26,27,24,26,27,16,42,17,36,35,20,5,23,23,15,24,21,16,33,23,38,17,23,35,34,16,33,32,27,33,28,35,0,38,36,16,36,20,33,13,35
41,55,33,41,28,34,61,30,55,61,61,26,62,61,28,15,33,31,29,28,57,27,27,25,25,35,61,25,30,28,47,21,25,54,31,32,32,35,48,63,47,52,44,40,41,23,42,49,28,25,33,26,63,62,20,39,40,26,30,27,22,28,52,17,65,23,25,61,53,49,60,59,27,26,55,62,39,0,26,43,25,47,60,37,44
39,41,19,39,6,33,54,19,53,53,54,26,54,54,19,17,31,20,28,28,55,27,26,12,18,13,53,25,19,27,45,9,25,47,29,18,18,28,36,55,34,48,43,29,28,24,30,37,21,25,11,26,60,54,19,37,27,26,30,27,21,27,38,17,57,20,20,54,41,46,53,51,20,12,52,54,37,25,0,41,5,44,53,32,28
12,31,27,7,39,22,23,29,19,23,23,22,24,23,31,28,15,27,21,24,19,23,20,36,29,43,22,21,29,19,10,35,24,16,19,27,27,17,15,25,21,13,20,15,24,31,21,18,31,21,42,22,25,23,25,18,21,27,23,29,26,22,25,27,26,22,28,23,24,17,22,21,31,35,16,24,15,42,41,0,40,8,22,13,33
38,39,17,38,7,32,52,17,52,51,52,25,52,52,17,16,30,18,27,27,53,26,25,8,15,13,51,24,17,26,44,9,24,45,28,16,16,27,34,53,32,46,42,27,26,23,28,35,19,24,12,25,59,52,18,36,25,25,29,26,21,27,36,16,55,19,18,52,39,45,51,49,18,8,51,52,36,25,5,40,0,43,51,30,26
15,31,31,11,43,25,21,34,19,21,21,25,22,21,34,31,18,32,24,27,12,26,23,40,32,48,21,25,33,23,10,38,28,14,22,31,31,23,15,23,21,12,23,20,25,34,21,17,34,24,46,25,20,22,28,21,25,31,26,32,29,25,23,30,22,25,31,22,23,21,20,19,34,40,10,22,19,45,44,9,43,0,20,19,34
29,30,37,24,49,39,5,41,33,3,2,39,5,4,42,45,32,39,37,41,23,39,37,47,43,54,1,38,41,36,24,51,41,11,36,38,38,31,20,13,24,18,37,25,30,48,26,22,44,37,52,39,37,5,41,35,30,44,40,46,42,38,25,44,11,38,45,3,20,34,3,4,44,46,24,3,32,59,53,22,51,20,0,30,39
15,25,17,15,29,18,31,18,29,31,31,19,32,31,21,25,11,16,16,21,30,19,17,26,22,33,31,18,18,16,21,28,21,24,14,17,17,5,15,33,16,23,20,9,15,28,13,17,22,17,31,19,36,31,18,16,12,24,19,26,22,18,22,23,35,15,21,31,23,22,30,29,23,25,27,32,13,36,32,14,30,19,30,0,24
37,19,18,37,25,38,40,19,47,39,40,33,41,40,19,32,32,20,35,35,42,34,32,23,20,23,39,32,18,33,38,26,33,32,33,18,17,23,22,37,16,35,42,20,11,38,13,20,21,32,25,33,53,40,28,38,15,38,37,39,34,35,15,31,43,26,21,40,20,44,39,37,21,22,41,40,35,43,29,33,27,34,39,24,0
