Name: ber-n45-m4-c3-OD-small
Type: GPDPOD-IMC
Commodity type: 4
Compartment num: 3
CapacityHD: 100
VehicleHDs: 14
CapacityOD: 50
VehicleODs: 9
ID Xc Yc DEMAND StartT EndT SerT PairedID
0,52.4517877,13.3258861,[0, 0, 0, 0],0,240,0,0
1,52.439686,13.5028879,[14, 6, 2, 31],19,139,5,23
2,52.4308234,13.4770584,[14, 6, 2, 25],10,130,5,24
3,52.454363,13.6174176,[7, 2, 1, 13],56,176,5,25
4,52.6059082,13.2374783,[14, 6, 2, 10],28,148,5,26
5,52.4217253,13.5388728,[14, 6, 2, 24],0,110,5,27
6,52.4160947,13.4991712,[7, 2, 1, 11],0,240,5,28
7,52.4925644,13.5090673,[3, 1, 0, 5],0,120,5,29
8,52.4289105,13.4800376,[7, 2, 1, 6],81,201,5,30
9,52.4957737,13.2623807,[14, 6, 2, 14],76,196,5,31
10,52.4905608,13.5364526,[14, 6, 2, 8],96,216,5,32
11,52.498343,13.6234811,[14, 6, 2, 32],14,134,5,33
12,52.6079581,13.4151594,[3, 1, 0, 6],91,211,5,34
13,52.602186,13.2441879,[3, 1, 0, 6],47,167,5,35
14,52.4852061,13.5578268,[7, 2, 1, 9],75,195,5,36
15,52.5868618,13.2766924,[14, 6, 2, 16],7,127,5,37
16,52.6130445,13.4920954,[14, 6, 2, 8],63,183,5,38
17,52.5931358,13.2742196,[14, 6, 2, 17],0,119,5,39
18,52.4306507,13.478281,[14, 6, 2, 34],135,240,5,40
19,52.6112817,13.2399281,[14, 6, 2, 8],17,137,5,41
20,52.4623986,13.419665,[7, 2, 1, 9],82,202,5,42
21,52.4176378,13.4772922,[3, 6, 1, 4],28,148,5,43
22,52.4878607,13.5201731,[7, 2, 1, 16],17,137,5,44
23,52.5200301,13.3026896,[-14, -6, -2, -31],49,169,5,1
24,52.4951925,13.5548604,[-14, -6, -2, -25],40,160,5,2
25,52.6207961,13.2223992,[-7, -2, -1, -13],119,208,5,3
26,52.6300921,13.2879298,[-14, -6, -2, -10],49,169,5,4
27,52.4221335,13.3417295,[-14, -6, -2, -24],40,160,5,5
28,52.5534562,13.4463303,[-7, -2, -1, -11],0,240,5,6
29,52.5548837,13.1606257,[-3, -1, 0, -5],54,174,5,7
30,52.6073611,13.2580825,[-7, -2, -1, -6],130,211,5,8
31,52.4231686,13.5409597,[-14, -6, -2, -14],114,216,5,9
32,52.5741403,13.5151341,[-14, -6, -2, -8],121,203,5,10
33,52.45099,13.4469987,[-14, -6, -2, -32],58,178,5,11
34,52.5744059,13.2204185,[-3, -1, 0, -6],132,210,5,12
35,52.5420988,13.1303154,[-3, -1, 0, -6],93,207,5,13
36,52.6238655,13.3107912,[-7, -2, -1, -9],137,210,5,14
37,52.4650081,13.4905421,[-14, -6, -2, -16],46,166,5,15
38,52.4626888,13.3098822,[-14, -6, -2, -8],108,228,5,16
39,52.6304672,13.2890824,[-14, -6, -2, -17],17,137,5,17
40,52.4799371,13.4810998,[-14, -6, -2, -34],153,220,5,18
41,52.6025277,13.3139862,[-14, -6, -2, -8],36,156,5,19
42,52.552494,13.4319103,[-7, -2, -1, -9],109,212,5,20
43,52.4895023,13.5802481,[-3, -6, -1, -4],58,178,5,21
44,52.6117818,13.2371153,[-7, -2, -1, -16],70,190,5,22
StartID EndID StartX StartY EndX EndY StartT EndT
45,54,52.4266618,13.6889283,52.4340296,13.5057526,22,484
46,55,52.5397424,13.5002961,52.5257847,13.2382346,40,541
47,56,52.525996,13.4929947,52.5189359,13.5480768,90,450
48,57,52.5656642,13.5574775,52.4232751,13.4018251,2,506
49,58,52.6060969,13.2363266,52.5283892,13.4024879,0,450
50,59,52.488621,13.5159467,52.4398017,13.4648817,0,432
51,60,52.6056468,13.241672,52.5077177,13.1871842,6,468
52,61,52.6011431,13.244155,52.4945874,13.3972483,57,528
53,62,52.4840666,13.5241062,52.4197227,13.3478339,111,471
edge
0,20,19,38,30,22,22,30,19,16,29,41,37,29,32,25,41,26,19,30,13,21,27,15,35,33,32,10,27,32,31,23,37,16,30,33,30,19,5,32,19,28,26,36,30,42,31,29,39,31,28,31,28,28,19,18,35,14,21,18,25,14,9
21,0,7,23,40,9,8,15,6,26,14,25,39,39,17,35,42,36,7,40,13,7,12,25,20,43,42,24,28,42,40,9,29,10,40,43,40,7,21,42,10,38,27,21,40,26,22,22,28,41,13,41,38,13,3,28,20,18,23,9,35,18,23
20,7,0,27,39,10,5,21,2,25,19,30,39,38,22,34,42,35,1,39,10,4,18,24,25,42,41,19,29,41,39,11,34,7,39,42,39,10,20,41,13,36,27,25,39,30,27,26,33,39,18,39,37,18,6,27,25,12,24,3,34,17,18
36,20,24,0,55,18,22,21,23,41,18,18,47,54,14,50,48,51,24,55,28,23,18,40,17,58,57,39,35,57,55,17,35,25,55,58,55,18,36,57,20,52,35,15,55,20,28,28,31,55,19,55,53,19,19,43,22,34,33,25,50,31,39
30,40,39,58,0,43,42,43,39,25,45,50,28,3,48,9,37,8,39,3,33,41,44,20,47,7,16,37,29,25,8,43,39,37,15,31,14,39,26,16,39,11,27,48,3,62,38,36,44,1,45,2,3,45,39,23,44,39,25,38,29,31,37
24,9,10,20,43,0,7,20,10,29,19,23,43,42,15,38,47,39,10,43,16,10,17,28,18,46,45,27,33,45,43,1,34,13,43,46,43,12,24,45,15,41,31,18,43,23,27,27,31,44,18,44,41,18,7,31,23,22,28,13,38,21,27
24,8,5,25,43,7,0,22,5,29,20,29,43,42,20,38,47,39,5,43,15,5,19,28,23,46,45,23,33,45,43,8,36,11,43,46,43,13,24,45,17,40,31,24,43,28,29,29,35,44,19,43,41,20,7,31,27,17,28,8,38,21,22
32,17,21,25,42,21,22,0,21,37,7,17,31,40,14,36,33,37,21,41,22,21,5,30,13,44,43,36,19,49,42,21,20,21,47,52,39,14,32,43,15,38,19,15,41,32,13,13,18,42,4,42,40,6,18,37,11,31,17,22,45,20,35
20,7,1,27,40,10,5,21,0,26,19,30,40,38,22,35,43,35,1,39,11,4,18,25,24,42,42,20,29,41,40,11,34,7,40,43,40,10,21,42,13,37,28,25,39,30,27,26,33,40,18,40,38,18,6,28,25,13,24,4,35,18,18
15,25,24,43,25,28,27,35,25,0,34,45,32,23,38,19,38,20,24,24,18,26,33,10,40,27,27,22,27,24,25,28,37,22,24,25,25,24,11,27,24,22,25,41,24,47,34,32,41,25,33,25,23,33,24,10,39,24,22,23,16,19,22
30,15,19,22,45,19,21,7,19,35,0,18,32,43,12,39,34,40,20,44,22,19,5,33,14,47,46,34,20,51,45,19,20,19,49,52,42,12,30,46,14,41,22,15,44,29,13,14,19,45,5,45,43,6,16,38,11,30,21,20,44,24,33
42,26,30,21,50,24,29,17,30,46,18,0,37,48,12,45,39,45,30,49,32,30,17,38,12,52,52,45,26,57,50,24,24,31,55,60,48,24,42,51,26,46,27,9,49,31,19,19,20,50,18,50,48,18,26,45,11,41,26,31,53,29,45
36,38,39,49,27,43,42,29,39,32,32,37,0,26,34,22,13,23,39,27,32,41,30,26,33,30,25,42,13,41,27,42,16,36,36,45,21,32,33,24,30,19,12,35,27,57,22,20,23,27,31,27,25,32,39,30,28,41,18,37,40,24,41
28,38,37,57,3,41,40,41,38,24,44,49,26,0,46,8,36,7,37,4,31,39,42,18,45,7,15,36,27,24,8,42,38,35,13,30,13,37,24,15,38,10,25,47,4,61,36,35,42,3,43,3,1,44,38,22,43,38,24,36,28,29,35
33,17,22,18,48,16,21,15,22,39,11,12,35,47,0,43,37,43,22,48,26,22,11,36,4,51,50,37,24,55,48,16,22,23,53,56,46,16,34,49,18,44,25,5,48,25,17,17,18,48,12,48,46,12,18,41,9,32,24,23,48,27,37
24,35,34,53,10,37,37,37,34,20,40,45,23,9,43,0,31,6,34,11,27,36,39,15,42,14,13,32,23,23,10,38,33,31,19,28,11,34,21,13,34,8,21,43,11,57,32,31,38,10,40,10,8,40,34,18,39,34,20,33,25,26,31
42,41,44,53,37,46,47,33,44,39,35,40,13,36,38,31,0,33,44,37,37,46,34,34,37,40,35,46,17,48,37,46,18,40,45,52,31,36,40,35,34,29,17,38,37,60,25,23,24,37,35,37,35,35,43,37,31,46,23,42,47,29,46
25,35,34,54,9,38,37,38,35,20,40,46,23,7,43,5,33,0,34,10,28,36,39,15,42,13,12,33,24,27,9,39,35,32,17,32,10,34,21,12,35,7,22,44,10,58,33,31,39,9,40,9,7,41,34,19,39,35,21,33,28,26,32
20,7,1,27,40,10,5,21,2,26,19,30,40,38,22,34,43,35,0,39,11,4,18,25,24,42,41,19,29,41,40,11,34,7,39,42,40,10,20,41,13,37,28,25,39,30,27,26,33,40,18,40,38,18,6,28,25,13,24,3,34,18,18
29,39,39,58,3,42,41,42,39,25,45,50,28,4,47,11,37,9,39,0,32,40,43,19,46,6,13,37,28,27,6,43,39,36,16,32,14,38,25,14,39,11,26,48,1,62,38,36,43,3,44,3,4,45,39,23,44,39,25,37,30,30,36
14,13,11,31,33,15,14,21,11,19,22,33,34,32,26,28,37,29,11,33,0,13,20,18,28,36,35,15,23,35,33,16,32,7,33,36,33,12,14,35,11,30,22,29,33,35,25,22,33,34,21,33,31,21,12,21,27,12,18,9,28,11,14
22,7,4,27,42,10,4,21,4,28,19,30,42,41,22,37,45,38,4,42,14,0,18,27,25,45,44,22,32,44,42,11,35,10,42,45,42,12,23,44,16,39,30,25,42,30,28,28,33,42,18,42,40,19,6,30,26,15,26,7,37,20,20
28,13,18,22,44,18,19,5,18,34,5,17,32,43,12,39,34,40,18,44,20,18,0,32,14,47,46,32,20,50,44,17,20,18,48,51,42,11,29,46,12,40,21,15,44,29,13,13,19,44,1,44,42,3,15,36,11,28,20,19,43,23,31
15,25,24,44,20,28,27,30,25,11,33,38,27,18,36,14,33,15,24,19,18,26,32,0,35,22,22,23,21,22,20,29,32,22,20,23,20,24,11,21,25,17,19,36,19,48,27,25,35,20,32,20,18,33,25,9,32,25,15,23,18,14,22
36,20,25,21,47,19,23,14,24,42,14,12,34,45,4,41,36,42,25,46,28,25,14,35,0,49,49,40,22,54,47,18,21,26,52,57,45,19,37,48,21,43,24,5,46,28,15,16,17,47,15,47,45,15,21,42,8,35,23,26,50,26,39
32,42,42,61,7,45,44,45,42,28,48,53,31,7,50,14,40,12,42,6,35,43,46,22,49,0,15,40,31,28,9,46,42,39,17,34,17,41,28,15,42,14,29,51,5,65,41,39,46,7,47,8,7,48,42,26,47,42,28,40,32,33,39
31,42,41,60,16,44,44,44,41,27,47,52,25,15,50,13,35,11,41,14,34,43,46,22,49,15,0,39,29,35,16,45,37,38,25,39,5,41,28,1,41,11,27,50,14,64,38,37,44,16,47,15,14,47,41,25,45,41,27,40,35,33,38
10,24,20,43,39,27,23,35,20,25,33,45,43,37,37,33,46,34,20,38,15,22,32,23,40,41,41,0,33,40,39,28,42,19,39,42,39,23,14,41,24,36,31,41,38,47,36,34,44,39,33,39,37,33,24,27,40,13,26,20,34,19,2
28,27,30,39,30,32,33,18,30,28,21,26,14,28,24,24,16,25,30,29,23,32,20,22,23,32,30,32,0,37,30,32,13,27,35,41,26,22,29,29,20,24,2,24,29,46,11,9,16,30,21,30,28,21,29,26,18,32,11,28,36,15,32
31,41,41,60,25,44,43,50,41,26,50,57,41,24,54,24,47,28,41,27,34,42,49,22,54,28,35,39,36,0,31,45,47,38,14,11,33,40,28,35,41,30,34,55,27,64,45,43,51,26,50,26,24,50,41,15,51,41,33,39,16,35,38
29,39,38,57,9,42,41,42,39,24,44,49,27,9,47,9,37,8,38,7,32,40,43,19,46,10,16,37,28,30,0,42,39,36,19,35,14,38,25,15,39,11,26,47,7,61,37,35,43,9,44,9,8,44,38,23,43,39,25,37,32,30,36
24,9,11,19,44,1,8,20,10,30,18,22,44,43,14,39,46,39,11,44,16,11,17,29,17,47,46,28,32,46,44,0,34,14,44,47,44,12,25,46,15,41,31,18,44,22,27,27,31,44,17,44,42,18,7,32,22,22,28,13,39,22,27
37,30,35,39,39,35,36,20,34,38,21,25,16,38,23,33,18,35,35,39,32,35,20,32,22,42,37,42,13,47,40,34,0,33,45,51,33,27,38,37,25,32,13,23,39,46,12,14,8,40,21,40,37,21,31,37,16,41,20,35,46,24,41
16,9,7,28,36,12,11,20,8,22,18,30,35,34,22,31,39,31,7,35,6,10,17,21,25,38,38,18,25,37,36,13,34,0,36,39,36,8,17,38,11,33,23,25,35,32,26,23,33,36,18,36,34,18,9,24,25,14,20,6,31,13,17
30,40,39,58,15,43,42,48,40,25,49,56,36,14,53,18,46,17,39,16,33,41,48,20,53,18,25,38,35,14,20,43,45,37,0,20,23,39,26,25,39,20,33,54,17,62,44,42,49,15,48,15,13,48,39,16,50,39,31,38,18,33,37
33,43,42,61,31,46,45,52,43,27,52,60,45,30,56,28,51,32,42,33,36,44,51,24,57,34,39,41,40,12,36,46,51,40,20,0,37,42,29,39,42,34,38,58,33,65,49,47,55,32,51,32,29,51,42,17,54,42,37,41,15,37,40
30,40,39,58,14,42,42,41,39,25,43,48,21,13,46,11,31,10,39,14,33,41,42,20,45,17,5,37,25,33,14,43,33,36,23,37,0,39,26,5,38,7,23,46,14,62,34,33,40,14,43,14,12,43,39,23,41,39,23,38,33,30,37
20,7,10,22,39,12,12,14,11,25,12,24,34,38,16,34,37,35,10,39,12,11,11,24,19,42,41,23,23,41,39,12,27,9,39,42,39,0,20,41,5,36,22,20,39,27,20,18,26,39,11,39,37,11,8,27,18,20,18,10,34,15,23
5,21,20,39,27,24,23,31,20,13,30,42,34,25,34,21,40,22,20,26,14,22,28,11,36,29,29,14,28,28,27,24,38,18,27,30,27,20,0,28,20,24,26,37,26,43,32,30,40,27,29,27,25,29,20,15,36,17,20,19,22,15,13
31,42,41,60,16,44,44,44,41,27,47,52,25,15,49,13,35,11,41,14,34,43,45,22,48,15,1,39,29,35,16,45,37,38,24,39,5,40,28,0,41,10,27,50,14,64,38,36,43,16,46,16,14,47,41,25,45,41,27,40,35,33,38
20,10,13,24,40,15,16,14,14,26,14,26,31,39,18,35,34,35,13,40,11,15,12,25,21,43,42,24,20,42,40,14,26,12,40,43,38,5,21,42,0,36,19,22,40,29,19,15,27,40,13,40,38,13,12,28,20,21,15,13,35,14,23
27,37,36,56,12,40,39,38,37,22,41,46,19,10,44,8,29,7,36,11,30,38,40,17,43,14,11,35,23,30,12,41,31,34,20,34,7,36,23,11,36,0,21,44,11,60,32,30,38,12,41,12,10,41,37,21,39,37,21,35,30,28,34
28,28,30,41,28,33,33,20,30,26,23,28,13,27,26,23,16,24,30,28,23,32,22,21,25,31,29,32,2,35,28,32,13,26,34,40,25,23,27,28,20,23,0,26,28,47,13,11,17,29,23,29,26,23,29,25,20,32,9,28,34,15,32
37,21,25,18,48,20,24,15,25,42,15,9,35,47,5,43,37,43,25,48,29,25,15,36,5,51,50,41,24,55,48,19,22,27,53,58,46,20,37,49,22,44,25,0,48,27,17,17,18,48,15,48,46,16,21,43,10,36,24,26,51,27,40
29,39,39,58,3,42,41,42,39,25,45,50,28,5,48,11,37,9,39,1,32,40,43,20,46,5,14,37,28,27,6,43,39,36,16,33,14,38,26,14,39,11,26,48,0,62,38,36,43,3,44,3,4,45,39,23,44,39,25,37,31,30,36
44,26,30,24,64,24,29,33,30,49,29,30,57,62,26,58,59,59,30,63,36,30,30,48,28,66,65,48,45,65,64,24,46,33,63,66,64,27,44,65,29,61,45,28,63,0,39,39,42,64,30,64,62,30,26,52,33,41,43,32,58,39,46
32,23,28,32,38,28,29,13,28,35,14,19,23,36,17,32,24,33,28,37,25,28,13,27,16,40,38,36,11,45,38,27,12,26,43,49,34,20,32,38,18,32,12,17,37,39,0,4,12,38,14,38,36,14,24,34,10,35,14,28,42,18,35
30,22,25,32,36,27,28,12,25,33,14,19,21,34,17,30,23,31,25,35,21,26,13,25,16,38,36,34,9,43,36,26,14,23,41,47,32,16,30,36,14,30,11,17,35,39,4,0,13,36,14,36,34,14,23,32,11,31,12,24,40,16,33
39,28,33,34,43,33,34,17,32,41,19,21,23,42,18,38,24,39,33,43,32,33,17,35,17,46,44,44,16,50,44,32,8,33,49,55,40,25,40,43,26,38,17,19,43,42,11,12,0,44,18,44,41,19,29,40,11,43,22,33,49,26,43
30,40,39,58,1,43,42,43,39,25,45,50,28,3,48,10,38,9,39,3,33,41,44,20,47,7,16,37,29,26,8,43,39,37,15,31,14,39,26,16,39,12,27,48,3,62,38,36,44,0,45,2,3,45,39,24,44,39,25,38,29,31,37
29,14,19,23,44,19,20,4,18,35,5,18,33,43,12,39,35,40,19,44,21,19,1,32,15,47,46,33,21,50,44,18,21,19,48,51,42,11,29,46,13,40,21,16,44,30,14,14,20,44,0,44,42,3,15,37,12,29,20,19,43,22,32
30,40,39,58,3,42,42,42,39,25,45,50,27,2,48,9,37,8,39,4,33,41,44,20,47,8,16,37,29,25,8,43,39,36,15,31,14,39,26,16,39,11,27,48,5,62,38,36,43,3,45,0,2,45,39,23,44,39,25,38,29,31,36
28,38,37,56,2,41,40,41,37,23,43,48,25,1,46,7,35,6,37,4,31,39,42,18,45,7,14,35,27,23,9,41,37,34,13,29,12,37,24,14,37,9,25,46,4,60,36,34,41,3,43,3,0,43,37,21,42,37,23,36,27,29,35
28,13,18,22,44,18,19,6,17,34,4,17,32,43,11,39,34,40,18,44,20,18,2,32,14,47,46,32,20,49,44,17,20,18,47,50,42,10,28,46,12,40,21,15,44,29,13,13,19,45,3,44,42,0,14,36,11,28,20,18,42,23,31
20,3,6,23,40,7,7,17,6,26,15,26,40,38,18,34,43,35,6,39,12,6,14,25,21,42,42,24,29,41,40,7,31,9,39,42,40,8,20,41,11,37,28,21,39,26,23,24,29,40,14,40,38,14,0,28,22,18,24,9,34,18,23
18,28,27,46,24,31,30,37,28,12,37,45,31,22,41,18,37,19,27,23,21,29,36,9,42,26,25,26,25,15,24,31,36,25,16,17,24,27,14,25,28,21,24,43,23,50,34,32,40,24,36,24,22,36,27,0,39,27,22,26,12,22,25
35,20,25,26,43,25,26,10,25,39,11,12,29,42,10,38,30,39,25,43,26,25,10,31,9,46,44,39,17,50,43,24,15,25,48,53,40,18,36,44,19,38,19,10,43,34,10,11,11,43,11,43,41,11,22,38,0,35,19,26,46,22,39
14,18,13,38,40,21,16,30,13,26,29,40,42,39,32,35,45,36,13,40,11,15,27,25,35,43,42,13,32,42,40,22,41,15,40,43,40,20,17,42,21,37,30,35,40,41,35,32,43,41,28,40,38,28,18,28,35,0,26,13,35,19,12
22,23,24,37,25,28,28,18,25,23,21,26,19,24,24,20,23,21,24,25,18,27,20,15,23,28,27,26,10,32,25,28,20,21,30,37,23,18,20,27,16,21,8,24,25,42,14,12,22,26,21,25,23,21,25,22,20,26,0,23,30,9,26
19,9,4,28,39,12,7,21,4,24,19,31,38,37,23,33,41,34,4,38,9,6,18,24,25,41,40,19,28,40,39,13,35,6,38,41,39,10,19,40,13,36,26,26,38,31,28,25,34,39,18,39,37,19,9,27,26,13,23,0,33,16,18
24,34,33,53,29,37,36,44,34,17,43,53,40,27,47,24,46,28,33,30,27,35,42,18,49,32,34,32,34,16,33,38,45,31,17,15,33,33,20,34,34,30,33,50,30,57,42,40,49,29,43,29,27,43,34,11,46,34,29,32,0,28,31
15,19,18,34,31,22,21,19,18,21,23,29,25,30,26,26,28,26,18,31,11,20,22,15,25,34,33,20,15,35,31,22,24,14,33,36,30,15,16,33,14,28,13,27,31,39,18,16,26,31,21,31,29,23,18,22,22,19,9,16,29,0,19
9,23,18,42,38,26,21,34,18,24,33,45,42,37,36,33,45,34,18,38,14,20,31,23,39,41,40,2,32,40,38,27,41,18,38,41,38,23,13,40,24,35,30,40,38,46,35,33,43,38,32,38,36,32,23,26,39,11,26,18,33,19,0
