Name: ber-n10-m4-c2-OD-small
Type: GPDPOD-IMC
Commodity type: 4
Compartment num: 2
CapacityHD: 100
VehicleHDs: 4
CapacityOD: 50
VehicleODs: 2
ID Xc Yc DEMAND StartT EndT SerT PairedID
0,52.4517877,13.3258861,[0, 0, 0, 0],0,240,0,0
1,52.4852061,13.5578268,[7, 2, 1, 9],75,195,5,6
2,52.4354935,13.4803357,[7, 2, 1, 5],5,125,5,7
3,52.6025727,13.4088858,[14, 6, 2, 7],20,140,5,8
4,52.6079581,13.4151594,[3, 1, 0, 6],91,211,5,9
5,52.6138067,13.2200883,[14, 6, 2, 29],0,110,5,10
6,52.6238655,13.3107912,[-7, -2, -1, -9],137,210,5,1
7,52.6166839,13.2287476,[-7, -2, -1, -5],59,179,5,2
8,52.5973753,13.3798194,[-14, -6, -2, -7],34,154,5,3
9,52.5744059,13.2204185,[-3, -1, 0, -6],132,210,5,4
10,52.4360337,13.4548105,[-14, -6, -2, -29],46,166,5,5
StartID EndID StartX StartY EndX EndY StartT EndT
11,13,52.439686,13.5028879,52.5200301,13.3026896,19,469
12,14,52.4818544,13.5250894,52.5528043,13.4701051,73,487
edge
0,32,18,36,37,33,30,32,32,30,18,20,28,15,28
33,0,22,37,35,51,46,49,37,53,24,17,12,36,21
19,22,0,39,39,42,39,40,38,39,5,7,18,24,29
35,36,40,0,3,28,19,27,8,34,39,39,33,25,16
36,34,38,3,0,30,21,29,9,36,38,38,32,26,14
32,51,41,28,30,0,17,4,23,16,41,43,48,23,35
30,46,38,19,21,17,0,16,14,23,38,40,43,20,29
31,49,39,28,29,4,16,0,22,17,39,41,46,21,33
31,37,39,8,10,23,14,22,0,29,38,38,34,21,18
30,53,38,34,36,16,23,17,29,0,38,40,48,20,38
17,24,5,39,39,42,39,40,38,39,0,10,20,24,29
21,17,7,39,39,43,40,42,39,40,10,0,13,25,26
29,12,18,34,33,48,43,46,34,48,20,14,0,33,19
15,36,23,25,27,22,20,21,21,20,24,25,33,0,24
29,22,28,17,16,35,28,33,19,37,28,25,19,24,0
