Name: ber-n15-m4-c2-OD-small
Type: GPDPOD-IMC
Commodity type: 4
Compartment num: 2
CapacityHD: 100
VehicleHDs: 4
CapacityOD: 50
VehicleODs: 3
ID Xc Yc DEMAND StartT EndT SerT PairedID
0,52.4517877,13.3258861,[0, 0, 0, 0],0,240,0,0
1,52.5931358,13.2742196,[14, 6, 2, 17],0,119,5,8
2,52.4393384,13.5531586,[7, 2, 1, 17],43,163,5,9
3,52.4024818,13.5095673,[14, 6, 2, 11],0,99,5,10
4,52.4953961,13.5103282,[14, 6, 2, 19],131,240,5,11
5,52.4626789,13.5239581,[14, 6, 2, 7],0,90,5,12
6,52.4843541,13.522605,[14, 6, 2, 11],0,100,5,13
7,52.4905608,13.5364526,[14, 6, 2, 8],96,216,5,14
8,52.6304672,13.2890824,[-14, -6, -2, -17],17,137,5,1
9,52.6086512,13.2338073,[-7, -2, -1, -17],105,210,5,2
10,52.5869354,13.2828903,[-14, -6, -2, -11],58,178,5,3
11,52.4997603,13.425228,[-14, -6, -2, -19],150,221,5,4
12,52.5072158,13.6102962,[-14, -6, -2, -7],25,145,5,5
13,52.6254697,13.3067828,[-14, -6, -2, -11],49,169,5,6
14,52.5741403,13.5151341,[-14, -6, -2, -8],121,203,5,7
StartID EndID StartX StartY EndX EndY StartT EndT
15,18,52.5062198,13.1838641,52.5722915,13.2802809,12,474
16,19,52.4925644,13.5090673,52.5548837,13.1606257,0,522
17,20,52.4351219,13.460394,52.6356544,13.297939,48,522
edge
0,26,24,25,29,23,27,29,32,31,24,18,40,31,37,27,30,18,25,32,35
25,0,40,40,37,38,40,40,12,9,4,27,44,10,35,29,38,33,9,27,14
26,41,0,14,17,9,14,15,47,46,39,21,20,46,31,42,18,15,40,47,49
26,41,14,0,24,16,21,23,47,46,39,23,33,46,38,42,24,10,40,47,50
31,36,17,25,0,11,6,7,42,42,35,14,14,39,19,45,2,22,35,48,42
24,39,9,18,11,0,8,9,46,45,38,17,20,44,25,40,11,15,38,45,48
29,41,15,23,6,9,0,5,47,46,39,19,17,44,21,45,5,19,40,50,47
30,40,15,24,7,10,5,0,46,46,38,19,16,43,20,46,7,20,39,51,46
31,11,46,47,43,44,46,47,0,15,12,34,50,4,37,36,44,40,15,35,4
30,9,45,46,42,43,45,46,15,0,10,33,49,16,40,30,43,39,14,26,17
24,4,38,39,36,37,38,39,12,10,0,26,43,11,32,26,37,32,6,24,14
19,27,20,24,14,16,18,19,34,33,26,0,24,32,23,33,15,16,26,38,35
41,44,20,33,14,20,16,16,50,49,42,24,0,47,23,53,15,31,43,55,50
30,10,45,45,40,43,43,44,4,15,11,32,47,0,34,35,41,38,14,33,5
37,35,31,39,19,25,20,21,37,40,32,23,24,34,0,48,20,35,34,47,37
26,29,41,41,45,39,44,45,36,31,26,34,53,35,47,0,46,34,25,16,38
32,37,18,26,2,11,6,7,43,42,35,15,15,40,20,46,0,22,36,49,43
18,34,14,10,21,13,18,20,41,40,33,16,31,39,35,35,21,0,33,40,43
24,9,38,39,36,37,38,39,15,14,6,26,43,14,33,25,37,32,0,23,18
31,28,46,47,49,44,49,50,35,26,24,38,56,34,47,16,50,40,23,0,38
34,14,49,49,44,47,46,47,4,17,15,35,50,5,37,39,44,42,18,37,0
