Name: ber-n45-m4-c3-OD-large
Type: GPDPOD-IMC
Commodity type: 4
Compartment num: 3
CapacityHD: 100
VehicleHDs: 14
CapacityOD: 50
VehicleODs: 54
ID Xc Yc DEMAND StartT EndT SerT PairedID
0,52.4517877,13.3258861,[0, 0, 0, 0],0,240,0,0
1,52.6112817,13.2399281,[14, 6, 2, 8],17,137,5,23
2,52.4840666,13.5241062,[14, 6, 2, 18],111,231,5,24
3,52.6010981,13.2444559,[14, 6, 2, 16],0,115,5,25
4,52.6105417,13.2394849,[14, 6, 2, 31],42,162,5,26
5,52.6126067,13.2331482,[7, 2, 1, 13],103,223,5,27
6,52.4292959,13.2650362,[14, 6, 2, 33],0,109,5,28
7,52.431731,13.4874223,[7, 2, 1, 5],0,119,5,29
8,52.427733,13.4777046,[7, 2, 1, 11],83,203,5,30
9,52.43691,13.4962049,[7, 2, 1, 5],0,99,5,31
10,52.5962372,13.3884412,[14, 6, 2, 32],0,112,5,32
11,52.4352535,13.4622307,[14, 6, 2, 16],0,109,5,33
12,52.6222012,13.2418927,[7, 2, 1, 17],0,104,5,34
13,52.4308234,13.4770584,[14, 6, 2, 25],10,130,5,35
14,52.4907049,13.524218,[14, 6, 2, 34],121,240,5,36
15,52.5209813,13.6461983,[7, 2, 1, 18],0,112,5,37
16,52.6094959,13.4228584,[14, 6, 2, 7],0,119,5,38
17,52.606512,13.2589195,[14, 6, 2, 19],81,201,5,39
18,52.450453,13.4470665,[14, 6, 2, 34],56,176,5,40
19,52.4217253,13.5388728,[14, 6, 2, 24],0,110,5,41
20,52.4927163,13.5137877,[14, 6, 2, 7],23,143,5,42
21,52.4273146,13.4919611,[14, 6, 2, 36],75,195,5,43
22,52.6004651,13.2417933,[7, 2, 1, 5],77,197,5,44
23,52.6025277,13.3139862,[-14, -6, -2, -8],36,156,5,1
24,52.4197227,13.3478339,[-14, -6, -2, -18],147,231,5,2
25,52.4961426,13.5731579,[-14, -6, -2, -16],50,170,5,3
26,52.4260394,13.587318,[-14, -6, -2, -31],99,207,5,4
27,52.387641,13.403541,[-7, -2, -1, -13],153,221,5,5
28,52.5619094,13.3621489,[-14, -6, -2, -33],34,154,5,6
29,52.5501478,13.2684209,[-7, -2, -1, -5],46,166,5,7
30,52.5613011,13.4458964,[-7, -2, -1, -11],121,210,5,8
31,52.4094959,13.5241,[-7, -2, -1, -5],15,135,5,9
32,52.4878073,13.5958536,[-14, -6, -2, -32],57,177,5,10
33,52.5697274,13.3219033,[-14, -6, -2, -16],41,161,5,11
34,52.532919,13.555719,[-7, -2, -1, -17],49,169,5,12
35,52.4951925,13.5548604,[-14, -6, -2, -25],40,160,5,13
36,52.4835717,13.5179176,[-14, -6, -2, -34],133,212,5,14
37,52.4334743,13.3707506,[-7, -2, -1, -18],49,169,5,15
38,52.5671999,13.5184297,[-14, -6, -2, -7],23,143,5,16
39,52.4919902,13.262796,[-14, -6, -2, -19],109,225,5,17
40,52.4556379,13.5817774,[-14, -6, -2, -34],87,207,5,18
41,52.4221335,13.3417295,[-14, -6, -2, -24],40,160,5,19
42,52.445441,13.4986863,[-14, -6, -2, -7],44,164,5,20
43,52.5687696,13.3779297,[-14, -6, -2, -36],120,215,5,21
44,52.5845909,13.3340929,[-7, -2, -1, -5],99,216,5,22
StartID EndID StartX StartY EndX EndY StartT EndT
45,99,52.4893958,13.5121263,52.4350081,13.4785181,0,435
46,100,52.4911116,13.5129825,52.4335535,13.4860376,130,460
47,101,52.5594006,13.4977269,52.4347539,13.7157242,81,441
48,102,52.5045113,13.4724578,52.488703,13.4082139,93,483
49,103,52.5187586,13.4887459,52.4560076,13.363978,37,487
50,104,52.4326493,13.4969351,52.5707958,13.4425,5,470
51,105,52.4623986,13.419665,52.552494,13.4319103,82,472
52,106,52.5090707,13.5007129,52.4351044,13.5125438,55,493
53,107,52.4360677,13.4894009,52.4369434,13.7128454,41,500
54,108,52.5045443,13.4905095,52.5637878,13.390152,70,502
55,109,52.4317501,13.2879485,52.4800251,13.4343746,83,500
56,110,52.5868618,13.2766924,52.4650081,13.4905421,7,484
57,111,52.498343,13.6234811,52.45099,13.4469987,14,506
58,112,52.4342392,13.4627541,52.5049554,13.4751741,113,473
59,113,52.6049144,13.2453924,52.5291393,13.1627468,0,720
60,114,52.6087709,13.4335265,52.4522848,13.1454437,76,463
61,115,52.481499,13.2905647,52.6457986,13.3023966,12,489
62,116,52.4280112,13.4940611,52.5834767,13.2965678,42,519
63,117,52.4316787,13.5113971,52.5545406,13.2063996,92,455
64,118,52.545092,13.1906944,52.5162192,13.6364342,12,552
65,119,52.6130445,13.4920954,52.4626888,13.3098822,63,558
66,120,52.5855199,13.4073566,52.526416,13.1948665,84,480
67,121,52.6032737,13.2222716,52.5433147,13.2422928,116,476
68,122,52.4213016,13.1575329,52.5536897,13.3722206,64,520
69,123,52.5656642,13.5574775,52.4232751,13.4018251,2,506
70,124,52.5113082,13.5208665,52.6358787,13.2730891,4,511
71,125,52.5305237,13.5420027,52.5807745,13.4036592,79,475
72,126,52.5696014,13.4691577,52.5486789,13.2242375,27,531
73,127,52.4335833,13.4898091,52.5096045,13.5495112,0,459
74,128,52.4478418,13.4766442,52.4757545,13.1286745,0,516
75,129,52.5023344,13.4496642,52.5124345,13.1770357,0,480
76,130,52.4985482,13.5481338,52.4229595,13.5620156,30,477
77,131,52.4817488,13.5347576,52.4900815,13.5294448,125,470
78,132,52.602186,13.2441879,52.5420988,13.1303154,47,527
79,133,52.4266618,13.6889283,52.4340296,13.5057526,22,484
80,134,52.4192615,13.2755279,52.5196412,13.2606392,116,476
81,135,52.6138067,13.2200883,52.4360337,13.4548105,0,498
82,136,52.3959905,13.41716,52.4388054,13.47731,52,481
83,137,52.6161155,13.2284906,52.5085312,13.235683,122,476
84,138,52.6091042,13.2467914,52.5669781,13.4108147,0,474
85,139,52.4883287,13.2859527,52.5399415,13.4418086,0,474
86,140,52.4575206,13.4991186,52.4070929,13.6528362,48,489
87,141,52.6128083,13.2200872,52.4877495,13.5667269,83,449
88,142,52.4372729,13.4717877,52.4030611,13.5267823,0,420
89,143,52.4929785,13.534346,52.5030946,13.552428,104,464
90,144,52.4983444,13.5128148,52.4379012,13.4644458,4,451
91,145,52.6079581,13.4151594,52.5744059,13.2204185,91,451
92,146,52.5041733,13.4497759,52.5714697,13.3435558,5,446
93,147,52.5762826,13.4334327,52.554923,13.417146,90,459
94,148,52.3884905,13.6326021,52.5401725,13.4423309,96,456
95,149,52.6096924,13.252677,52.4260036,13.6739588,0,579
96,150,52.4353736,13.4814957,52.6070266,13.2990105,82,475
97,151,52.4337183,13.4839426,52.5665884,13.3052383,59,536
98,152,52.4356307,13.4853072,52.4578608,13.1453329,0,720
edge
0,30,28,28,31,30,11,19,21,19,32,18,31,19,28,46,38,31,16,22,30,20,29,28,9,36,32,19,24,21,29,25,37,21,36,35,26,10,35,15,30,10,20,26,25,29,29,31,25,28,18,13,29,20,27,9,25,41,18,30,37,10,19,20,27,41,31,32,22,39,31,35,32,19,17,23,37,28,29,42,12,33,19,32,31,11,19,33,17,28,30,37,23,30,33,31,18,19,18,18,19,45,15,7,29,26,22,46,27,17,19,16,25,28,36,35,23,28,44,5,25,21,24,14,34,30,23,33,32,25,25,27,33,19,16,18,17,18,29,24,39,34,26,35,18,30,24,27,24,42,28,22,36
29,0,45,4,1,2,34,39,40,38,21,38,5,39,42,54,28,6,36,42,42,40,4,11,36,47,51,44,18,18,29,44,51,14,43,46,44,35,38,23,49,37,39,20,15,44,44,35,36,36,38,32,38,39,39,33,11,50,38,3,29,23,39,40,23,37,24,5,34,43,39,42,33,38,37,33,46,45,4,62,34,5,44,4,2,22,39,5,36,43,41,28,34,29,53,5,38,38,38,38,39,65,33,30,29,26,41,65,23,36,38,36,36,29,41,17,10,19,53,25,25,20,20,39,13,23,21,42,36,29,45,43,32,39,21,38,37,25,25,28,59,48,46,43,37,16,17,25,29,61,12,13,40
28,44,0,42,45,44,34,16,18,14,32,18,45,18,3,22,32,45,17,18,6,17,43,40,31,15,18,31,28,38,21,21,18,33,14,14,6,26,18,32,13,32,13,29,35,4,4,16,11,11,15,20,9,17,9,33,39,17,18,44,31,28,16,15,44,34,30,46,42,19,7,14,20,16,15,15,14,4,43,29,35,47,29,46,45,29,9,46,16,4,7,32,16,24,25,45,17,17,17,18,17,28,21,24,22,21,16,29,27,19,10,18,11,45,53,46,37,45,20,28,42,38,27,28,48,28,41,9,49,42,18,3,50,14,33,19,17,35,25,19,26,13,22,11,18,47,32,23,18,28,42,36,53
28,4,43,0,4,4,32,37,39,37,19,36,8,37,41,52,26,9,34,40,41,38,1,9,35,45,50,43,16,17,28,43,50,12,41,45,42,33,37,22,48,35,38,18,12,42,42,33,34,35,36,31,36,38,38,31,7,48,36,2,27,22,37,38,19,35,22,4,32,41,38,40,31,37,35,32,45,44,1,60,33,5,42,6,3,20,37,5,35,41,39,25,32,27,51,8,36,37,36,36,37,63,31,29,28,25,40,64,21,35,37,34,34,25,37,17,8,16,51,24,22,17,18,37,16,21,18,40,33,26,43,42,29,37,19,36,35,23,23,27,57,46,44,42,36,13,15,23,27,60,10,12,37
30,2,45,4,0,2,34,40,41,39,21,38,6,39,43,55,29,7,37,43,43,40,4,12,37,48,52,45,18,19,30,45,52,14,43,47,44,36,39,24,50,38,40,21,15,45,45,36,36,37,38,33,38,40,40,33,10,50,39,3,30,24,40,41,22,38,25,5,34,44,40,42,33,39,38,34,47,46,4,62,35,6,44,5,2,23,39,5,37,44,42,28,35,29,53,6,38,39,39,39,39,65,33,31,30,27,42,66,23,37,39,37,37,29,40,18,11,19,53,26,25,20,21,39,14,24,21,42,36,29,46,44,32,39,21,38,37,26,25,29,60,48,46,44,38,16,17,26,29,62,12,14,40
29,2,45,4,2,0,34,39,41,39,21,38,5,39,43,54,28,7,36,42,43,40,4,12,36,47,51,44,18,19,30,45,51,14,43,47,44,35,38,23,50,37,39,20,15,44,44,35,36,36,38,32,38,39,40,33,11,50,38,5,29,24,39,40,23,37,25,4,34,43,40,42,33,39,37,34,47,46,4,62,35,4,44,3,4,22,39,3,37,43,41,28,34,29,53,5,38,39,38,38,39,65,33,31,30,27,42,65,23,37,39,36,36,29,40,17,11,19,53,26,25,20,20,39,14,23,21,42,36,29,45,44,32,39,21,38,37,25,25,28,59,48,46,43,38,16,17,25,29,61,12,14,40
11,34,35,32,35,34,0,26,27,25,36,25,35,25,34,52,42,35,23,29,36,27,33,31,13,43,38,23,28,25,35,31,44,25,43,42,32,16,41,17,36,12,26,30,28,35,36,38,32,35,25,19,36,26,33,4,29,47,25,34,41,12,26,27,30,47,35,36,15,46,38,42,38,25,24,29,44,34,33,49,4,37,23,36,35,13,25,36,23,35,36,41,30,37,40,35,25,25,25,25,26,52,21,15,36,32,28,52,30,23,25,23,32,32,40,39,27,31,51,10,29,25,28,21,38,34,27,40,36,29,32,34,37,26,20,24,24,22,34,30,46,40,33,41,24,34,28,33,31,48,32,26,39
21,40,17,39,41,40,27,0,4,5,39,5,41,3,17,35,41,41,9,9,19,4,39,38,20,24,18,18,32,31,31,11,26,32,27,23,16,17,31,25,18,22,7,34,35,18,18,29,20,25,3,13,22,3,20,26,35,29,5,40,40,21,4,6,37,44,36,42,35,32,20,27,34,2,6,20,25,17,39,29,28,43,16,42,41,22,9,43,4,17,21,41,21,33,19,41,2,2,2,3,1,32,16,17,32,28,8,33,33,13,11,9,20,38,46,45,33,38,33,21,35,31,30,15,44,35,34,22,42,35,12,17,43,5,26,7,4,28,32,27,26,22,13,24,6,40,34,30,27,28,38,33,46
21,41,18,40,42,41,28,4,0,6,40,5,42,3,18,36,42,42,9,10,20,5,40,39,19,25,19,16,33,32,33,12,27,33,28,24,17,15,32,26,19,20,8,35,36,19,19,30,21,26,4,12,23,6,21,26,36,30,5,41,41,22,5,7,38,45,37,43,36,33,21,28,35,5,8,21,26,18,40,30,29,44,15,43,42,23,10,44,5,18,22,42,22,34,20,42,5,4,5,5,4,33,17,17,33,30,9,34,34,14,12,9,21,39,47,46,34,39,34,22,36,32,31,14,45,36,35,23,43,36,13,18,44,6,27,5,6,29,33,28,27,23,14,25,5,41,35,31,28,29,39,34,47
19,39,15,37,39,39,26,4,6,0,37,8,40,5,14,33,39,40,9,8,17,5,38,36,22,22,16,20,31,30,30,10,24,30,24,22,13,17,29,24,16,23,4,32,33,16,16,26,18,22,3,11,20,4,18,25,34,27,8,39,38,19,4,4,35,42,35,41,33,30,18,25,31,3,8,18,24,14,38,27,27,42,18,41,39,20,6,41,7,15,18,39,18,32,18,40,5,5,4,6,4,31,15,16,31,27,5,31,32,11,8,9,18,37,45,44,32,36,31,20,34,30,29,17,43,34,32,20,41,34,10,14,42,3,25,9,6,27,30,25,24,20,11,21,8,39,33,28,26,26,36,31,44
32,21,33,18,21,21,36,39,40,38,0,37,21,38,30,40,8,21,35,42,30,40,19,12,38,35,45,45,10,21,15,44,39,14,29,35,32,36,21,25,42,39,37,8,9,32,32,19,24,22,38,32,26,39,28,35,16,38,37,20,9,26,39,39,31,18,4,22,36,26,27,28,16,39,36,23,34,33,19,56,37,23,45,23,21,24,33,23,36,31,29,7,24,11,49,21,38,38,38,38,39,57,25,32,12,13,40,58,8,28,32,35,24,35,46,18,14,31,41,28,32,23,12,40,20,4,27,30,42,35,42,31,40,38,23,37,37,27,9,14,53,36,46,31,36,29,11,11,15,55,15,16,45
18,39,19,37,39,39,26,6,5,8,37,0,39,4,19,37,39,39,6,13,21,7,38,36,16,27,21,14,31,30,30,15,28,30,29,26,18,13,33,24,20,18,8,32,33,20,20,31,20,24,7,10,24,7,21,23,34,31,1,38,38,19,7,10,35,42,35,41,33,34,22,29,33,7,6,18,28,19,38,32,26,42,13,41,39,20,10,41,3,19,22,39,19,31,23,40,5,5,6,4,6,35,15,15,31,27,11,36,31,11,11,6,20,36,45,43,32,36,35,20,33,30,29,11,42,33,32,24,41,34,15,18,42,9,24,3,4,27,30,25,29,24,16,26,2,39,33,28,25,31,36,31,44
30,5,46,8,6,5,35,40,41,39,22,39,0,39,43,55,29,7,37,43,43,41,8,12,37,48,52,45,19,19,30,45,52,15,44,47,45,36,39,24,50,38,40,21,15,45,45,36,37,37,39,33,39,40,40,34,11,51,39,7,30,24,40,41,27,38,25,8,35,44,40,43,34,39,38,34,47,46,8,63,35,8,45,6,6,23,39,8,37,44,42,29,35,30,54,6,39,39,39,39,40,66,33,31,30,27,42,66,24,37,39,37,37,33,44,14,11,24,54,26,30,21,21,40,11,24,24,43,40,33,46,44,37,40,22,39,38,26,26,29,60,49,47,44,38,20,18,26,29,62,13,14,44
20,39,18,37,40,39,26,4,3,6,37,3,40,0,18,36,40,40,7,10,20,5,38,36,18,26,19,15,31,30,30,12,27,30,28,25,17,14,32,24,19,19,7,32,33,19,19,30,20,25,4,10,23,5,21,25,34,30,3,39,38,19,5,8,35,42,35,41,33,33,21,28,33,4,5,19,27,18,38,30,27,42,14,41,40,21,10,41,2,18,22,39,19,32,21,40,4,3,4,3,3,34,15,15,31,27,9,34,32,12,10,7,20,37,45,44,32,36,34,20,34,30,29,12,43,34,32,23,41,34,13,18,42,6,25,4,3,27,31,25,27,23,14,25,3,39,33,28,26,29,37,31,44
29,43,5,41,44,43,36,17,19,16,31,19,44,19,0,21,31,44,19,19,5,18,42,39,32,14,19,32,27,38,20,22,18,32,13,13,7,27,17,33,14,33,14,28,34,4,5,15,10,11,16,21,8,18,8,35,38,16,19,43,30,29,17,16,45,33,29,45,43,18,6,13,20,17,16,14,13,6,42,30,36,46,30,45,44,30,10,46,17,4,7,31,15,23,26,44,19,18,18,19,18,29,21,26,22,20,17,30,27,19,12,19,10,46,55,45,36,46,19,30,43,40,26,29,47,27,42,8,50,44,19,4,52,15,34,20,18,36,24,18,27,14,23,10,19,49,32,22,17,29,41,35,54
47,54,22,52,54,54,53,35,37,33,40,37,55,36,20,0,37,55,36,31,21,36,53,49,50,13,28,49,37,49,29,35,13,43,16,16,24,44,21,49,19,50,31,37,43,23,22,23,22,21,34,37,20,35,21,52,48,9,37,54,36,46,35,31,56,38,37,56,59,18,17,18,28,34,33,26,16,23,53,37,54,57,48,56,54,46,28,56,35,21,20,37,27,32,38,55,36,36,35,37,35,35,33,43,30,29,34,35,36,31,29,36,22,59,68,54,47,57,4,47,56,50,35,46,56,37,53,13,64,57,31,21,64,33,47,38,35,50,33,27,35,15,36,15,36,59,41,31,26,37,52,46,68
37,28,32,26,29,28,41,40,41,40,8,38,29,40,30,37,0,28,36,43,30,41,26,19,41,35,47,47,15,26,14,46,39,20,28,34,32,38,18,31,42,42,38,13,17,32,32,18,24,22,39,33,25,41,28,40,23,37,39,27,3,31,41,41,36,12,8,29,41,23,27,27,15,40,37,24,34,33,26,57,42,30,46,30,28,30,34,30,38,31,29,3,25,10,51,28,39,40,40,40,40,57,26,34,11,13,42,57,13,30,33,36,24,41,51,25,21,37,39,33,37,29,16,42,27,8,33,29,47,40,43,31,45,40,28,38,38,33,12,15,55,35,47,31,38,36,17,14,16,57,22,23,50
29,6,44,8,7,7,33,38,40,38,20,37,7,38,42,53,27,0,35,42,42,39,9,10,36,46,51,44,17,18,29,44,51,13,42,46,43,34,38,23,49,36,39,19,13,43,44,34,35,36,37,32,37,39,39,32,8,49,37,8,28,23,38,39,25,36,23,10,33,42,39,41,32,38,36,33,46,45,9,61,34,10,43,8,7,21,38,9,36,42,40,27,33,28,52,4,37,38,37,37,38,64,32,30,29,26,41,65,22,36,38,35,35,30,42,18,9,22,52,25,27,18,19,38,16,22,21,41,38,31,44,43,35,38,20,37,36,24,24,28,58,47,45,43,37,19,16,24,28,61,11,13,41
16,36,18,34,36,36,23,9,9,8,33,6,36,7,17,36,36,36,0,12,20,10,35,33,17,26,21,17,28,27,26,14,27,27,27,25,15,12,32,21,20,18,9,29,30,19,19,29,17,22,8,6,22,9,19,22,31,30,6,35,34,16,9,10,32,39,31,38,30,33,21,28,30,8,7,16,27,17,35,32,23,39,16,38,36,17,9,38,6,18,21,36,17,28,23,37,8,8,8,8,9,35,11,11,27,23,11,35,28,9,8,1,17,33,42,40,29,33,34,17,30,27,26,15,39,30,29,23,38,31,15,17,39,9,21,6,7,24,27,21,29,24,16,24,6,36,30,24,22,31,33,28,41
24,43,18,41,44,43,30,8,10,8,41,12,44,10,18,29,44,44,13,0,20,9,42,41,27,18,12,25,35,34,34,5,20,34,25,18,17,21,32,28,12,27,10,37,38,19,19,30,21,25,7,16,23,9,21,29,38,23,12,43,42,23,9,6,40,47,39,45,37,31,21,26,34,8,13,21,19,16,42,23,31,46,23,45,44,25,10,46,12,18,21,43,22,36,14,44,10,9,9,11,9,27,19,20,35,31,8,27,36,16,12,13,21,41,49,48,36,40,28,24,38,34,33,22,47,38,36,20,45,38,6,17,46,7,29,13,11,31,35,29,20,16,6,21,12,43,37,32,29,22,41,35,49
31,42,6,40,43,42,37,19,21,17,30,21,43,21,4,21,32,43,20,20,0,20,41,38,34,14,21,34,26,37,21,24,18,31,13,13,9,29,17,35,16,35,16,27,33,4,4,15,8,11,18,23,7,20,6,36,37,17,21,42,30,31,19,18,44,33,28,44,45,18,6,13,20,19,18,12,13,7,41,32,38,45,32,44,43,32,12,45,19,5,5,31,13,24,28,43,20,20,20,21,19,31,19,27,22,19,19,32,26,17,13,21,8,47,56,44,35,45,19,31,44,39,25,31,46,27,41,9,52,45,20,5,52,17,35,22,20,38,23,17,29,15,25,10,21,48,31,21,17,31,40,34,56
21,41,18,39,41,41,28,4,5,5,39,7,42,5,17,35,41,42,11,9,19,0,40,38,21,25,18,19,33,32,32,11,26,32,27,24,16,18,31,26,18,23,7,34,35,18,18,29,21,25,3,13,23,5,21,27,36,29,7,41,40,21,2,7,37,44,37,43,35,32,20,27,34,4,9,20,26,17,40,29,29,44,18,43,41,22,9,43,6,18,21,41,21,34,20,42,5,5,5,5,4,33,17,18,33,29,8,33,34,13,11,11,21,39,47,46,34,38,34,22,35,32,31,16,45,36,34,23,43,36,12,17,44,5,27,8,7,29,32,27,26,22,13,24,7,41,35,30,27,28,38,33,46
28,4,44,1,4,4,33,38,39,37,19,37,8,38,42,53,27,10,35,41,41,39,0,10,35,46,50,43,17,17,29,43,50,13,42,46,43,34,37,22,49,36,38,19,13,43,43,34,35,35,37,31,37,38,38,32,8,49,37,2,27,23,38,39,20,36,23,5,33,42,38,41,32,38,36,32,45,44,2,61,33,6,43,6,3,21,38,5,35,42,40,26,33,28,52,8,37,37,37,37,38,64,32,29,28,26,40,64,22,35,37,35,35,26,38,17,9,17,52,25,23,17,19,38,16,22,19,41,34,27,44,42,30,38,20,37,36,24,24,27,58,47,45,42,36,13,15,24,28,60,10,12,37
27,11,41,9,12,12,31,37,38,36,12,36,12,36,39,49,20,12,34,40,39,38,10,0,34,43,49,42,13,16,24,42,48,11,38,43,40,33,33,21,47,35,37,14,7,40,40,30,32,31,36,30,34,37,36,31,8,46,36,11,20,21,37,38,25,29,16,13,31,38,36,37,27,36,35,30,43,42,10,60,32,14,42,13,12,20,36,14,34,39,37,19,31,23,50,12,36,36,36,36,37,62,30,28,23,21,39,63,17,34,36,34,32,30,41,11,7,23,49,23,26,17,15,37,12,16,21,38,37,30,43,40,34,37,19,36,35,23,19,23,57,44,44,39,35,20,11,20,23,59,7,11,41
9,38,32,36,38,38,14,20,19,22,39,17,39,18,32,50,42,39,18,26,34,21,37,35,0,40,35,12,31,29,33,29,41,29,41,39,30,8,39,23,34,2,22,33,32,33,33,36,29,33,21,14,33,21,31,11,33,45,17,38,41,18,21,24,34,45,37,40,26,43,35,40,36,21,20,27,41,32,37,46,14,41,12,40,38,19,23,40,17,32,34,42,28,35,37,39,19,19,20,18,20,49,19,10,34,30,25,49,32,21,23,18,29,36,44,43,31,35,48,13,33,29,29,11,42,36,31,37,40,33,29,31,41,23,24,17,18,26,33,28,43,38,30,39,18,38,32,31,28,45,36,30,43
37,47,16,45,48,47,43,24,26,23,35,26,48,25,13,13,35,48,26,20,14,25,46,43,40,0,18,39,31,42,24,24,7,36,11,5,17,35,19,41,10,41,21,32,38,16,15,19,15,14,23,29,13,24,14,42,42,9,26,47,34,37,24,20,49,36,33,49,51,18,10,12,23,23,24,19,7,12,46,28,44,50,37,49,48,38,18,50,24,14,13,35,20,27,27,48,25,25,24,26,24,26,26,33,26,24,23,27,31,24,20,27,15,52,61,49,40,50,12,37,49,44,30,36,51,31,46,6,57,50,20,14,57,21,40,27,25,43,28,22,26,4,25,8,26,53,35,26,21,28,45,39,61
33,53,20,51,53,53,40,18,20,17,45,21,54,20,20,28,47,54,23,14,22,19,52,50,36,19,0,34,41,44,36,18,18,44,25,18,19,31,33,38,9,37,16,42,47,21,21,31,23,27,17,25,25,19,23,39,48,21,21,53,45,33,18,15,49,48,43,55,47,32,23,26,36,18,19,25,20,16,52,18,41,56,32,55,53,35,15,55,20,19,23,47,26,39,19,54,20,19,19,21,19,22,27,30,37,34,17,22,41,25,17,23,23,51,59,58,46,50,26,34,48,44,40,31,57,42,46,21,55,48,12,18,56,16,39,22,20,41,39,32,15,17,19,21,21,53,45,36,32,17,51,45,58
19,45,31,44,46,46,23,18,16,20,45,15,46,16,31,49,48,46,18,24,33,19,45,43,12,39,33,0,37,36,39,26,40,37,40,38,30,13,44,30,32,13,20,38,40,32,32,41,31,35,18,17,35,19,32,20,40,43,15,45,47,26,19,22,42,51,43,48,36,46,34,41,42,19,18,29,40,31,44,44,23,49,4,47,46,27,22,48,15,31,34,48,30,40,35,47,17,17,18,16,18,47,24,16,39,36,23,48,38,22,22,19,31,43,52,50,39,43,47,22,40,37,35,10,49,42,39,36,47,41,27,30,49,20,31,15,16,34,39,34,41,36,28,38,16,46,40,37,34,43,43,38,51
23,18,29,16,18,18,27,32,33,31,10,31,18,31,27,37,16,18,29,35,27,33,17,13,30,31,40,37,0,13,12,37,36,7,26,31,28,27,21,17,37,31,32,4,8,28,28,18,20,19,31,25,22,32,24,27,13,34,31,17,15,17,32,33,22,22,9,20,28,26,24,25,16,31,30,18,31,30,17,51,28,21,36,20,18,16,28,20,29,27,25,15,19,13,44,19,31,31,31,31,32,53,18,23,13,9,34,53,6,23,27,29,20,27,37,19,11,23,37,19,23,16,4,31,21,8,19,26,33,26,37,28,32,32,15,31,30,19,9,11,48,32,39,27,30,26,5,8,11,50,15,10,37
20,19,39,17,19,19,24,30,31,29,20,29,19,29,38,49,27,19,27,33,38,31,18,16,27,42,42,35,13,0,25,35,46,10,38,42,36,26,34,14,40,28,30,16,13,39,39,30,31,32,29,23,33,30,34,24,13,45,29,18,26,14,30,31,13,33,20,21,24,38,35,37,28,29,28,28,42,38,18,52,25,22,34,20,19,13,29,21,27,38,36,26,29,24,43,20,28,29,29,29,29,55,25,21,25,22,32,56,18,27,29,27,31,18,30,23,12,13,48,16,14,5,15,30,22,19,9,37,25,19,36,38,23,29,11,28,28,16,21,24,50,43,37,38,28,15,13,20,24,52,16,11,29
30,30,22,29,31,30,37,32,33,30,16,31,31,32,20,29,15,31,29,33,20,33,29,25,34,24,37,39,13,25,0,37,29,19,17,24,22,31,11,27,32,35,28,13,19,21,22,8,14,12,31,25,15,32,17,36,25,27,31,30,13,27,32,31,32,16,13,32,38,16,17,17,5,31,28,16,24,23,29,47,37,33,38,32,31,26,24,33,29,20,18,14,17,7,41,31,31,32,31,31,32,47,18,27,5,3,32,47,11,21,23,29,14,37,47,31,23,33,30,29,33,27,12,34,33,12,29,19,43,36,33,21,42,30,25,31,30,29,8,8,44,25,38,21,30,36,17,6,8,47,28,22,47
26,45,21,43,46,45,32,11,12,10,43,14,46,12,21,34,46,46,15,5,23,11,44,43,29,23,16,27,37,36,36,0,24,36,29,22,20,23,35,30,16,29,12,39,40,22,22,33,24,29,9,18,26,11,24,31,40,27,14,45,44,25,11,8,42,49,41,47,39,35,24,30,38,10,15,24,24,20,44,27,33,48,25,47,46,27,13,48,14,21,25,45,25,38,17,46,12,11,11,13,11,31,21,22,37,33,11,31,38,18,15,15,24,43,51,50,38,43,32,26,40,36,35,24,49,40,38,24,47,40,10,21,48,9,31,15,13,33,37,31,24,20,4,25,14,45,39,34,32,26,43,37,51
38,51,19,49,52,51,45,25,27,24,39,28,52,27,17,13,39,52,28,21,18,26,50,47,41,7,18,40,35,46,28,25,0,40,15,8,20,36,23,42,9,42,22,36,42,19,19,23,19,19,24,30,17,26,18,44,46,7,27,51,38,38,25,22,53,40,37,53,52,22,14,16,28,25,25,23,10,15,50,27,45,54,39,53,52,39,19,54,26,18,17,39,24,31,28,52,27,26,26,27,26,25,30,35,30,28,24,25,35,28,21,28,19,55,64,53,44,54,12,39,52,48,34,37,55,35,50,11,59,53,21,17,61,23,43,29,26,46,32,26,25,7,26,12,27,57,40,30,25,27,49,43,63
21,14,34,12,14,14,26,31,32,30,14,30,15,30,32,43,20,15,28,34,32,32,13,11,28,36,43,36,7,10,19,36,41,0,32,36,33,27,28,15,41,29,31,9,6,33,33,25,25,26,30,24,27,31,29,25,9,39,30,14,20,15,31,32,20,27,14,16,26,33,29,31,22,30,29,23,36,35,13,54,26,17,36,16,14,14,30,16,28,32,30,20,23,18,45,15,30,30,30,30,31,57,22,22,19,16,33,57,12,26,30,28,25,25,35,18,7,21,42,17,21,13,9,31,18,13,17,31,31,24,37,33,30,31,13,30,29,17,14,18,51,37,38,32,29,23,6,14,18,53,12,6,35
38,43,15,42,44,44,44,27,29,25,30,29,44,29,12,15,27,44,28,26,13,28,43,38,42,11,25,42,26,39,18,30,15,33,0,11,17,37,11,40,19,42,24,27,33,15,14,12,15,13,26,29,12,28,14,44,38,14,29,43,26,37,27,26,46,28,27,46,50,10,8,4,17,27,26,19,10,15,42,35,45,47,40,45,44,37,20,46,27,13,12,27,19,21,33,45,29,28,28,29,28,35,25,34,20,19,27,35,25,23,21,29,14,50,59,44,36,46,14,39,47,40,25,39,46,26,42,8,55,48,26,13,55,25,38,30,28,41,23,16,33,12,31,9,29,49,30,21,16,35,41,36,59
36,46,15,45,47,47,43,23,25,22,34,25,47,25,13,16,35,47,26,19,13,24,46,43,39,5,17,38,31,41,24,23,8,36,11,0,16,34,19,40,12,40,20,31,37,15,14,18,15,14,22,28,12,24,14,42,41,12,25,46,33,36,23,19,49,36,32,48,50,17,9,12,23,23,23,19,3,11,45,28,43,50,37,48,47,37,17,49,24,13,12,34,19,27,26,48,24,24,24,25,23,27,26,33,25,24,22,28,30,23,19,26,14,52,61,48,40,49,15,37,48,43,30,35,50,31,45,6,56,50,19,13,57,21,40,27,24,43,28,21,25,5,24,7,25,52,35,25,20,28,44,39,60
28,43,7,41,44,43,34,16,17,14,31,18,44,17,6,24,33,44,17,17,9,17,42,39,31,16,18,30,27,38,22,20,19,32,16,15,0,25,21,32,14,31,12,28,34,7,8,18,9,13,15,20,11,16,9,33,38,20,17,43,31,27,16,15,43,34,29,45,41,22,10,16,22,15,14,12,17,6,42,28,35,46,29,45,44,29,9,46,16,7,10,32,13,25,25,44,17,17,16,17,16,29,19,24,23,20,16,30,27,17,10,17,9,45,53,45,36,44,23,28,42,38,26,27,47,28,40,12,49,42,17,6,50,14,33,19,16,35,24,18,26,14,22,13,17,47,31,22,18,28,41,35,52
9,36,26,34,37,36,15,16,15,17,36,12,37,14,26,44,39,37,12,20,28,17,35,33,8,34,30,13,27,27,29,23,35,27,36,33,24,0,35,21,28,8,18,29,30,27,27,32,23,28,16,9,28,18,25,13,31,39,13,36,37,16,17,18,32,42,34,38,28,40,29,36,32,17,15,22,35,26,35,40,16,39,13,38,37,18,17,38,13,26,28,38,23,31,31,37,15,16,16,15,16,43,16,7,30,26,20,44,28,15,17,12,23,34,42,41,29,33,42,13,31,27,25,8,40,32,29,31,38,31,23,25,39,17,22,11,14,24,30,24,37,32,24,33,13,36,30,27,25,40,34,28,41
35,38,19,36,39,38,42,31,33,30,21,33,39,33,17,21,18,39,32,33,17,32,37,33,39,20,33,44,21,33,11,36,24,27,12,20,21,36,0,35,28,40,28,21,27,19,18,5,16,14,30,30,16,32,18,41,33,23,33,38,17,35,31,30,40,19,18,40,46,7,13,11,9,31,30,19,20,19,37,44,42,41,43,40,39,34,24,41,31,17,16,18,19,14,40,39,33,32,32,33,32,43,23,32,12,12,31,44,19,24,26,32,16,45,55,38,31,41,23,36,41,35,20,39,40,18,37,15,51,44,33,18,50,29,33,33,32,37,16,12,41,21,37,16,33,44,25,15,13,43,36,30,55
15,24,33,23,25,25,17,24,26,24,26,23,25,24,33,49,32,25,21,28,35,25,23,22,22,41,37,30,18,15,28,30,42,16,39,40,31,20,36,0,35,22,25,20,19,34,34,33,30,32,23,18,33,25,32,18,19,45,23,24,32,9,24,25,19,38,26,26,18,41,34,38,31,24,22,27,41,33,23,47,20,27,29,26,25,7,24,27,22,33,35,32,28,28,38,25,23,24,23,23,24,50,20,16,29,25,27,51,21,22,24,21,30,19,27,29,18,20,48,11,17,15,18,24,28,24,17,37,23,16,30,32,26,24,8,23,22,9,24,26,44,39,31,38,23,24,18,23,27,47,22,17,27
31,50,14,48,51,50,37,18,19,16,40,20,51,19,14,19,42,51,20,14,16,19,49,48,34,11,9,33,37,41,31,17,9,41,20,12,14,28,28,35,0,35,15,37,43,15,15,26,18,22,17,23,19,18,18,36,45,13,20,50,41,30,18,14,47,44,38,52,45,26,17,21,31,17,17,22,14,11,49,19,38,53,31,52,51,32,12,53,18,14,18,42,22,34,20,51,19,19,18,20,18,16,24,27,32,30,17,17,36,22,13,20,18,48,56,54,43,48,17,31,45,41,36,30,54,37,43,15,52,45,14,13,53,15,36,21,19,38,34,27,16,10,18,16,20,50,41,31,27,18,48,43,56
10,38,33,37,39,39,12,22,20,23,40,18,39,20,32,51,43,39,19,27,35,23,38,36,2,41,36,13,32,29,34,29,42,30,41,40,30,9,40,23,35,0,24,33,33,34,34,37,30,34,22,15,34,23,32,10,33,45,19,38,42,17,23,25,35,46,38,40,25,44,36,40,37,23,22,28,42,32,37,47,13,42,14,40,39,18,24,41,19,33,34,43,28,36,38,39,21,21,22,20,21,50,20,11,35,31,26,50,33,21,23,19,30,36,45,43,32,36,49,14,33,30,30,13,42,37,32,38,40,34,30,32,42,24,24,18,20,26,34,29,44,39,31,39,19,39,33,32,29,46,36,31,44
21,40,13,38,41,40,27,6,8,4,37,8,41,8,13,31,39,41,10,10,15,7,39,37,22,21,15,20,32,31,29,12,22,31,23,20,12,18,27,25,14,24,0,33,34,14,14,25,16,20,5,13,18,7,16,26,35,25,7,40,38,20,6,5,36,42,35,42,34,28,16,23,30,6,5,16,22,13,39,26,28,43,19,42,41,22,4,42,6,13,17,39,17,32,19,41,7,7,7,7,6,30,16,17,30,27,7,30,32,13,6,10,16,38,46,45,33,37,29,21,35,31,30,17,44,34,33,18,42,35,12,12,43,4,26,9,6,28,30,25,23,18,13,20,7,40,34,28,24,25,38,32,45
25,20,30,18,20,20,30,34,35,33,9,32,21,33,27,37,13,21,30,37,27,34,19,14,32,32,41,38,4,15,13,39,36,9,26,31,28,29,21,19,38,33,32,0,9,29,29,18,20,20,32,27,22,34,24,29,14,34,33,19,12,19,34,35,24,19,6,22,30,26,24,25,15,33,31,19,31,30,19,51,30,23,38,22,20,18,28,22,31,28,26,12,19,11,45,21,32,33,33,33,33,53,20,25,11,10,36,54,4,24,27,30,21,29,39,20,12,25,37,21,25,18,5,33,22,5,21,26,35,28,37,28,34,33,17,32,31,21,7,12,49,33,40,28,32,28,6,8,12,51,17,12,39
24,15,36,12,15,15,28,33,35,33,9,32,16,33,33,43,17,15,30,37,33,34,13,7,31,38,46,39,8,13,19,39,42,6,32,37,35,29,28,18,44,31,34,9,0,35,35,25,27,26,32,27,29,34,30,27,9,41,32,14,17,18,34,34,23,26,13,16,28,33,30,31,22,33,31,25,37,36,13,56,29,17,38,17,15,16,33,17,31,34,32,16,25,17,47,15,32,33,32,32,33,59,24,25,18,16,36,60,12,28,33,30,27,27,38,13,7,23,44,20,24,16,10,33,15,12,19,33,34,27,39,34,32,33,15,32,31,19,13,18,53,39,40,34,32,23,5,14,18,56,10,9,37
30,43,3,41,44,43,36,18,20,16,31,20,44,19,4,23,33,44,19,19,4,19,42,39,33,16,20,32,27,38,22,22,19,32,15,15,7,27,19,34,15,34,14,28,34,0,2,17,9,13,17,22,8,18,7,35,38,18,20,43,31,29,18,17,45,34,29,45,43,20,8,15,22,17,16,13,15,6,42,30,37,46,31,45,44,31,11,45,18,6,6,32,14,25,27,44,19,19,18,20,18,30,20,26,23,20,18,31,27,17,12,19,9,47,55,45,36,46,21,30,44,40,26,29,47,28,42,10,51,44,19,5,52,16,35,21,18,37,24,18,28,14,24,12,19,49,31,22,18,30,41,35,55
30,43,4,42,44,43,36,18,20,16,31,20,44,20,4,22,33,44,19,20,5,19,42,39,33,15,20,33,28,38,22,23,19,32,14,14,8,28,18,34,15,34,15,28,34,2,0,16,9,12,17,22,8,19,7,35,38,17,20,43,31,30,18,17,45,34,29,45,44,19,7,14,21,18,17,13,14,6,42,31,37,46,31,45,44,31,11,46,18,6,6,32,14,25,27,44,19,19,19,20,18,30,20,26,23,21,18,31,27,18,12,20,9,47,55,45,36,46,20,30,44,40,26,30,47,28,42,9,51,44,19,5,52,16,35,21,19,37,25,18,28,14,24,11,20,49,32,22,18,30,41,35,55
33,36,16,34,37,36,40,29,30,27,21,31,37,30,14,23,19,37,29,30,15,30,35,31,37,19,31,42,19,31,9,33,23,25,12,18,18,34,5,33,26,38,25,19,25,17,16,0,14,12,28,28,13,29,15,39,31,21,30,36,18,33,29,28,38,20,18,38,43,9,11,11,7,28,27,17,18,17,35,41,40,39,41,38,37,32,22,38,29,15,14,19,17,12,38,37,30,30,29,31,29,41,21,30,10,10,29,42,17,22,23,30,14,43,53,36,29,39,24,34,39,33,18,37,38,18,35,13,49,42,30,15,48,27,31,31,29,35,14,10,39,19,35,15,30,42,23,13,11,41,34,28,53
25,35,12,33,36,35,32,20,21,18,23,19,36,20,10,23,25,36,17,21,8,21,34,31,28,15,25,30,19,30,14,25,20,24,14,15,9,23,16,29,22,29,16,20,26,9,10,13,0,5,19,15,6,20,5,31,30,18,19,35,23,25,20,19,37,26,21,37,39,19,8,15,14,19,16,5,15,13,34,35,32,38,28,37,36,26,12,37,17,11,8,24,6,17,29,36,19,19,19,19,20,37,12,22,15,12,20,37,19,9,11,17,1,40,49,37,28,38,21,26,37,31,18,26,39,19,34,10,45,38,21,11,45,18,28,19,18,31,16,10,33,16,26,11,18,40,23,14,10,35,33,27,49
29,36,12,34,37,36,35,24,25,22,22,23,37,23,10,22,22,37,21,25,10,24,35,31,32,15,27,34,19,31,11,28,19,25,12,14,14,27,14,32,22,33,20,19,25,11,12,11,5,0,22,19,5,24,8,35,31,17,23,36,21,29,24,23,38,24,20,38,42,16,7,11,12,23,19,9,14,13,35,37,36,39,32,38,37,29,16,38,21,11,8,22,9,15,33,37,23,23,23,23,24,37,16,25,13,12,23,37,18,13,15,21,6,42,51,36,29,39,20,29,38,33,18,30,38,19,35,9,46,40,25,11,47,22,30,22,22,33,16,9,35,15,30,11,22,42,23,13,8,37,34,28,50
19,38,15,36,39,38,25,3,5,2,36,7,39,5,14,32,39,39,8,6,16,4,37,35,22,22,15,19,30,29,29,9,23,29,24,21,13,16,29,23,15,22,4,32,33,15,16,26,18,22,0,11,20,4,18,24,33,26,7,38,37,18,3,4,35,42,34,40,32,30,18,24,31,3,8,18,23,14,37,26,26,41,18,40,39,20,6,40,6,15,18,38,18,31,17,39,5,4,4,6,4,30,14,15,30,26,5,30,31,11,8,8,18,36,44,43,31,35,31,19,33,29,28,17,42,33,31,20,40,33,9,14,41,3,24,8,6,26,30,24,23,19,10,21,7,38,32,27,25,25,36,30,43
14,33,21,31,34,33,20,12,12,12,32,10,34,11,21,37,34,34,7,15,21,13,32,30,14,29,24,17,25,24,24,18,30,24,29,28,19,9,30,18,23,15,13,27,28,22,22,27,16,21,11,0,20,13,18,19,28,33,10,33,33,13,12,13,30,37,29,35,27,33,22,29,28,12,10,15,29,21,32,35,21,36,17,35,34,15,12,35,10,21,21,34,16,26,26,34,11,12,11,11,12,38,9,8,25,22,15,39,26,8,12,7,16,31,39,38,26,30,36,14,28,24,23,12,37,28,26,25,35,28,18,20,36,12,19,9,10,21,25,20,32,27,19,26,9,33,27,23,20,35,31,25,38
31,39,9,37,40,39,38,21,23,20,27,23,40,23,7,18,27,40,23,23,6,22,38,35,34,11,23,36,23,34,16,26,15,28,10,11,11,29,15,34,18,35,18,24,30,7,8,12,7,7,20,21,0,22,3,37,34,14,23,39,26,31,21,20,41,29,25,41,44,16,4,10,17,21,20,11,10,10,38,34,38,42,34,41,40,32,14,42,21,7,4,27,11,19,30,40,23,22,22,23,22,33,18,28,18,16,21,34,23,15,16,23,6,45,53,41,32,42,17,32,41,36,22,32,43,23,38,6,49,42,23,8,49,19,32,24,22,35,20,14,31,12,27,7,23,45,28,18,13,33,37,31,53
21,40,17,38,41,40,27,3,6,5,38,7,41,4,17,35,41,41,10,9,19,5,39,37,21,24,18,19,32,31,31,11,25,31,27,23,16,18,31,25,18,23,7,34,34,18,18,29,20,24,3,13,22,0,20,26,35,29,6,40,39,20,4,6,36,43,36,42,34,32,20,27,34,2,6,20,25,17,39,28,28,43,18,42,41,22,8,42,5,17,21,40,20,33,19,41,3,3,2,5,2,32,16,17,32,28,8,33,33,13,10,10,20,38,46,45,33,37,33,21,35,31,30,16,44,35,33,22,42,35,12,16,43,5,26,8,4,28,32,26,26,22,12,24,7,40,34,29,27,28,38,32,45
29,38,9,37,39,38,35,22,24,21,26,22,39,23,8,21,28,39,20,24,6,23,37,34,32,14,24,33,23,33,17,27,18,27,13,14,9,26,18,33,20,32,19,23,29,7,8,15,4,9,21,19,3,23,0,34,33,17,22,38,27,28,23,21,40,29,24,40,42,19,6,13,18,22,19,8,13,11,37,35,36,41,32,40,39,30,16,41,21,8,5,28,9,20,32,39,22,23,22,22,23,35,15,25,18,16,22,35,22,13,15,21,4,44,52,40,31,41,20,29,40,35,21,29,42,23,37,9,48,41,24,9,48,20,31,22,21,34,20,13,32,15,29,10,22,44,27,17,13,34,36,30,52
9,34,34,32,34,34,4,25,25,24,36,23,35,25,33,52,42,35,22,28,36,26,33,31,11,42,37,20,28,25,34,30,43,25,42,41,32,13,40,19,36,10,25,30,28,35,35,37,31,34,24,18,35,25,33,0,29,46,23,34,41,12,25,26,30,47,35,36,17,45,37,41,38,25,23,28,43,33,33,48,5,37,21,36,34,13,25,36,22,34,35,41,29,36,39,35,24,24,24,24,25,51,21,14,35,31,27,51,30,22,24,22,31,32,40,39,27,31,50,9,29,25,28,18,38,34,27,39,36,29,31,33,37,25,20,22,23,22,34,29,45,40,32,41,23,34,28,32,30,47,32,26,39
24,11,40,8,11,11,29,34,36,34,16,33,12,34,38,49,23,10,31,37,38,35,9,8,31,42,46,39,13,13,24,40,46,9,38,42,39,30,33,18,45,32,34,14,9,39,39,30,31,31,33,27,33,34,35,28,0,45,33,9,24,19,34,35,18,31,19,12,29,38,35,37,27,34,32,29,42,41,9,57,30,13,39,13,11,17,34,12,32,38,36,23,29,23,48,11,33,34,33,33,34,60,28,26,23,21,37,60,17,32,34,31,31,23,35,16,6,18,48,21,19,10,15,34,15,17,14,37,30,24,40,39,28,34,16,33,32,20,19,23,54,43,41,38,33,19,11,20,23,56,9,7,34
42,49,18,48,50,50,48,29,30,27,37,31,50,30,16,8,38,50,31,24,16,29,49,46,45,9,21,44,34,45,27,28,7,39,14,12,20,39,22,45,13,45,26,34,40,18,17,21,18,17,27,32,15,29,17,47,45,0,31,49,37,41,29,25,52,39,35,52,55,20,12,15,26,28,28,22,12,19,48,31,49,53,42,51,50,42,23,52,29,16,15,37,22,30,31,51,30,29,29,31,29,28,29,38,28,27,27,29,33,26,24,31,17,55,64,51,43,52,7,42,51,46,33,41,53,34,48,9,60,53,24,17,60,26,43,32,30,46,31,24,28,11,29,10,31,55,38,28,24,30,47,42,63
19,39,19,37,40,39,26,6,5,8,37,1,40,3,18,36,39,40,6,12,20,7,38,36,16,26,21,14,31,30,30,14,28,30,28,25,17,13,33,24,20,18,8,32,33,19,20,30,20,24,6,10,24,7,21,23,34,31,0,39,38,19,7,10,35,42,35,41,33,34,22,28,33,6,6,19,27,18,38,31,27,42,13,41,40,21,10,41,3,19,22,39,19,32,23,40,5,5,6,4,5,35,15,15,31,27,11,36,32,11,10,6,20,37,45,44,32,36,35,20,34,30,29,11,43,33,32,24,41,34,15,18,42,8,25,3,4,27,30,25,29,24,16,25,2,39,33,28,25,31,37,31,44
29,4,44,2,4,6,33,39,40,38,20,38,8,38,42,54,27,8,36,42,42,39,3,11,36,47,51,44,17,18,29,44,51,13,42,46,43,35,38,23,49,37,39,20,14,44,44,35,35,36,37,32,37,39,39,32,9,49,38,0,28,23,39,40,21,37,24,6,33,43,39,41,32,38,37,33,46,45,2,61,34,7,43,7,3,22,38,6,36,43,41,27,34,28,52,7,37,38,38,38,38,64,32,30,29,26,41,65,22,36,38,36,36,27,39,18,10,17,52,25,23,18,20,39,16,23,19,41,34,28,45,43,30,38,20,37,36,25,24,28,59,48,46,43,37,14,16,25,28,61,11,13,38
36,29,31,27,30,30,40,39,40,38,9,37,30,38,29,36,4,30,35,42,29,40,28,21,40,33,45,46,15,26,12,45,37,19,26,33,31,37,17,30,40,41,37,12,18,30,30,17,23,21,38,32,24,39,26,40,24,36,37,29,0,30,39,39,35,10,7,31,41,22,26,25,13,39,36,23,33,32,28,56,41,32,45,31,30,29,33,31,37,29,27,4,23,9,49,30,38,39,38,38,39,56,25,33,10,12,40,56,12,28,32,35,23,40,50,27,22,36,38,32,36,28,16,40,29,8,32,28,46,39,42,30,45,38,28,37,37,32,10,14,53,34,46,29,37,38,16,12,14,55,24,22,50
10,24,29,22,25,24,12,20,21,19,26,19,25,20,28,46,32,25,17,23,31,21,23,21,17,37,32,25,18,15,27,25,38,15,36,36,26,16,35,9,31,17,20,20,19,30,30,31,26,29,19,13,30,20,27,12,19,41,19,24,31,0,20,21,21,38,25,26,18,39,32,35,31,19,18,23,38,28,23,43,13,27,25,26,25,3,20,26,17,29,30,31,24,28,34,25,19,19,19,19,20,46,16,11,28,24,22,46,21,17,19,17,26,22,30,29,17,21,45,6,19,15,18,20,28,24,17,34,26,19,26,28,27,20,10,19,18,12,24,24,40,35,27,35,18,24,18,23,24,42,22,16,29
22,41,18,40,42,41,28,4,5,5,40,7,42,5,18,36,42,42,11,9,20,2,40,39,22,25,19,20,33,32,32,11,26,33,27,24,17,19,32,26,19,24,8,35,36,19,19,30,21,25,4,14,23,6,21,27,36,30,7,41,41,22,0,7,38,45,37,43,36,33,21,28,34,5,10,21,26,18,40,29,29,44,18,43,42,23,9,44,7,18,21,42,22,34,20,42,6,5,6,6,5,33,17,18,33,30,8,34,34,14,11,11,21,39,47,46,34,39,34,22,36,32,31,17,45,36,35,23,43,36,12,17,44,6,27,8,7,29,33,28,27,23,12,25,8,41,35,31,28,29,39,34,47
21,41,15,39,41,41,28,6,7,4,39,10,41,7,15,31,41,41,11,6,17,7,40,38,24,20,14,22,33,32,31,8,22,32,25,20,14,19,29,25,14,25,5,34,35,16,16,27,19,23,5,13,21,6,19,27,36,25,9,40,40,21,6,0,37,44,37,43,35,30,18,25,32,5,9,18,21,15,40,24,28,44,20,43,41,22,7,43,9,16,19,41,19,34,16,42,7,7,6,8,6,28,17,18,33,29,3,29,33,13,9,11,18,38,47,45,34,38,30,22,35,32,31,19,44,35,34,21,43,36,9,15,44,3,26,10,8,29,32,27,22,18,9,22,10,41,35,30,27,24,38,33,46
26,23,44,20,23,23,30,36,37,35,30,34,27,35,44,56,36,27,33,39,45,36,20,25,33,49,48,41,23,13,32,41,53,20,45,49,42,32,41,19,46,34,36,25,23,45,45,37,38,39,34,29,40,36,41,29,18,52,35,21,36,20,36,37,0,42,30,21,30,45,42,44,35,35,34,35,49,44,20,58,31,23,40,24,22,19,35,22,33,45,43,36,36,32,49,26,34,35,35,35,35,61,31,27,33,29,38,62,25,33,35,33,38,9,21,32,21,5,55,22,6,9,22,35,31,28,7,44,17,10,42,44,12,35,12,34,33,13,28,31,56,50,42,45,34,10,23,27,31,58,25,21,21
42,37,35,35,38,37,48,45,46,43,17,43,38,44,33,38,12,38,40,46,33,45,36,29,46,37,49,51,22,33,16,50,42,27,29,37,35,42,19,37,45,46,41,19,26,34,34,21,27,25,43,37,28,45,30,47,31,40,43,37,10,38,45,44,42,0,15,39,48,24,30,28,17,44,41,28,37,36,36,60,48,40,50,39,38,36,37,39,42,33,31,13,29,14,54,38,43,44,44,44,44,60,30,38,12,17,45,60,19,34,36,40,27,47,58,35,30,43,41,40,43,36,23,46,37,15,39,32,53,47,46,34,52,43,35,42,42,39,17,19,57,38,51,34,42,45,24,18,20,60,32,30,57
30,24,31,22,25,24,35,37,38,36,4,35,25,36,28,37,8,25,33,40,28,38,23,16,37,33,43,43,9,20,12,42,37,14,26,32,30,34,18,24,40,38,35,6,13,30,30,17,22,20,36,29,23,37,25,34,18,35,35,24,8,25,37,37,29,15,0,26,35,23,25,25,13,36,34,21,32,31,23,54,36,27,42,26,25,23,31,26,34,29,27,8,22,8,47,25,36,36,36,36,37,55,22,30,9,10,38,56,6,26,30,33,22,34,45,22,17,30,38,27,30,23,10,38,24,2,26,27,40,34,40,29,39,36,22,35,35,26,7,12,51,34,44,29,34,32,11,9,13,53,19,17,44
31,5,47,4,5,4,36,41,42,40,22,40,8,41,44,56,30,10,38,44,44,42,4,13,38,49,53,46,20,20,31,46,53,16,45,48,46,37,40,25,51,39,41,22,16,46,46,37,38,38,40,34,40,41,41,35,11,52,40,5,30,25,41,42,21,39,26,0,36,45,41,44,35,40,39,35,48,47,5,64,36,4,46,5,6,24,40,3,38,45,43,29,36,30,55,9,40,40,40,40,41,67,35,32,31,28,43,67,25,38,40,38,38,27,39,20,12,17,55,27,23,20,22,41,17,25,19,44,34,27,47,45,30,41,23,40,39,27,27,30,61,50,48,45,39,14,18,27,30,63,13,15,38
25,35,44,33,35,35,18,35,36,34,37,34,35,34,43,61,43,35,32,38,45,36,34,32,30,52,47,39,29,26,38,40,53,26,50,51,41,31,47,19,45,28,35,31,29,44,44,44,41,43,33,28,44,35,42,20,30,56,34,34,42,19,35,36,31,48,36,37,0,52,46,49,41,34,33,38,53,43,34,57,21,38,39,37,35,18,34,37,32,44,45,42,39,39,48,36,33,34,34,34,34,60,30,26,39,35,37,61,31,32,34,32,41,32,41,39,28,32,59,21,29,26,28,35,38,35,28,48,36,30,41,43,38,34,20,33,33,23,34,37,55,49,42,49,33,35,29,33,37,57,32,27,40
39,43,19,41,44,43,46,31,33,29,26,33,44,33,16,18,23,44,32,33,17,32,42,38,43,18,31,46,26,38,16,36,22,32,10,17,21,40,7,40,26,44,28,26,32,19,18,10,19,15,30,32,16,32,17,45,38,21,33,43,22,39,31,30,45,24,23,45,51,0,13,9,14,31,30,22,17,19,42,42,47,46,44,45,44,39,24,46,31,17,16,23,22,19,40,44,32,32,32,33,32,41,27,36,17,17,31,42,24,26,25,33,18,50,60,43,36,46,20,40,46,40,25,43,45,23,42,12,56,49,33,17,55,29,38,34,32,42,21,17,39,19,37,14,33,49,30,20,17,41,41,35,60
33,40,9,39,41,41,39,21,23,20,28,23,41,23,7,18,28,41,23,23,7,22,40,36,36,11,23,36,25,36,17,26,15,30,8,11,11,31,13,36,19,37,18,25,31,9,8,11,9,8,20,23,6,22,8,39,35,14,23,40,26,33,22,20,43,29,26,43,46,13,0,8,16,21,20,13,11,10,39,34,40,44,34,42,41,33,14,43,22,7,6,27,13,20,30,42,23,22,22,23,22,34,20,29,18,17,21,34,24,17,16,23,8,46,55,42,34,43,17,34,42,37,23,33,44,24,39,6,50,44,23,8,51,19,34,24,22,37,21,15,31,12,28,7,23,46,29,19,14,33,38,33,54
37,43,15,41,43,43,44,27,29,26,29,29,43,29,13,18,27,43,29,28,13,28,42,37,41,14,27,42,26,38,18,32,18,32,4,13,17,37,11,39,21,42,24,26,32,15,14,12,15,13,26,29,12,28,14,43,37,16,29,42,26,37,28,26,45,28,27,45,50,10,9,0,17,27,26,19,13,16,42,38,44,46,40,45,43,37,20,45,27,13,12,27,19,21,35,44,29,28,28,29,28,37,25,34,19,18,27,37,25,23,22,29,14,50,58,43,36,46,17,38,46,39,24,39,45,25,41,8,54,47,28,14,54,25,37,30,28,40,22,16,35,14,33,10,29,48,30,20,15,37,40,35,58
32,33,21,31,34,33,39,33,34,31,17,32,34,33,19,28,16,34,30,34,20,34,32,27,36,24,36,42,16,29,5,37,28,22,17,23,23,33,9,31,31,37,29,15,22,22,21,7,15,13,32,28,16,33,18,38,27,26,32,33,14,31,33,32,36,17,14,35,41,14,16,16,0,32,29,17,23,22,32,46,39,36,40,35,34,29,25,35,30,20,19,15,18,8,42,34,32,32,32,32,33,46,20,29,5,7,33,47,13,22,24,30,15,40,51,33,25,36,29,33,37,30,16,36,35,14,32,18,47,40,34,20,45,31,28,32,31,32,9,9,44,24,39,20,31,39,20,9,10,46,30,25,50
20,39,16,38,40,40,26,2,5,4,38,6,40,4,16,34,40,40,9,8,18,4,39,37,21,23,17,19,31,30,31,10,24,31,26,22,15,18,30,24,17,23,6,33,34,17,17,28,19,24,2,12,21,2,19,26,34,28,6,39,39,20,3,5,36,43,36,41,34,31,19,26,33,0,6,19,24,16,38,27,27,43,17,41,40,21,7,42,5,16,20,40,20,32,18,40,3,2,1,4,2,31,16,16,32,28,7,32,32,12,9,10,19,37,46,44,33,37,32,21,34,31,30,16,43,34,33,21,41,35,11,15,43,4,25,7,3,27,31,26,25,21,11,23,6,40,34,29,26,27,37,32,45
18,38,16,36,38,38,25,6,7,8,36,5,38,6,15,33,38,38,8,13,17,9,37,35,20,24,18,18,30,28,29,15,25,29,25,23,13,16,30,22,17,21,5,31,32,16,17,27,17,21,7,10,20,6,17,24,33,28,5,37,37,18,8,9,34,41,34,40,32,31,19,25,30,6,0,15,25,15,37,29,25,41,16,39,38,19,6,40,3,16,19,38,16,31,22,39,5,5,5,5,6,32,14,15,30,26,10,33,30,10,6,8,16,35,44,42,31,35,32,19,32,29,28,15,41,32,31,21,39,33,14,15,41,8,23,6,4,26,29,24,26,21,17,22,5,38,32,27,24,28,35,30,43
23,33,15,32,34,33,29,20,21,18,23,19,34,20,14,26,24,34,17,21,12,21,32,30,26,19,25,29,18,28,15,24,23,22,18,19,13,22,19,27,22,27,16,18,24,13,13,16,6,9,19,15,10,20,8,28,28,22,19,33,23,22,20,19,35,27,20,35,36,22,12,18,17,19,16,0,19,17,32,35,30,36,28,35,34,23,12,36,17,14,11,24,1,17,29,34,19,19,19,19,20,37,10,19,16,12,20,38,18,9,11,17,6,37,46,35,26,36,25,23,33,29,16,25,37,19,31,14,42,35,21,15,42,18,25,19,18,28,16,10,33,20,26,15,18,38,22,14,9,35,31,25,45
38,46,15,45,47,47,44,25,27,24,34,27,47,26,12,16,35,47,27,21,13,26,45,43,41,7,19,40,31,41,24,25,10,35,11,3,17,36,19,41,14,42,22,31,37,15,14,18,15,14,24,29,12,25,14,43,41,12,27,46,33,38,25,21,48,36,32,48,52,17,9,11,23,24,25,19,0,13,45,30,45,49,38,48,47,39,19,49,25,13,12,34,19,27,28,47,26,26,25,27,25,29,26,34,25,23,24,30,30,23,21,28,14,52,61,48,40,49,15,38,48,43,29,37,50,31,45,6,56,50,21,13,57,22,39,28,26,42,28,21,27,7,26,7,27,52,35,25,20,29,44,38,60
29,45,6,44,46,46,36,17,19,16,33,19,46,19,5,23,34,46,19,17,7,18,45,42,32,12,16,32,30,39,23,21,15,35,15,11,7,27,19,33,11,33,14,30,36,6,6,17,12,13,16,21,11,18,11,35,40,19,19,45,32,29,17,16,45,35,31,47,43,20,8,15,22,17,16,17,13,0,44,26,36,49,30,47,46,30,10,48,17,5,9,33,17,26,24,46,19,18,18,19,18,26,23,26,24,23,17,27,29,20,12,19,12,46,55,47,39,46,22,30,43,40,28,29,49,30,42,11,50,44,17,4,52,15,34,20,18,37,27,20,24,10,22,12,19,49,34,24,19,26,43,38,54
28,4,44,1,4,4,33,38,39,37,19,37,8,37,41,53,26,9,35,41,41,39,2,10,35,46,50,43,17,17,28,43,50,13,42,45,43,34,37,22,48,36,38,19,13,43,43,34,35,35,37,31,37,38,38,32,8,49,37,2,27,22,38,39,20,36,23,5,33,42,38,41,32,37,36,32,45,44,0,61,33,6,43,6,3,21,37,5,35,42,40,26,33,27,52,7,37,37,37,37,38,64,32,29,28,25,40,64,22,35,37,35,35,26,38,17,9,17,52,24,22,17,19,38,16,22,18,41,33,27,44,42,30,38,20,37,36,24,24,27,58,47,45,42,36,13,15,24,27,60,10,12,37
44,63,30,62,64,63,50,29,30,28,56,32,64,30,30,37,57,64,33,24,32,29,62,61,46,29,18,44,51,54,46,28,27,54,36,28,29,41,44,48,19,48,26,52,58,31,31,42,33,38,27,36,35,29,33,49,58,30,31,63,56,44,29,25,60,59,53,65,58,42,33,37,47,28,29,35,30,27,62,0,51,66,43,65,64,45,25,66,30,30,34,57,36,49,30,64,30,29,29,31,29,31,38,40,47,45,28,31,51,35,27,33,33,61,69,68,56,61,35,44,58,54,50,41,67,52,57,31,65,58,23,29,66,26,49,33,30,51,49,42,8,27,29,32,31,63,56,46,42,4,61,56,69
11,35,36,34,36,36,4,27,28,26,37,26,36,26,35,53,43,36,24,30,37,27,35,33,14,43,39,23,30,26,36,32,45,27,43,43,33,16,42,20,37,13,27,31,30,36,36,39,33,36,25,20,37,27,34,5,30,48,26,35,43,13,27,28,32,48,37,37,17,46,38,42,39,26,25,30,45,35,34,49,0,39,24,37,36,14,26,38,24,36,37,43,31,38,40,37,25,26,26,26,26,52,22,16,37,33,29,53,32,24,26,24,32,33,42,40,29,33,52,11,30,27,29,21,39,35,29,41,37,31,33,35,39,26,21,25,25,23,35,31,47,41,34,42,25,36,30,34,31,49,33,28,41
32,5,48,5,5,4,37,42,43,41,23,41,8,42,46,57,31,10,39,45,46,43,6,14,39,50,54,47,21,22,33,48,54,17,46,50,47,38,41,26,53,40,42,23,17,47,47,38,39,39,41,35,41,42,43,36,12,53,41,6,32,27,42,43,23,40,27,4,37,46,43,45,36,42,40,37,50,49,6,65,38,0,47,3,7,25,42,2,40,46,44,30,37,32,56,8,41,42,41,41,42,68,36,34,32,30,45,68,26,40,42,39,39,29,40,20,13,19,56,29,25,22,23,42,17,26,21,45,36,29,48,47,32,42,24,41,40,28,28,31,62,51,49,46,41,16,20,28,32,64,15,16,40
19,45,29,43,45,45,24,16,15,18,44,13,45,14,29,47,47,45,17,23,31,17,44,42,12,37,31,4,36,36,37,25,38,36,39,36,28,12,43,30,31,14,18,38,39,30,30,40,29,34,17,16,33,18,31,21,40,42,13,44,46,25,17,20,41,50,42,47,36,44,32,39,41,17,16,28,38,29,44,42,24,48,0,47,45,26,21,47,13,30,33,47,29,39,33,46,15,16,16,15,16,46,22,15,38,34,22,46,37,21,21,17,29,42,51,49,38,42,45,22,39,36,34,9,48,41,38,34,47,40,26,29,48,19,30,13,14,33,38,33,39,35,26,36,14,45,39,35,33,42,42,37,50
31,4,47,6,5,3,35,41,42,40,23,40,5,40,44,56,30,8,38,44,44,42,6,13,38,49,53,46,19,20,31,46,53,16,45,48,46,37,40,25,51,39,41,22,16,46,46,37,38,38,40,34,40,41,41,35,12,52,40,6,31,25,41,42,24,39,26,5,36,45,41,44,35,40,39,35,48,47,6,64,36,3,46,0,6,24,40,3,38,45,43,30,36,31,55,7,40,40,40,40,41,66,34,32,31,28,43,67,25,38,40,38,38,30,41,18,12,20,54,27,26,22,22,41,14,25,22,44,37,30,47,45,33,41,23,40,39,27,27,30,61,50,48,45,39,17,18,27,30,63,14,15,41
30,2,45,3,2,4,34,39,41,39,21,38,6,39,43,55,28,7,37,43,43,40,3,12,37,48,52,45,18,19,30,45,52,14,43,47,44,35,39,24,50,38,40,21,15,44,45,36,36,37,38,33,38,40,40,33,10,50,38,2,29,24,40,41,22,38,25,6,34,44,40,42,33,39,38,34,47,46,3,62,35,7,44,6,0,23,39,6,37,44,41,28,35,29,53,6,38,39,39,39,39,65,33,31,30,27,42,66,23,37,39,37,36,28,40,18,11,19,53,26,24,19,21,39,14,24,20,42,35,29,46,44,32,39,21,38,37,25,25,29,60,48,46,44,38,15,17,25,29,62,12,14,39
11,23,30,21,24,23,13,21,23,21,25,20,24,21,30,46,31,24,18,25,32,22,22,20,19,38,34,27,17,14,26,27,39,14,36,37,28,17,35,8,32,18,22,19,17,31,31,31,27,29,20,15,30,22,29,13,18,42,20,23,30,3,21,22,19,37,24,25,17,39,32,35,30,21,19,24,39,30,22,44,14,26,26,25,24,0,21,25,19,30,32,30,25,27,35,24,20,21,20,20,21,47,17,13,27,23,24,48,19,19,21,18,27,21,29,28,16,20,45,8,18,14,17,21,27,23,16,34,25,18,27,29,26,21,9,20,19,11,23,24,41,36,28,35,20,23,17,22,24,44,21,15,28
20,39,10,38,40,39,26,8,10,6,33,10,40,9,10,28,35,40,9,10,12,9,38,37,23,18,14,22,28,30,26,13,19,31,20,17,9,18,24,24,12,24,4,29,34,11,11,22,13,18,7,12,15,8,13,25,34,23,10,39,34,20,8,7,36,38,31,41,34,25,13,20,27,7,7,12,19,10,38,25,27,42,21,41,40,21,0,42,8,10,14,35,13,28,18,40,9,9,8,10,8,27,13,16,27,23,8,28,28,11,2,10,13,37,45,44,32,37,26,20,34,30,27,19,43,30,33,15,41,34,11,10,42,6,25,11,8,27,26,21,22,16,14,17,10,39,32,24,20,24,37,32,45
32,5,47,5,5,3,36,41,43,41,23,40,8,41,45,57,30,9,38,45,45,42,5,14,39,50,54,47,20,21,32,47,54,16,45,49,46,37,41,26,52,39,42,22,16,46,47,38,38,39,40,35,40,42,42,35,12,52,40,6,31,26,42,43,22,40,27,3,36,46,42,44,35,41,40,36,49,48,5,64,37,2,46,3,6,25,41,0,39,46,43,30,37,31,55,8,40,41,41,40,41,67,35,33,32,29,44,68,25,39,41,39,38,28,40,20,12,18,55,28,24,21,23,41,16,26,20,44,35,29,47,46,31,41,23,40,39,27,27,31,62,50,48,46,40,15,19,27,31,64,14,16,39
18,37,17,36,38,37,24,4,4,7,36,2,38,3,16,34,38,38,6,12,18,6,36,35,17,24,19,15,29,28,28,14,25,29,26,23,15,14,31,22,18,19,6,31,32,17,17,28,18,23,6,10,22,5,19,23,32,29,2,37,37,18,6,9,34,41,33,39,32,32,19,26,32,4,3,17,25,16,36,29,25,40,13,39,38,19,8,40,0,17,20,38,18,30,22,38,3,3,4,2,4,33,13,14,29,26,10,34,30,10,8,6,18,35,43,42,30,35,33,18,32,28,27,12,41,32,31,22,39,32,14,16,40,8,23,3,2,25,29,24,27,22,15,23,2,37,31,27,24,29,35,30,43
30,43,6,42,44,43,36,18,20,16,31,20,44,19,3,21,31,44,19,19,5,19,42,39,33,14,19,32,28,38,20,23,18,32,13,13,7,27,17,34,14,34,14,28,34,6,6,15,10,11,17,22,8,18,8,35,38,16,20,43,30,29,18,17,45,33,29,45,43,18,6,13,20,17,16,14,13,5,42,29,37,46,31,45,44,31,11,46,18,0,7,31,15,24,27,44,19,19,18,20,18,29,21,26,22,20,18,30,27,19,12,19,10,47,55,45,36,46,19,30,44,40,26,29,47,28,42,8,51,44,19,2,52,16,35,21,18,37,24,18,27,13,24,10,20,49,32,22,17,29,41,35,55
31,41,8,39,42,41,38,21,22,19,29,23,42,22,6,20,30,42,22,22,4,22,40,37,34,13,23,35,25,36,19,25,17,30,12,12,10,29,16,35,18,35,17,26,32,6,6,14,7,10,20,22,5,21,5,37,36,15,22,41,29,31,21,20,43,32,27,43,45,17,5,12,19,20,19,11,12,9,40,33,38,44,34,43,42,32,14,43,21,7,0,30,12,23,30,42,22,22,21,22,21,33,18,28,21,18,21,33,25,15,15,22,7,46,55,43,34,44,18,32,43,38,24,32,45,26,40,7,51,44,22,7,51,19,34,24,21,37,22,16,31,14,27,9,22,46,29,20,16,33,39,33,55
36,27,32,25,28,28,41,40,41,39,7,38,28,39,29,37,3,28,36,43,29,41,26,19,41,34,46,46,15,26,13,45,38,20,27,33,31,38,18,30,41,42,38,12,16,31,31,18,23,21,39,32,25,40,27,40,22,37,38,26,4,31,40,40,35,13,7,29,41,23,26,26,14,39,37,23,33,32,26,57,41,30,45,29,28,29,34,29,37,30,28,0,24,10,50,28,39,39,39,39,40,56,25,34,10,12,41,57,12,29,32,36,24,40,51,24,20,36,39,33,36,28,16,41,26,8,32,29,46,40,43,30,45,39,28,38,38,32,11,15,54,35,47,30,37,36,16,13,15,56,22,23,50
23,34,15,32,34,34,30,20,22,18,23,19,34,20,13,27,25,35,17,22,11,21,33,30,27,20,25,30,18,28,15,25,24,23,19,19,13,23,19,27,22,28,17,19,25,13,13,16,6,9,19,15,10,21,8,29,29,22,19,33,24,23,20,19,35,28,21,36,37,22,12,18,18,20,16,1,19,16,33,36,30,37,28,36,34,24,13,36,18,14,11,25,0,17,29,35,19,20,19,19,20,38,10,20,16,12,20,38,18,10,12,18,6,38,46,36,27,36,25,24,34,30,17,26,38,20,32,14,42,35,22,14,42,18,25,19,18,28,17,10,33,20,26,16,19,39,22,14,10,35,31,26,46
32,29,25,28,30,30,38,35,36,33,12,33,30,34,23,32,10,30,30,36,23,36,28,23,36,28,40,41,14,25,7,40,32,19,21,27,25,33,14,28,35,36,32,11,18,24,25,11,17,15,34,27,18,35,21,37,23,30,33,29,9,28,35,34,33,14,9,31,38,19,20,20,8,34,31,18,27,26,28,50,39,32,40,31,30,27,28,32,32,24,21,10,19,0,44,30,34,34,34,34,34,50,20,29,3,7,35,50,9,24,26,31,17,38,48,29,22,34,33,30,34,27,13,36,31,8,30,22,44,37,36,24,42,33,25,33,33,30,7,9,48,28,41,24,32,36,16,8,10,50,26,22,47
34,54,26,52,54,54,41,19,21,18,50,23,54,21,25,37,52,54,24,14,27,20,53,51,37,26,18,35,45,45,42,17,27,45,33,25,24,32,40,38,20,38,19,45,48,26,26,37,29,33,18,26,31,20,29,40,49,31,23,53,51,34,19,16,50,54,47,56,48,39,28,33,42,19,22,29,27,24,53,29,41,57,34,56,54,35,18,56,22,26,29,52,29,44,0,55,20,20,20,21,19,33,30,31,43,40,19,33,45,26,20,24,29,51,60,58,47,51,35,35,48,45,43,32,57,46,47,28,56,49,10,25,57,17,39,24,22,42,43,37,26,24,16,29,23,54,48,41,37,29,51,46,59
30,5,46,8,6,5,35,40,41,39,21,39,6,40,44,55,29,4,37,43,43,41,8,12,37,48,52,45,19,19,31,45,52,15,44,48,45,36,39,24,51,38,40,21,15,45,45,36,37,37,39,33,39,40,41,34,10,51,39,7,29,25,40,41,26,38,25,9,35,44,40,43,34,40,38,34,47,46,8,63,36,9,45,7,6,23,40,8,37,44,42,28,35,30,54,0,39,40,39,39,40,66,34,32,30,28,42,66,24,37,39,37,37,32,44,18,11,23,54,27,28,20,21,40,14,24,23,43,39,33,46,45,36,40,22,39,38,26,26,29,60,49,47,44,38,19,18,26,30,62,12,14,43
19,39,18,37,39,39,26,2,5,5,37,5,39,3,18,36,39,39,8,10,20,5,38,36,19,25,19,17,31,30,30,12,26,30,27,24,17,16,32,23,19,21,7,32,33,19,19,29,20,24,4,11,23,3,20,25,34,29,4,38,38,19,4,7,35,42,35,41,33,33,21,28,33,3,5,18,26,18,38,29,26,42,16,41,39,20,9,41,3,18,21,39,19,32,20,40,0,1,3,3,2,33,15,16,31,27,8,34,31,11,10,9,20,36,45,43,32,36,34,20,33,30,29,14,42,33,32,23,41,34,12,17,42,6,24,6,2,27,30,25,27,23,13,25,4,39,33,28,25,29,36,31,44
20,39,17,38,40,40,26,2,4,5,38,5,40,2,17,35,40,40,8,9,19,4,38,37,19,24,18,17,31,30,31,11,26,31,27,24,16,16,31,24,18,21,7,33,34,18,18,29,20,25,3,12,22,3,21,25,34,29,4,39,39,20,4,7,36,43,35,41,34,32,20,27,34,2,6,19,25,17,38,29,27,42,16,41,40,21,9,42,3,18,21,40,20,32,20,40,1,0,2,2,1,33,15,16,31,28,8,33,32,12,10,9,20,37,45,44,33,37,33,20,34,30,29,14,43,34,33,22,41,34,12,17,42,5,25,6,3,27,31,26,26,22,13,24,5,39,33,29,26,28,37,32,45
19,39,17,37,39,39,26,2,6,4,37,5,40,4,17,35,39,40,9,9,19,5,38,36,20,24,18,18,31,30,30,11,25,30,27,23,16,17,31,24,18,22,7,32,33,18,18,29,20,24,3,11,22,2,20,25,34,29,5,39,38,19,4,6,35,42,35,41,33,32,20,27,33,1,5,19,25,17,38,28,27,42,16,41,39,21,8,41,4,17,20,39,19,32,19,40,3,2,0,3,2,32,15,16,31,27,8,33,32,12,10,9,20,37,45,44,32,36,33,20,34,30,29,15,43,34,32,22,41,34,12,16,42,5,25,6,2,27,31,25,26,22,12,24,5,39,33,28,26,28,37,31,44
19,39,18,37,39,39,26,3,5,7,37,4,40,3,18,36,39,40,8,11,20,6,38,36,19,26,20,16,31,30,30,13,27,30,28,25,17,15,32,24,20,20,7,32,33,19,19,30,20,24,5,11,23,5,21,25,34,30,4,39,38,19,5,8,35,42,35,41,33,33,21,28,33,4,5,19,27,18,38,30,27,42,15,41,39,21,10,41,2,18,22,39,19,32,21,40,3,3,3,0,3,34,15,16,31,27,10,35,32,12,10,8,20,37,45,44,32,36,34,20,34,30,29,14,43,34,32,23,41,34,14,17,42,7,25,5,3,27,30,25,28,24,14,25,4,39,33,28,26,30,37,31,44
20,39,17,38,40,40,27,1,5,4,38,5,40,3,17,35,40,40,9,9,19,4,39,37,20,24,18,18,31,30,31,11,25,31,27,23,16,17,31,24,18,21,7,33,34,18,18,29,20,24,3,12,22,2,20,26,34,29,5,39,39,20,3,6,36,43,36,42,34,32,20,27,33,2,6,19,25,17,38,28,27,43,16,41,40,21,8,42,4,17,20,40,20,33,19,41,2,1,2,3,0,32,16,17,32,28,8,33,32,12,10,9,20,37,46,44,33,37,33,21,34,31,30,15,43,34,33,22,41,35,12,16,43,5,25,6,3,28,31,26,26,22,12,24,5,40,34,29,26,28,37,32,45
46,65,29,64,66,65,52,32,34,31,56,35,66,34,29,35,57,66,35,28,31,33,64,63,49,27,22,48,52,56,46,32,25,57,35,28,29,44,43,50,16,50,30,52,58,30,30,41,33,37,31,38,34,33,33,51,60,28,35,65,56,46,33,29,62,59,53,67,60,41,32,36,46,32,33,37,29,26,64,31,53,68,46,67,66,47,27,68,33,29,33,57,37,49,33,66,34,33,33,35,33,0,39,42,47,45,31,1,51,37,29,36,33,63,71,69,58,63,33,46,60,56,51,45,69,52,59,30,67,60,27,28,68,30,51,36,34,53,49,43,28,25,33,31,35,65,56,47,42,30,63,58,71
17,34,21,32,35,34,24,16,17,16,26,14,35,16,19,33,28,35,12,20,17,17,33,31,21,26,26,24,20,26,19,22,30,23,25,26,19,16,25,21,24,21,16,21,25,19,19,22,13,17,15,9,17,17,14,23,29,29,15,34,27,17,17,18,33,31,24,36,31,28,19,24,22,16,15,10,26,22,33,37,24,37,22,36,35,18,13,36,14,20,17,28,11,20,30,35,15,16,16,16,16,39,0,14,20,16,19,40,21,6,13,12,13,34,43,37,27,34,32,18,31,27,18,19,38,22,30,21,38,32,23,20,40,16,22,14,14,25,19,14,34,27,23,22,14,36,24,17,14,37,32,26,42
7,32,26,30,32,32,15,17,18,16,32,15,33,16,25,43,35,33,12,20,27,18,31,29,10,34,29,16,24,23,26,22,35,23,33,33,23,7,32,17,27,11,17,26,26,26,26,29,23,26,16,8,27,17,24,14,27,38,15,32,34,12,17,18,28,38,30,34,26,36,28,32,29,16,15,20,35,25,31,40,16,35,16,34,32,14,16,34,14,26,27,35,21,28,30,33,16,16,16,16,17,42,12,0,27,23,19,43,25,14,16,13,23,30,38,37,25,29,42,9,27,23,22,11,36,29,25,31,34,27,23,25,35,17,18,14,15,20,26,21,37,31,24,32,14,32,26,24,21,39,30,24,37
30,29,23,27,30,29,37,33,34,31,13,31,30,32,21,30,11,30,29,35,21,34,28,23,34,26,38,39,13,25,5,38,30,19,19,25,23,31,12,27,33,35,30,11,18,23,23,9,15,13,32,26,16,33,19,36,23,28,31,29,10,28,33,32,32,12,10,31,38,17,18,18,5,32,29,16,25,24,28,48,37,32,38,31,30,26,26,32,30,22,20,11,17,3,42,30,32,32,32,32,33,48,18,27,0,5,33,49,9,22,25,29,15,37,48,29,22,33,31,30,33,27,13,34,31,10,29,20,43,37,35,22,42,31,25,31,31,29,6,8,46,26,39,22,30,36,16,6,8,48,27,21,47
28,28,23,26,29,28,34,31,32,30,14,29,29,30,21,30,13,29,26,33,21,31,27,23,32,25,36,37,11,23,3,36,29,17,18,25,22,28,13,25,32,32,28,11,17,22,22,10,14,12,29,23,16,31,18,34,23,28,29,28,12,25,31,31,30,16,12,30,35,17,18,17,7,30,27,14,24,24,27,47,35,31,36,30,29,24,24,31,28,21,19,13,14,6,41,29,29,30,30,30,30,47,16,24,5,0,31,48,10,20,23,26,15,35,45,28,21,31,31,27,31,25,10,32,30,10,27,20,41,34,33,22,40,29,23,29,29,27,7,5,44,26,38,21,28,34,15,4,5,47,26,20,45
23,42,16,40,43,42,29,7,9,5,40,11,43,9,16,34,43,43,12,8,18,8,41,39,25,23,17,23,34,33,32,11,24,33,26,22,15,20,30,27,17,26,7,36,37,17,17,28,20,24,6,15,21,8,19,28,37,28,11,42,41,22,7,3,38,45,38,44,36,31,19,26,33,7,10,19,24,16,41,27,30,45,22,44,43,24,8,44,10,17,20,42,20,35,19,43,8,8,8,10,7,31,18,19,34,30,0,32,35,15,10,12,19,40,48,47,35,39,32,23,37,33,32,20,46,37,35,21,44,37,11,16,45,5,28,12,10,30,34,28,25,21,12,23,11,42,36,31,28,27,40,34,47
46,66,30,64,66,66,53,33,34,32,56,36,66,34,29,35,57,66,36,29,31,34,65,63,49,27,22,48,52,56,46,32,25,57,35,28,29,44,43,50,16,50,30,53,59,30,31,41,34,37,32,38,35,33,34,52,61,28,35,65,56,46,33,29,62,59,54,68,60,42,33,36,46,32,33,37,30,26,65,31,53,69,47,67,66,47,27,68,34,29,33,57,38,50,34,67,34,34,33,35,33,2,40,43,48,45,32,0,52,37,29,36,34,63,72,70,59,63,33,47,60,57,51,45,69,52,59,30,67,61,27,28,69,30,51,37,34,54,49,43,29,26,33,31,35,66,56,47,43,31,63,58,71
26,23,28,21,23,23,30,33,34,32,9,32,23,32,26,36,13,23,29,36,26,34,22,17,32,31,40,38,5,18,11,38,35,12,25,30,28,28,19,20,37,32,32,4,12,28,28,17,20,18,32,26,21,33,23,29,17,33,32,22,12,20,33,34,25,18,7,25,30,24,23,24,13,32,31,18,30,29,22,51,31,26,37,24,23,18,28,25,30,27,25,13,19,8,44,24,32,32,32,32,33,52,19,24,9,8,35,53,0,23,26,30,20,29,40,23,15,25,36,22,26,19,5,32,25,5,21,25,36,29,37,27,34,33,17,32,31,21,4,10,48,32,40,27,31,28,10,7,10,50,20,15,39
18,36,18,34,37,36,24,15,16,14,27,13,37,14,17,31,29,37,11,18,15,16,35,33,21,23,24,23,22,28,20,20,28,25,22,23,16,16,25,22,21,22,13,22,27,16,16,22,10,14,14,8,14,15,11,24,31,26,14,36,28,18,15,16,34,32,25,38,32,28,16,23,23,14,12,8,23,19,35,34,25,39,21,38,37,19,10,38,12,17,14,29,9,22,28,37,13,14,14,14,14,36,5,14,21,17,17,37,22,0,10,12,10,35,44,39,29,35,29,19,32,29,20,19,40,23,31,18,39,33,20,17,41,14,23,13,13,25,20,15,32,24,22,20,13,38,26,18,15,34,34,28,43
20,39,11,37,40,39,26,10,12,8,32,10,40,10,11,29,34,40,9,12,13,11,38,36,23,20,16,23,27,30,25,15,21,30,21,19,9,17,25,24,14,23,6,27,33,12,12,23,12,17,9,12,15,10,13,25,34,24,10,39,33,19,10,9,35,37,30,41,33,26,14,21,26,9,6,11,21,11,38,27,27,42,21,41,40,21,3,41,8,12,15,34,11,26,20,40,10,10,10,10,10,29,13,16,26,22,10,29,27,11,0,9,12,37,45,44,32,36,27,20,34,30,26,20,43,28,32,17,41,34,13,11,42,8,25,11,9,27,25,19,24,18,16,18,10,39,31,23,19,26,37,31,44
16,35,18,34,36,36,23,9,9,8,33,6,36,7,17,35,36,36,2,12,19,10,35,33,17,26,21,17,27,26,26,14,27,27,27,25,15,12,32,20,19,18,9,29,30,18,19,29,17,22,8,6,21,9,19,22,31,30,6,35,34,16,9,10,32,39,31,38,30,33,21,27,29,8,7,16,27,17,34,32,23,39,16,37,36,17,8,38,6,18,21,35,17,28,22,37,8,8,8,8,9,35,11,11,27,23,11,35,28,9,8,0,17,33,42,40,29,33,34,17,30,27,26,14,39,30,29,23,37,31,15,17,39,9,21,6,7,24,27,21,29,23,16,24,6,36,30,24,22,31,33,28,41
25,35,12,34,36,35,32,20,22,18,23,19,36,20,10,22,25,36,17,21,8,21,34,31,28,15,25,30,20,30,14,25,19,24,14,14,9,23,16,30,21,29,17,20,26,9,10,13,1,6,19,16,5,20,5,31,30,17,19,35,24,25,20,19,37,26,21,37,39,19,7,14,15,20,16,5,14,13,34,36,32,38,29,37,36,26,13,38,18,10,7,25,6,17,29,36,19,20,19,19,20,36,12,22,15,13,20,37,19,10,11,17,0,41,50,37,28,38,20,26,37,32,18,26,39,20,34,9,45,38,21,11,45,18,28,19,18,31,17,10,33,15,26,11,18,41,24,14,10,35,33,27,49
27,29,46,26,29,29,31,37,38,36,35,36,33,37,45,60,41,32,34,40,47,38,26,30,34,53,49,42,27,18,37,42,55,25,50,52,43,33,45,19,48,35,37,29,28,46,47,42,41,42,36,30,44,37,44,31,23,56,36,27,41,21,37,38,9,47,35,27,31,50,45,49,40,36,35,38,52,45,26,60,32,29,42,30,28,20,37,28,34,46,47,41,38,37,51,32,36,36,36,36,37,63,33,28,37,34,39,63,30,34,36,34,42,0,18,37,26,11,58,24,7,14,27,37,36,33,12,47,13,6,43,45,9,37,14,36,35,12,33,35,57,52,44,49,35,16,27,32,36,59,30,26,18
35,41,54,37,40,40,39,45,46,44,45,44,44,45,54,68,51,43,42,48,56,46,38,41,42,61,57,50,37,30,47,50,63,35,58,60,52,41,55,27,56,43,45,39,38,55,55,52,50,51,44,38,52,45,52,39,35,64,44,39,51,30,45,46,22,57,45,39,39,60,53,57,50,45,43,46,60,53,38,68,41,40,50,41,40,28,45,40,42,54,55,51,47,47,59,44,44,45,44,44,45,71,41,37,48,44,47,71,40,42,44,42,50,18,0,48,37,23,67,32,16,25,37,45,47,43,24,56,7,14,51,53,25,45,24,44,43,20,43,45,65,60,52,57,43,28,37,42,46,67,41,36,3
34,17,47,17,18,17,38,44,45,43,18,43,14,43,45,55,25,19,41,47,45,45,17,11,41,49,56,49,19,23,30,49,53,18,44,49,46,40,39,28,54,42,44,20,13,46,46,36,38,37,43,37,40,44,42,38,15,52,43,18,26,28,44,45,32,35,22,20,38,44,42,43,33,43,42,36,49,48,17,67,39,20,48,18,18,27,43,20,41,45,43,25,37,29,57,18,43,43,43,43,43,69,36,35,29,27,46,70,23,41,43,41,38,37,48,0,15,31,55,30,33,24,21,44,6,21,28,44,44,37,50,46,42,43,25,43,42,30,25,29,64,50,51,45,42,27,17,26,29,66,10,18,48
23,11,38,8,11,11,27,32,34,32,14,31,11,32,36,47,21,11,29,36,36,33,9,7,30,41,45,38,11,12,23,38,45,7,36,40,37,28,31,17,43,30,33,12,7,37,38,28,29,29,31,26,31,33,33,26,6,43,31,10,22,17,33,33,21,29,17,12,27,36,33,35,26,32,30,27,40,39,9,55,28,13,37,13,11,16,32,12,30,37,34,21,27,21,46,11,31,32,31,31,32,58,26,24,22,20,35,59,16,30,32,30,29,26,37,15,0,21,46,19,22,13,13,32,14,15,17,35,33,26,38,37,30,32,14,31,30,18,17,21,53,41,39,37,31,19,9,18,22,55,8,7,36
27,20,46,16,19,19,31,37,38,36,31,36,24,36,45,58,37,24,34,40,46,38,17,23,34,51,49,42,24,14,33,42,55,21,46,50,43,33,42,20,47,35,37,26,24,46,46,39,39,40,36,30,41,37,42,31,19,53,36,18,37,21,37,38,5,43,31,18,31,47,43,45,36,36,35,36,50,45,17,59,32,19,41,21,19,20,36,19,34,46,44,37,37,33,50,23,35,36,36,36,36,62,32,28,34,30,39,63,26,34,36,34,39,11,23,31,21,0,56,23,7,9,23,37,30,30,5,45,18,12,43,45,15,36,14,35,35,14,29,32,57,51,44,47,35,7,24,28,32,59,24,22,22
45,52,21,51,53,53,51,33,35,31,40,35,53,35,19,4,39,53,35,29,19,34,51,49,48,12,26,48,37,47,30,33,12,41,14,15,23,43,23,47,18,49,30,37,43,21,20,24,21,20,32,35,18,34,20,50,47,7,35,52,38,45,33,30,54,40,38,54,58,20,15,17,29,33,32,25,15,21,51,35,52,55,46,54,53,45,26,55,33,19,18,39,25,33,36,53,35,34,34,35,34,33,32,41,31,30,32,34,36,29,28,35,20,58,67,54,46,55,0,45,54,49,35,45,56,37,51,12,62,56,29,19,63,31,45,36,34,49,34,27,33,13,34,13,35,58,41,31,26,35,50,44,66
5,26,29,25,27,27,10,20,22,20,28,19,27,20,29,47,34,27,17,24,31,21,26,24,13,37,33,22,20,17,29,26,38,18,37,36,27,13,36,11,31,14,21,22,21,30,30,33,26,29,19,14,30,21,28,9,21,42,19,26,34,6,21,21,23,40,28,28,21,40,32,36,32,20,18,24,38,29,25,43,11,30,22,28,27,8,20,29,18,29,31,34,24,30,34,27,19,20,19,19,20,46,16,9,30,26,23,47,23,18,20,18,26,24,33,31,20,24,45,0,21,18,20,17,30,26,20,34,28,22,26,28,30,20,12,19,18,14,26,25,41,35,27,36,19,27,21,25,25,43,24,19,32
24,25,42,21,24,25,27,33,35,33,31,32,29,33,42,56,37,28,30,37,43,34,22,25,31,49,46,39,23,14,32,39,51,20,45,48,40,29,41,16,44,31,34,25,23,43,43,38,37,38,32,27,39,34,40,27,19,51,32,23,36,18,33,34,6,42,30,23,27,46,41,44,36,33,31,33,48,42,22,56,29,24,38,26,24,16,33,24,31,42,42,36,34,33,47,28,32,33,32,32,33,59,29,25,33,29,36,60,25,31,33,30,37,6,17,33,21,7,54,20,0,9,23,33,32,29,8,43,12,6,39,41,13,33,10,32,31,9,29,31,53,48,40,45,32,12,23,28,31,56,26,21,16
20,20,39,17,20,20,25,30,31,29,23,29,21,30,39,51,30,19,27,33,39,31,18,17,27,44,42,35,16,6,26,36,48,13,40,43,37,26,35,14,41,28,30,19,16,40,40,32,32,33,29,23,35,30,36,24,11,47,29,18,29,15,30,31,9,36,23,21,25,40,36,39,30,30,28,29,43,39,18,53,26,22,35,22,19,13,30,21,28,39,38,29,30,27,44,20,29,30,29,29,30,56,26,22,27,23,33,56,20,28,30,27,33,14,25,25,13,8,49,17,10,0,17,30,24,22,4,38,21,14,36,38,18,30,11,29,28,15,23,25,50,45,37,40,28,10,16,22,25,52,18,14,25
24,21,27,19,21,21,28,31,32,30,12,30,21,30,25,35,16,21,28,34,25,32,20,16,30,30,39,36,4,16,11,36,34,10,24,29,26,26,20,18,36,30,30,4,10,27,27,17,18,17,30,24,20,31,22,27,16,32,30,20,15,18,31,32,23,22,10,23,28,25,22,23,15,30,29,17,29,28,20,49,29,24,35,23,21,16,26,23,28,26,24,16,17,12,43,22,30,30,30,30,31,51,17,23,12,8,33,52,5,21,25,28,19,27,38,22,14,23,35,20,24,17,0,30,24,8,19,24,34,27,35,26,32,31,15,30,29,19,8,9,46,31,38,26,29,26,8,7,10,49,18,13,37
14,40,28,38,41,40,21,15,14,17,40,12,41,13,28,46,42,41,15,21,30,16,39,37,12,36,30,10,31,31,33,24,37,31,38,35,27,8,39,25,29,13,17,33,35,29,29,36,26,31,16,11,30,16,28,18,35,40,12,40,41,20,16,19,37,45,38,42,34,43,31,38,36,16,15,25,37,28,39,41,22,43,10,42,41,22,19,42,12,28,31,42,26,35,32,41,14,14,15,14,15,45,19,11,34,30,20,45,32,18,20,15,26,38,46,45,33,37,44,17,35,31,30,0,44,36,33,33,42,35,24,27,43,18,26,12,13,28,33,28,38,33,25,35,13,40,34,31,29,40,38,32,45
33,14,49,16,14,14,37,43,44,42,20,42,11,42,46,57,27,16,40,46,46,44,16,12,40,51,55,48,21,22,32,48,55,18,46,50,48,39,41,27,53,41,43,22,15,48,48,38,40,39,42,36,42,43,43,37,14,54,42,16,28,27,43,44,31,37,24,17,38,46,43,45,35,42,41,37,50,49,16,66,38,17,48,14,14,26,42,16,40,47,45,27,38,31,57,15,42,42,42,42,43,68,36,34,31,29,45,69,25,40,42,40,40,36,47,7,14,30,56,29,32,23,23,43,0,23,27,46,43,36,49,47,41,43,25,42,41,29,27,31,63,52,50,47,41,26,19,28,31,65,9,17,47
29,23,29,21,24,23,33,35,36,35,4,33,24,35,27,37,8,24,31,38,27,36,22,16,36,32,42,42,8,18,12,41,36,12,25,31,28,32,18,23,39,36,33,5,12,28,29,16,20,19,34,28,22,36,24,33,17,34,34,23,8,23,36,36,28,14,2,25,33,23,24,24,13,35,33,20,31,30,22,52,34,26,41,25,24,22,29,25,33,28,25,8,20,8,46,24,34,35,35,35,35,54,21,29,9,9,37,54,5,25,28,31,21,33,43,21,15,29,37,25,29,21,8,36,23,0,25,26,39,32,38,28,38,35,20,33,33,25,5,11,50,32,42,28,33,31,9,8,11,52,19,15,43
23,21,41,18,21,21,27,32,34,32,27,31,25,32,41,53,33,24,29,36,41,33,19,21,30,46,45,38,19,10,29,38,50,17,42,45,39,28,37,17,43,30,33,21,20,42,42,34,35,35,31,26,37,33,38,26,15,49,31,19,33,17,32,33,7,39,27,19,27,42,38,41,32,32,30,32,45,41,19,55,28,21,37,22,20,15,32,20,30,41,40,33,32,29,46,24,31,32,31,31,32,58,28,24,29,26,35,59,22,30,32,29,35,12,24,29,17,5,52,19,8,5,19,32,28,25,0,41,19,13,38,40,17,32,13,31,30,15,25,27,52,47,39,42,31,8,19,24,28,55,22,18,23
34,41,10,40,42,41,40,22,24,20,29,24,42,24,7,15,29,42,23,23,8,23,40,37,37,8,22,37,26,36,18,27,12,30,7,7,12,31,14,36,16,38,19,26,32,10,9,13,10,9,21,24,7,23,8,39,36,11,24,41,28,33,22,21,43,30,27,43,47,12,4,6,18,22,21,14,7,10,40,32,41,44,35,43,42,34,15,44,22,8,7,29,14,22,30,42,23,23,23,24,22,31,20,30,20,18,22,32,25,18,16,24,9,47,55,43,34,44,14,34,43,38,24,34,45,26,40,0,51,44,23,8,51,20,34,25,23,37,22,16,29,9,28,4,24,47,30,20,15,32,39,33,55
31,36,50,33,36,36,35,41,42,40,41,40,40,40,49,64,47,39,38,44,51,42,34,37,38,57,53,46,33,25,42,46,59,30,54,56,47,37,51,23,51,39,41,35,34,50,51,48,45,46,40,34,48,41,48,35,30,60,40,34,47,25,41,42,17,53,40,34,35,56,49,53,46,40,39,42,56,49,33,64,36,36,46,37,35,24,40,35,38,50,51,47,42,43,55,39,40,40,40,40,41,67,36,32,43,40,43,67,36,38,40,38,46,13,7,44,32,18,62,27,12,21,33,41,43,39,19,51,0,9,47,49,20,41,20,40,39,16,39,41,61,55,48,53,39,23,33,38,42,63,37,32,8
24,30,43,26,29,29,28,34,35,33,34,33,33,34,43,57,40,32,31,37,45,35,27,30,31,50,46,39,26,19,36,39,52,24,47,50,41,30,45,16,45,32,34,28,27,44,44,41,39,40,33,27,41,34,41,28,24,53,33,28,40,19,34,35,11,46,34,27,28,49,42,46,39,34,32,35,49,43,27,57,30,29,39,30,29,17,34,29,31,43,44,40,36,36,48,33,33,34,33,33,34,60,30,26,37,33,36,60,29,31,33,31,39,6,14,37,26,12,56,21,5,14,26,34,36,32,13,45,9,0,40,42,13,34,13,33,32,9,32,34,54,49,41,46,32,16,27,31,35,56,30,25,13
26,45,17,44,46,46,32,11,12,10,41,15,46,12,17,29,44,46,15,5,19,12,44,43,29,18,12,27,36,36,33,10,19,37,24,17,16,23,31,30,12,30,11,37,40,18,18,29,20,25,10,18,22,11,20,31,40,22,14,45,42,26,11,8,42,46,39,47,40,31,20,25,34,10,14,20,19,15,44,22,33,48,25,47,46,27,10,48,14,17,21,43,21,36,13,46,12,12,11,13,11,26,21,22,34,31,10,27,36,18,12,15,20,43,51,50,39,43,27,26,40,37,35,24,49,38,39,19,47,40,0,17,49,9,31,15,13,33,35,29,19,16,10,20,15,45,39,32,29,22,43,38,51
29,43,5,42,44,44,35,17,19,15,31,19,44,18,3,21,32,44,18,18,5,18,43,40,32,14,18,31,28,38,21,22,17,33,13,13,6,26,17,33,13,33,13,28,34,5,5,15,10,11,16,21,9,17,9,34,38,17,19,43,30,28,17,16,45,33,29,45,42,18,6,13,20,16,15,15,13,4,42,28,36,47,30,45,44,30,10,46,17,2,7,31,15,24,26,44,18,18,17,19,17,28,21,25,22,21,17,28,27,19,11,18,10,46,54,45,37,46,19,29,43,39,26,28,47,28,41,9,50,43,18,0,51,15,34,20,17,36,25,18,26,12,23,10,19,48,32,22,17,28,41,36,54
33,33,51,29,33,33,37,42,44,42,40,41,37,42,51,65,46,37,39,46,52,43,30,34,40,58,55,48,32,23,41,48,60,29,55,57,49,38,50,26,53,41,43,34,32,52,52,47,46,47,41,36,48,43,49,36,28,60,41,31,45,27,43,44,12,51,39,31,37,55,50,54,45,42,41,43,57,51,30,65,38,33,47,34,32,26,42,32,40,52,52,45,43,42,56,36,41,42,42,42,42,68,38,34,42,38,45,69,34,40,42,40,47,9,25,42,30,15,63,29,13,18,32,42,41,38,17,52,20,13,49,51,0,42,19,41,40,19,38,40,63,57,49,54,41,20,32,37,40,65,35,30,24
20,39,14,38,40,39,26,4,6,3,38,8,40,6,14,32,40,40,9,7,16,5,38,37,23,22,15,21,31,30,30,9,23,31,24,21,13,17,28,24,15,24,4,33,34,15,15,26,18,22,3,12,20,5,18,25,34,26,8,39,39,20,5,3,36,43,35,41,34,29,17,24,31,4,8,17,23,14,38,26,27,42,19,41,40,21,6,42,8,15,18,40,18,32,17,40,6,5,5,7,5,29,15,16,31,28,5,30,32,12,8,9,17,37,45,44,32,37,30,20,34,30,29,18,43,34,33,20,41,34,10,14,42,0,25,9,7,27,31,26,23,19,11,21,8,39,33,29,26,25,37,32,45
15,21,34,19,21,21,19,25,27,25,23,24,22,25,34,48,29,22,22,28,35,26,20,18,22,40,37,30,15,12,24,31,43,12,37,40,32,21,33,9,36,23,25,17,15,35,35,30,29,30,24,18,31,25,32,19,16,43,24,21,28,10,25,26,12,34,22,23,19,38,33,36,27,25,23,25,40,34,20,48,21,24,30,23,21,8,25,23,23,34,34,28,26,25,39,22,24,25,24,24,25,51,21,17,25,21,28,51,17,23,25,22,29,14,24,26,14,14,46,12,11,11,15,25,25,21,13,35,20,13,31,33,19,25,0,24,23,6,21,23,45,40,32,36,24,18,15,20,23,47,19,13,24
17,38,20,37,39,39,25,7,5,9,37,3,39,4,19,37,39,39,6,13,21,8,38,36,17,27,22,15,30,29,29,15,28,30,29,26,18,12,34,23,21,18,9,32,33,20,20,31,20,24,7,9,24,8,21,22,33,32,3,38,38,19,8,10,35,42,34,40,33,35,22,29,33,7,6,18,28,19,37,32,25,42,13,40,39,20,11,41,3,20,23,39,19,31,23,40,6,6,7,5,6,36,14,14,30,27,12,37,31,11,11,6,20,36,45,43,32,36,36,20,33,30,29,12,42,33,32,25,40,34,16,19,42,9,24,0,5,26,30,25,30,25,17,26,3,39,33,28,25,32,36,31,44
18,38,17,36,38,38,25,4,6,6,36,4,38,4,17,35,38,38,7,11,19,6,37,35,18,25,19,16,30,29,29,13,26,29,27,24,16,15,31,22,18,20,6,31,32,18,18,29,19,23,5,10,22,4,19,24,33,29,3,37,37,18,6,8,34,41,34,40,32,32,20,27,32,3,4,17,26,17,37,30,25,41,15,40,38,19,8,40,2,17,20,38,18,31,21,39,2,3,2,3,3,33,14,15,30,26,10,34,30,10,9,8,19,35,44,42,31,35,33,19,32,29,28,13,41,32,31,22,40,33,14,16,41,7,23,5,0,26,29,24,27,22,14,24,3,38,32,27,24,29,35,30,43
17,25,36,23,26,25,21,27,28,26,27,26,26,27,36,50,33,26,24,30,38,28,24,22,24,43,39,32,19,16,28,33,45,16,40,43,34,23,37,9,38,25,27,21,19,37,37,34,32,33,26,20,34,27,34,21,20,46,26,25,32,12,27,28,13,38,26,27,21,42,35,39,32,27,25,28,42,36,24,50,23,28,32,27,26,10,27,27,25,36,37,32,29,29,41,26,26,27,26,26,27,53,23,19,29,25,30,53,21,25,27,24,32,12,21,30,18,14,49,14,10,15,19,27,29,25,15,38,16,10,33,35,19,27,6,26,25,0,25,27,47,42,34,39,25,19,19,24,27,49,23,17,20
29,25,26,23,25,25,33,32,33,32,9,30,25,32,24,34,11,25,28,35,24,33,24,19,33,28,39,39,9,20,8,38,33,14,22,28,25,30,16,23,36,34,30,7,13,25,26,13,17,16,31,25,19,33,21,33,19,31,31,24,10,23,33,33,28,16,7,27,33,21,21,21,9,32,29,17,28,27,24,49,34,28,38,27,25,22,26,27,30,24,22,11,17,5,43,26,31,32,31,31,32,51,18,26,6,6,34,51,4,22,25,28,17,33,43,25,17,29,34,25,29,22,8,34,27,5,25,23,39,32,35,25,38,32,20,30,30,25,0,8,47,29,39,25,30,31,11,4,8,49,22,17,43
25,28,19,27,29,29,31,28,29,26,15,26,29,27,17,26,16,29,23,29,17,28,28,23,29,21,33,34,11,24,7,32,25,18,15,21,18,25,13,25,28,29,24,12,18,18,18,9,10,9,26,20,12,28,14,31,23,24,26,28,15,24,28,27,31,19,13,31,36,18,14,14,10,27,23,10,21,20,27,43,32,32,33,30,29,24,20,31,25,17,15,16,11,9,37,30,26,27,27,27,27,44,13,21,8,4,27,44,10,17,19,23,11,35,46,29,21,31,27,26,32,25,10,29,31,11,27,16,42,35,29,18,40,26,23,25,25,27,8,0,40,22,34,17,25,34,15,6,1,43,26,21,45
41,61,28,59,61,61,48,26,28,25,53,29,62,28,28,35,55,62,31,22,30,27,60,58,44,27,15,42,49,52,44,26,25,52,33,26,27,39,41,46,16,45,24,50,55,29,29,39,31,35,25,33,33,27,31,47,56,28,29,61,53,41,26,23,57,56,51,63,55,40,31,34,44,26,27,33,28,24,60,8,49,64,40,63,61,43,23,63,28,27,31,54,34,47,27,62,28,27,27,29,27,28,35,38,45,42,25,29,49,33,25,31,31,59,67,66,54,58,33,42,56,52,48,39,65,50,54,29,63,56,20,26,64,24,47,30,28,49,47,40,0,25,27,29,29,61,53,44,40,8,59,53,66
35,48,14,46,48,48,41,22,23,20,36,24,49,23,13,15,36,49,24,18,15,23,47,44,38,4,16,37,32,43,25,21,7,37,12,5,15,32,20,39,9,39,19,33,39,14,14,19,16,15,21,27,13,22,15,40,43,11,24,48,35,34,22,18,50,37,33,50,49,18,11,13,24,21,22,20,7,10,47,27,42,51,35,50,48,36,16,50,22,13,14,36,20,28,24,49,23,23,22,24,22,25,27,31,26,25,21,25,31,25,17,24,16,52,60,50,41,51,13,35,49,44,31,34,52,32,47,7,56,49,18,12,57,19,40,25,23,42,29,22,24,0,22,8,24,53,36,27,22,26,46,40,60
25,45,22,43,45,45,32,10,12,9,43,14,45,12,21,34,45,45,15,6,23,11,44,42,28,23,17,26,37,35,36,4,24,36,30,22,20,23,36,29,17,29,11,38,39,22,23,33,25,29,9,17,27,11,25,31,40,28,14,44,44,25,10,9,41,48,41,47,39,36,25,30,38,10,15,24,24,21,44,28,32,48,25,46,45,26,13,47,13,22,25,45,25,38,16,46,11,11,11,12,10,31,21,22,37,33,12,32,37,17,15,15,25,42,51,49,38,42,33,26,39,36,35,23,48,39,38,25,46,40,11,21,48,9,30,15,12,33,36,31,25,21,0,26,14,45,39,34,31,27,42,37,50
36,43,12,42,44,44,42,24,26,22,31,26,44,26,10,15,32,44,26,22,10,25,42,40,39,8,21,39,28,38,21,26,12,33,9,7,14,34,16,38,15,40,21,28,34,12,11,15,12,11,23,26,9,25,11,41,38,10,26,43,30,36,24,23,45,33,29,45,49,14,6,8,20,24,23,16,7,12,42,31,43,47,37,45,44,36,17,46,24,10,9,31,16,24,29,44,26,25,25,26,25,31,23,32,22,21,24,31,27,20,19,26,11,49,58,45,37,46,13,36,45,40,26,36,47,28,42,3,53,47,22,10,54,22,36,27,25,40,25,18,29,8,27,0,26,49,32,22,17,31,41,35,57
19,38,18,37,39,38,25,6,5,8,36,2,39,4,18,36,38,39,5,12,20,7,37,36,18,26,20,16,30,29,29,15,27,29,28,25,17,14,32,23,20,19,7,32,33,19,19,30,19,24,7,9,23,7,21,24,33,30,2,38,37,18,7,10,35,41,34,40,33,33,21,28,32,6,5,18,27,18,37,31,26,41,14,40,39,20,10,41,2,18,22,38,18,31,23,39,4,5,5,4,5,35,14,14,30,26,11,35,31,11,10,5,19,36,44,43,31,36,34,19,33,29,28,13,42,33,32,23,40,33,15,17,41,9,24,3,3,26,30,24,28,24,16,25,0,38,32,27,25,30,36,31,44
30,16,48,13,16,16,34,39,41,39,29,38,21,39,48,60,37,20,36,43,48,40,14,20,37,53,52,45,26,16,36,45,57,23,49,53,46,35,45,24,50,38,40,28,23,49,49,41,42,42,38,33,44,40,45,33,18,56,38,14,37,24,40,41,10,46,33,14,34,49,46,48,39,39,38,39,52,48,14,62,35,16,44,17,16,23,39,15,37,49,47,36,40,36,53,19,38,39,39,39,39,65,35,31,37,33,42,66,29,37,39,37,42,16,28,28,19,7,59,26,12,11,26,39,27,32,8,48,23,17,46,48,20,39,19,38,37,19,32,34,60,54,46,49,38,0,26,31,35,62,21,22,27
23,16,33,15,17,17,28,33,34,32,11,32,17,33,31,41,17,17,30,36,31,34,16,11,30,36,44,38,5,12,16,38,40,6,30,35,32,29,25,17,42,31,33,6,5,32,33,22,24,23,32,26,26,33,28,27,11,38,32,16,17,17,33,34,22,23,11,18,28,30,28,29,19,32,31,22,35,34,15,55,28,20,38,18,17,16,32,19,30,32,29,17,23,15,47,18,32,32,32,32,33,57,22,24,16,13,35,57,10,27,31,30,24,27,37,17,9,23,41,19,23,15,8,33,19,9,19,30,33,26,39,32,32,33,15,32,31,19,11,15,52,36,40,32,31,25,0,12,16,54,14,9,37
27,25,24,24,26,26,33,31,32,30,10,29,26,30,22,31,14,26,26,33,22,31,25,20,32,26,37,37,8,21,6,36,30,15,20,26,23,28,15,22,33,32,28,8,15,23,23,12,15,14,29,23,17,31,19,32,20,29,29,25,13,23,31,31,28,17,8,27,33,20,19,19,9,30,28,14,26,25,24,47,34,29,36,27,26,21,25,28,28,22,20,13,15,7,41,26,29,30,30,30,30,49,16,24,6,3,32,49,6,20,23,26,15,32,43,26,18,28,32,25,29,22,8,32,28,7,24,21,38,32,33,23,37,30,20,28,28,24,4,6,45,27,38,22,28,31,12,0,6,47,23,18,42
25,28,20,26,29,28,31,27,28,26,14,25,29,26,17,27,16,29,23,30,17,28,27,23,28,22,33,34,11,23,7,33,26,17,16,21,19,25,12,25,29,29,25,11,17,19,19,9,11,9,26,20,12,28,15,30,23,24,25,28,15,24,27,27,30,19,12,30,36,17,14,15,10,27,24,10,21,20,27,44,32,31,33,30,29,24,21,31,25,18,16,16,11,8,37,29,26,27,26,26,27,44,13,21,7,4,28,45,10,16,20,23,11,35,45,29,21,31,27,25,31,25,10,28,31,11,27,16,41,34,30,18,40,26,23,25,25,27,8,1,41,23,34,18,25,34,15,5,0,43,26,20,45
43,63,30,61,63,63,50,28,30,27,55,31,64,30,29,37,57,64,33,24,32,29,62,60,46,29,17,44,51,54,46,28,27,54,35,28,28,41,43,48,18,47,26,52,57,31,31,41,33,37,27,35,35,29,33,49,58,30,31,63,55,43,28,25,59,58,53,65,57,42,33,36,46,28,29,35,30,26,62,4,51,66,42,65,63,44,25,65,30,29,33,56,36,49,29,64,30,29,29,31,29,30,37,40,47,44,27,31,51,35,27,33,33,61,69,68,56,60,35,44,58,54,50,41,67,52,56,31,65,58,22,28,66,26,49,32,30,51,48,42,8,27,29,31,31,63,55,46,42,0,60,55,68
27,12,43,10,12,12,31,37,38,36,15,36,13,36,40,52,23,12,34,40,40,38,10,7,34,45,49,42,15,16,27,42,49,12,41,44,42,33,36,21,47,35,37,17,10,42,42,33,33,34,36,30,36,37,37,31,8,48,36,11,23,21,37,38,25,32,19,13,31,41,37,40,30,36,35,31,44,43,10,60,32,14,42,14,12,20,36,14,34,41,39,22,32,26,51,12,36,36,36,36,37,62,30,28,27,24,39,63,21,34,36,34,34,30,41,10,8,24,50,23,26,17,18,37,9,19,21,39,37,30,43,41,35,37,19,36,35,23,22,26,57,46,44,41,35,20,14,23,26,59,0,11,41
22,14,37,12,14,14,26,31,33,31,16,30,14,31,34,46,23,14,28,34,34,32,12,11,29,39,44,37,10,11,22,37,43,6,35,38,36,27,30,16,42,29,32,12,9,36,36,27,28,28,30,25,30,32,31,25,7,42,30,13,23,16,31,32,21,29,17,15,26,35,31,34,25,31,29,25,38,37,12,54,27,16,36,15,14,14,31,16,29,35,33,23,26,21,45,14,30,31,30,30,31,57,25,23,21,19,34,58,15,29,31,28,28,25,36,18,7,21,45,18,22,13,12,31,17,15,17,34,32,25,37,35,30,31,13,30,29,17,17,20,51,40,38,35,30,22,9,17,21,54,11,0,35
35,40,53,37,40,40,39,45,46,44,45,43,44,44,53,68,51,43,42,48,55,45,37,40,42,61,57,50,37,29,46,50,63,34,57,60,51,41,55,26,55,43,45,39,37,54,54,52,49,50,43,38,51,45,52,38,34,63,44,38,50,29,45,46,21,56,44,38,38,60,53,56,49,44,43,46,60,53,37,67,40,40,49,41,39,28,44,39,42,54,54,50,46,47,58,43,43,44,44,44,44,70,40,36,47,43,47,71,39,42,44,42,49,18,3,48,36,22,66,31,16,25,37,44,47,43,23,55,7,13,51,53,25,44,23,43,42,20,43,45,65,59,51,57,43,27,37,42,45,67,41,35,0
