Name: ber-n60-m4-c2-OD-small
Type: GPDPOD-IMC
Commodity type: 4
Compartment num: 2
CapacityHD: 100
VehicleHDs: 18
CapacityOD: 50
VehicleODs: 12
ID Xc Yc DEMAND StartT EndT SerT PairedID
0,52.4517877,13.3258861,[0, 0, 0, 0],0,240,0,0
1,52.6091042,13.2467914,[3, 1, 0, 6],0,100,5,31
2,52.6010981,13.2444559,[14, 6, 2, 16],0,115,5,32
3,52.413744,13.2661427,[14, 6, 2, 21],0,110,5,33
4,52.4875569,13.5408136,[14, 6, 2, 12],0,94,5,34
5,52.4399829,13.5670271,[3, 6, 1, 4],129,240,5,35
6,52.6060969,13.2363266,[14, 6, 2, 18],0,103,5,36
7,52.4385038,13.5019654,[14, 6, 2, 13],0,85,5,37
8,52.4925644,13.5090673,[3, 1, 0, 5],0,120,5,38
9,52.4353736,13.4814957,[7, 2, 1, 15],82,202,5,39
10,52.4878607,13.5201731,[7, 2, 1, 16],17,137,5,40
11,52.4317501,13.2879485,[7, 2, 1, 8],83,203,5,41
12,52.5156106,13.1766777,[14, 6, 2, 29],67,187,5,42
13,52.4721013,13.2973022,[14, 6, 2, 20],85,205,5,43
14,52.4478418,13.4766442,[7, 2, 1, 11],0,114,5,44
15,52.4176378,13.4772922,[3, 6, 1, 4],28,148,5,45
16,52.6112817,13.2399281,[14, 6, 2, 8],17,137,5,46
17,52.4371772,13.4658802,[7, 2, 1, 9],20,140,5,47
18,52.6025949,13.2410771,[7, 2, 1, 5],49,169,5,48
19,52.4878429,13.521729,[7, 2, 1, 6],111,231,5,49
20,52.4471834,13.4529372,[14, 6, 2, 33],0,101,5,50
21,52.4938703,13.5493705,[3, 1, 0, 5],0,240,5,51
22,52.4251663,13.5033985,[14, 6, 2, 25],61,181,5,52
23,52.6056468,13.241672,[7, 2, 1, 12],6,126,5,53
24,52.6109019,13.241661,[7, 2, 1, 18],0,240,5,54
25,52.4351219,13.460394,[14, 6, 2, 21],48,168,5,55
26,52.4983444,13.5128148,[14, 6, 2, 7],4,124,5,56
27,52.5215931,13.2562716,[14, 6, 2, 33],64,184,5,57
28,52.4000124,13.559954,[14, 6, 2, 26],61,181,5,58
29,52.4818544,13.5250894,[14, 6, 2, 37],73,193,5,59
30,52.4292959,13.2650362,[14, 6, 2, 33],0,109,5,60
31,52.5669781,13.4108147,[-3, -1, 0, -6],38,158,5,1
32,52.4961426,13.5731579,[-14, -6, -2, -16],50,170,5,2
33,52.4309904,13.3996006,[-14, -6, -2, -21],28,148,5,3
34,52.4841437,13.5698957,[-14, -6, -2, -12],19,139,5,4
35,52.4046754,13.572533,[-3, -6, -1, -4],144,210,5,5
36,52.5283892,13.4024879,[-14, -6, -2, -18],30,150,5,6
37,52.4836084,13.58009,[-14, -6, -2, -13],25,145,5,7
38,52.5548837,13.1606257,[-3, -1, 0, -5],54,174,5,8
39,52.6070266,13.2990105,[-7, -2, -1, -15],126,213,5,9
40,52.6117818,13.2371153,[-7, -2, -1, -16],70,190,5,10
41,52.4800251,13.4343746,[-7, -2, -1, -8],110,222,5,11
42,52.5140711,13.4303935,[-14, -6, -2, -29],105,218,5,12
43,52.586391,13.304001,[-14, -6, -2, -20],109,217,5,13
44,52.4757545,13.1286745,[-7, -2, -1, -11],52,172,5,14
45,52.4895023,13.5802481,[-3, -6, -1, -4],58,178,5,15
46,52.6025277,13.3139862,[-14, -6, -2, -8],36,156,5,16
47,52.4864565,13.5158714,[-7, -2, -1, -9],43,163,5,17
48,52.584138,13.3926011,[-7, -2, -1, -5],76,196,5,18
49,52.4128852,13.512384,[-7, -2, -1, -6],137,214,5,19
50,52.6350995,13.2966483,[-14, -6, -2, -33],46,166,5,20
51,52.4322781,13.4878668,[-3, -1, 0, -5],0,240,5,21
52,52.6080153,13.2359782,[-14, -6, -2, -25],107,210,5,22
53,52.5077177,13.1871842,[-7, -2, -1, -12],40,160,5,23
54,52.5399943,13.4544275,[-7, -2, -1, -18],0,240,5,24
55,52.6356544,13.297939,[-14, -6, -2, -21],96,206,5,25
56,52.4379012,13.4644458,[-14, -6, -2, -7],33,153,5,26
57,52.5470126,13.5694664,[-14, -6, -2, -33],107,202,5,27
58,52.4061823,13.3884865,[-14, -6, -2, -26],96,216,5,28
59,52.5528043,13.4701051,[-14, -6, -2, -37],97,211,5,29
60,52.5619094,13.3621489,[-14, -6, -2, -33],34,154,5,30
StartID EndID StartX StartY EndX EndY StartT EndT
61,73,52.5962372,13.3884412,52.4878073,13.5958536,0,531
62,74,52.431731,13.4874223,52.5501478,13.2684209,0,498
63,75,52.6126067,13.2331482,52.387641,13.403541,103,463
64,76,52.6115016,13.2447857,52.5283096,13.1967646,105,465
65,77,52.4872515,13.5548034,52.5282536,13.3946179,90,477
66,78,52.498343,13.6234811,52.45099,13.4469987,14,506
67,79,52.4273146,13.4919611,52.5687696,13.3779297,75,495
68,80,52.4353195,13.1966406,52.4991757,13.6194518,48,501
69,81,52.4326493,13.4969351,52.5707958,13.4425,5,470
70,82,52.6032737,13.2222716,52.5433147,13.2422928,116,476
71,83,52.5257578,13.5875732,52.4036492,13.4151511,85,496
72,84,52.5342816,13.3496463,52.6477343,13.5020246,90,450
edge
0,31,28,13,30,25,31,19,30,18,27,9,24,9,17,21,30,18,29,28,16,36,20,31,30,18,30,16,29,28,11,29,36,14,34,29,21,36,32,28,30,17,21,24,32,36,28,28,31,24,35,19,31,25,25,35,18,37,17,28,24,32,19,30,30,34,41,20,19,18,32,41,20,37,21,19,24,21,16,26,40,29,21,18,44
30,0,3,36,47,46,4,39,43,38,44,33,28,25,38,41,2,38,3,44,36,48,40,3,2,38,41,22,49,45,34,25,48,40,49,49,25,49,26,12,3,37,32,12,35,48,12,45,23,45,17,39,3,30,31,17,38,44,42,32,18,21,39,4,2,48,50,40,29,38,6,49,23,52,19,45,24,25,37,21,51,30,19,43,41
28,3,0,34,45,43,3,37,41,36,42,31,25,23,35,39,4,36,2,42,34,46,38,3,4,36,39,20,47,43,32,23,45,38,47,47,23,47,23,10,4,35,30,9,33,46,9,43,21,42,17,37,3,27,28,17,36,42,40,30,16,19,37,4,4,46,48,38,27,36,4,46,21,50,17,43,22,22,34,18,49,28,17,41,39
13,37,35,0,39,35,37,29,40,28,37,7,30,14,27,30,36,28,36,38,26,45,30,37,36,27,39,22,39,38,5,36,46,23,44,38,31,45,38,34,36,26,31,30,38,46,34,38,37,34,41,29,37,31,35,41,27,46,23,38,30,38,29,36,36,43,50,30,14,28,38,50,28,47,27,24,30,31,26,32,50,39,27,25,53
31,47,45,41,0,16,47,16,9,21,7,37,44,31,18,21,47,21,46,7,20,15,20,47,47,22,10,37,24,7,37,28,16,31,14,23,23,15,52,44,47,22,21,40,52,16,43,7,32,24,49,19,48,46,21,49,21,19,32,20,31,34,19,47,46,13,20,20,40,18,49,19,32,19,41,34,45,24,21,31,20,25,42,30,41
29,49,47,39,16,0,49,12,18,15,15,35,43,29,15,15,49,17,48,15,18,14,13,49,49,18,19,35,11,16,36,34,15,27,13,9,28,14,51,46,48,21,25,42,50,14,46,16,38,15,53,14,50,44,27,53,17,24,28,28,37,41,14,49,48,12,19,15,38,13,51,22,36,16,39,30,43,30,19,37,19,33,40,26,49
30,4,3,36,47,46,0,39,43,38,44,33,27,25,38,41,3,38,2,44,36,48,40,2,3,38,41,22,49,45,34,25,48,40,49,49,25,49,26,12,3,37,32,12,35,48,12,45,23,45,18,39,2,29,31,18,38,44,42,32,18,21,39,3,4,48,50,40,29,38,4,48,23,52,19,45,24,25,37,20,51,30,19,43,41
20,40,37,29,15,11,39,0,16,5,13,25,33,19,7,5,39,8,38,13,9,20,5,39,39,8,17,25,14,13,26,31,21,17,19,14,24,20,41,37,39,12,20,33,41,21,36,13,35,9,44,4,40,34,25,43,8,25,19,26,31,37,4,39,38,19,25,5,29,3,41,26,28,22,30,20,33,24,9,32,25,30,30,16,46
32,42,40,41,9,18,42,17,0,21,5,37,44,31,18,21,41,21,41,5,21,15,20,42,41,22,4,35,25,6,38,23,14,31,15,24,17,16,49,39,41,16,15,35,51,15,38,4,27,25,43,20,42,45,16,43,22,15,33,16,26,29,20,42,41,15,17,21,41,19,43,16,26,18,36,34,43,19,21,26,17,21,38,30,38
19,39,37,29,19,13,39,5,20,0,17,25,33,19,5,6,39,4,38,18,6,24,6,39,39,5,21,25,16,18,26,30,25,14,23,16,23,24,41,36,39,11,20,32,41,25,36,18,34,10,43,2,40,34,26,43,4,30,16,29,31,37,2,39,38,23,29,5,28,4,41,30,27,26,30,17,33,24,9,32,29,31,30,13,46
28,45,42,38,6,15,44,13,5,18,0,34,42,28,15,18,44,18,43,1,17,15,17,44,44,19,7,34,22,3,35,25,14,28,13,21,20,15,50,42,44,19,18,38,50,15,40,2,29,22,46,16,45,43,18,46,18,16,29,18,28,32,17,44,43,13,17,17,37,15,46,16,29,18,39,31,42,21,18,29,18,22,39,27,39
9,34,32,7,35,31,34,25,36,24,33,0,28,10,23,26,34,24,33,34,22,41,26,34,34,22,35,20,35,34,4,34,42,18,40,34,27,41,36,32,34,22,27,27,36,42,31,34,35,30,38,25,35,29,31,38,23,42,19,34,28,36,25,34,33,39,46,26,14,24,36,46,25,43,25,20,28,27,22,30,46,35,25,21,50
23,28,25,29,44,39,27,33,44,32,41,27,0,19,31,35,28,32,26,42,30,50,34,27,28,32,43,12,43,42,27,31,49,33,48,42,29,49,13,29,29,31,32,25,8,50,29,42,32,38,36,33,28,4,35,36,32,47,36,37,26,33,33,28,29,48,52,34,22,32,26,51,23,51,17,38,5,28,30,27,52,36,13,37,48
9,26,24,14,30,26,26,20,31,19,28,10,20,0,18,21,26,19,25,29,17,36,21,26,26,19,30,12,30,29,11,25,37,20,35,29,20,36,28,23,26,17,22,19,28,37,23,29,27,25,30,20,27,21,25,30,18,37,23,29,20,28,20,26,25,34,41,21,15,19,28,41,17,38,17,25,20,19,17,22,41,29,17,24,42
18,38,36,28,17,14,38,7,18,5,15,24,32,18,0,8,38,5,37,15,7,23,9,38,38,6,19,24,18,16,25,29,24,15,22,18,22,23,40,35,38,10,19,31,39,23,35,16,33,13,42,6,39,33,23,42,5,28,16,26,30,36,6,38,37,21,28,9,27,7,40,28,26,25,28,18,32,23,8,31,28,30,29,14,45
22,42,40,32,20,13,42,6,21,6,18,28,36,22,9,0,42,7,41,18,8,25,6,42,42,7,22,28,17,19,29,33,26,15,24,16,26,25,44,40,42,15,24,35,44,25,39,19,38,8,46,5,43,37,29,46,6,30,17,31,34,40,5,42,41,23,30,5,31,4,44,31,30,27,33,18,36,27,10,35,30,34,33,14,49
29,2,4,36,47,45,3,38,42,38,43,33,28,24,37,40,0,38,3,43,36,48,39,3,1,37,41,21,49,45,34,25,47,39,48,48,25,49,27,12,1,36,31,12,36,48,11,45,23,44,16,39,2,30,30,16,37,43,42,32,18,21,39,2,2,48,50,40,29,38,5,48,23,51,18,44,25,24,36,20,50,29,20,43,41
19,39,37,29,19,15,39,8,20,4,17,24,33,19,5,6,38,0,38,18,4,25,8,39,38,2,21,25,19,18,25,30,26,13,24,19,23,25,40,36,38,11,20,32,40,25,36,18,34,11,43,5,39,34,25,43,1,30,14,29,30,36,5,39,38,23,30,7,28,7,40,30,27,27,29,16,33,24,6,32,30,30,30,12,45
29,3,2,35,46,44,2,38,42,37,43,32,26,24,36,40,3,37,0,43,35,47,39,2,3,37,40,21,48,44,33,24,46,39,48,48,24,48,24,11,4,36,31,10,34,47,10,44,22,43,18,38,3,28,29,18,37,43,41,31,17,20,38,4,4,47,49,39,28,37,5,47,22,51,18,44,23,23,35,19,50,29,18,42,40
28,45,42,38,6,15,45,13,5,18,1,34,42,28,15,18,44,18,43,0,17,14,17,45,44,19,7,34,21,3,34,25,15,28,13,21,20,14,49,42,44,19,18,38,49,15,40,2,29,21,46,16,45,43,18,46,18,16,29,18,28,32,16,44,44,12,17,17,37,15,46,17,29,18,38,31,42,21,18,29,18,23,39,27,39
17,37,34,26,19,15,37,8,20,7,17,22,30,16,7,8,36,4,35,17,0,25,9,37,36,4,21,22,18,18,23,27,26,14,23,18,20,25,38,34,36,8,18,30,38,25,34,18,32,13,41,8,37,31,23,41,4,29,16,26,28,34,8,36,36,23,30,9,26,7,38,30,25,27,27,17,30,21,3,30,30,28,27,13,43
37,48,46,46,15,14,48,21,15,25,15,42,50,36,23,25,48,25,47,15,26,0,23,48,48,26,13,41,23,15,43,29,6,35,6,21,24,6,55,45,48,24,22,41,58,5,44,16,33,24,50,23,49,51,22,50,26,14,37,21,32,35,23,48,47,5,12,24,46,22,50,12,33,9,43,38,49,25,26,32,13,26,44,34,42
21,41,39,31,19,11,41,5,19,6,16,27,34,21,9,6,40,8,40,17,10,23,0,41,40,9,21,27,14,17,27,32,23,18,21,13,25,23,42,38,40,13,22,34,42,23,38,17,36,6,45,4,41,36,28,45,8,29,19,29,32,39,4,41,40,21,28,3,30,3,42,30,29,24,31,20,35,26,11,34,27,33,32,16,48
30,2,2,36,47,45,3,39,42,38,44,33,27,25,37,41,4,38,2,44,36,48,40,0,4,38,41,22,49,45,34,25,47,39,49,48,25,49,25,12,5,37,31,11,35,48,11,45,23,44,18,39,4,29,30,18,38,43,42,32,18,20,39,5,4,48,50,40,29,38,6,48,23,51,19,44,23,24,36,20,51,29,19,43,41
29,2,4,36,47,45,3,38,42,38,43,33,28,24,37,40,1,38,3,43,36,48,39,2,0,37,41,21,49,45,34,25,47,39,48,48,25,49,26,12,1,36,31,12,36,48,11,45,23,44,16,39,2,30,30,16,37,43,42,32,18,21,39,2,1,48,50,40,29,38,5,48,23,51,18,44,25,24,36,20,50,29,20,42,41
18,39,37,27,21,15,39,8,21,5,18,23,32,19,6,6,38,2,38,19,4,26,9,39,38,0,22,25,19,19,25,30,27,11,25,19,23,26,40,36,38,11,20,32,40,26,36,19,34,11,43,6,39,34,25,43,2,31,13,29,30,36,6,39,38,24,31,7,28,7,40,32,27,28,29,14,33,24,6,32,31,30,30,10,45
31,42,39,41,10,19,42,17,4,22,7,37,43,31,19,22,41,22,40,7,22,13,21,42,41,23,0,35,26,8,38,22,13,32,14,25,17,14,48,39,41,15,15,35,51,13,37,7,26,26,43,21,42,44,16,43,22,14,34,16,25,29,21,41,41,13,15,22,40,20,43,15,26,17,36,35,42,18,22,26,16,21,38,31,37
16,22,20,22,36,32,22,25,35,25,34,20,12,11,24,27,21,24,21,34,23,42,26,22,21,24,35,0,36,35,20,21,41,26,41,35,20,42,17,19,21,23,24,15,20,42,19,35,22,31,26,26,22,14,25,26,24,38,29,27,16,23,26,22,21,40,44,27,15,25,23,43,13,44,12,31,9,19,23,17,44,26,12,29,38
30,50,48,40,23,10,50,14,24,17,21,36,44,30,18,17,50,19,49,21,19,22,15,50,50,19,25,36,0,22,37,39,22,28,20,3,32,22,52,47,50,22,29,43,52,22,47,22,43,16,54,15,51,45,33,54,19,31,30,34,41,46,15,50,49,20,27,16,39,14,52,29,38,23,41,31,44,34,20,41,26,39,41,27,55
29,46,43,38,7,16,45,14,6,18,3,34,42,29,16,19,45,18,44,3,18,15,18,45,45,19,8,34,22,0,35,26,16,29,14,22,21,15,50,43,45,20,19,39,50,16,41,3,30,22,47,17,46,43,19,47,19,17,30,19,29,33,17,45,44,13,18,18,38,16,47,17,30,19,39,32,42,22,19,30,19,23,39,27,40
11,35,32,5,36,32,34,25,37,25,34,4,28,11,24,27,34,25,33,34,23,42,26,34,34,24,36,20,36,35,0,34,43,21,41,35,28,42,36,32,34,23,28,28,36,42,31,35,35,31,39,26,35,29,31,38,24,43,21,35,28,36,26,34,33,40,47,27,12,25,36,47,26,44,25,23,28,27,23,30,47,36,25,24,51
29,25,23,35,28,35,25,30,24,31,25,33,31,24,29,34,25,30,24,25,28,29,33,25,25,30,22,21,39,26,33,0,28,34,30,38,9,30,33,22,25,22,14,17,39,29,19,26,6,37,25,32,26,32,10,25,30,23,37,10,9,9,32,25,24,29,31,33,29,31,27,27,13,33,20,39,29,10,28,7,32,6,22,35,19
37,48,45,46,16,15,48,21,14,25,14,42,49,37,24,25,47,26,46,14,26,5,23,48,47,27,13,41,24,16,43,28,0,36,4,22,23,4,54,45,47,24,21,41,57,3,43,16,32,25,49,24,48,50,21,49,26,14,37,21,31,35,24,47,47,5,9,25,46,23,49,10,32,7,42,39,48,24,27,32,9,26,44,35,42
14,41,39,23,30,25,41,18,31,15,28,19,34,20,16,16,40,14,40,29,14,36,18,41,40,12,31,26,29,29,21,34,36,0,34,28,26,36,42,38,40,18,25,34,42,36,38,29,37,21,45,16,41,35,29,45,13,41,8,33,31,40,16,40,40,34,41,17,30,16,42,41,28,38,31,10,34,26,16,33,41,34,31,9,49
35,49,47,45,14,13,49,19,16,23,13,41,49,35,22,24,48,24,48,14,24,6,21,49,48,25,14,41,22,14,42,30,4,34,0,20,25,3,56,46,48,25,22,42,56,3,45,14,34,23,50,22,49,50,22,50,24,15,35,22,33,36,22,49,48,4,10,23,44,21,50,12,33,6,43,37,49,26,25,33,11,27,45,33,43
30,50,48,39,23,9,50,14,23,16,20,35,43,29,18,16,49,19,49,21,19,21,13,50,49,19,25,35,3,21,36,39,22,28,20,0,31,21,51,47,49,22,28,43,51,21,47,21,43,14,54,14,50,44,32,54,19,31,29,34,40,45,15,49,49,19,26,15,39,13,51,29,38,23,40,31,43,33,19,41,26,38,40,27,54
22,26,23,31,23,28,26,23,18,24,20,27,29,19,22,27,25,23,24,20,21,24,26,25,25,23,17,20,32,21,28,10,23,26,24,31,0,25,32,23,25,14,7,19,36,24,21,21,14,30,27,25,26,30,8,27,23,20,29,11,9,16,25,25,25,24,26,26,27,24,27,25,10,27,20,31,28,2,21,10,26,12,22,28,27
36,49,47,46,15,14,49,21,16,25,15,42,50,36,23,25,49,25,48,15,26,6,23,49,49,26,15,42,23,15,43,30,4,35,3,21,25,0,56,46,49,25,23,42,58,3,45,15,34,24,51,23,50,51,23,51,26,16,37,22,33,37,23,49,48,5,10,24,45,22,51,12,34,5,44,38,50,26,26,34,10,27,45,34,44
31,26,23,37,51,47,26,40,50,40,49,35,13,27,39,42,27,40,24,50,38,55,42,26,27,40,49,17,51,50,35,34,55,41,56,50,33,56,0,31,27,38,38,27,21,55,30,50,35,46,38,41,26,16,38,38,39,51,44,39,28,36,41,27,27,55,57,42,30,40,25,56,26,59,19,46,11,32,38,30,58,38,14,45,51
27,12,10,34,44,43,12,36,40,36,41,31,29,22,35,38,12,35,11,41,34,45,37,12,12,35,39,19,47,43,31,22,45,37,46,46,23,47,30,0,12,34,29,9,37,46,7,43,17,42,10,37,12,30,28,10,35,41,40,30,15,15,37,12,11,45,48,38,27,36,13,46,21,49,16,42,26,22,34,17,48,27,17,40,35
29,3,4,36,47,45,3,38,42,38,43,33,29,24,37,40,1,38,4,43,36,48,40,3,1,37,41,21,49,45,34,25,47,39,48,48,25,49,27,12,0,36,31,12,36,48,11,45,23,44,16,39,2,31,30,16,37,43,42,32,18,21,39,2,2,48,50,40,29,38,4,48,23,51,18,44,25,24,36,20,50,29,20,43,41
18,37,34,28,21,20,36,14,14,13,17,24,32,18,12,16,36,13,35,18,11,24,15,36,36,13,14,24,24,18,24,20,23,19,25,23,13,25,39,34,36,0,10,30,39,24,33,17,24,20,39,15,37,33,16,39,13,25,21,19,22,27,15,36,35,24,26,16,27,14,38,25,19,28,28,23,32,15,12,22,27,21,29,19,36
22,32,30,32,20,25,32,20,16,21,17,28,32,22,19,24,31,20,31,17,19,21,23,32,31,20,15,24,29,19,29,14,21,26,22,28,7,23,39,29,31,12,0,25,40,22,27,18,18,28,33,23,32,34,9,33,20,19,28,13,16,21,23,31,31,21,24,24,31,21,33,23,16,25,26,30,31,9,18,16,24,14,28,26,29
23,12,10,30,41,39,12,32,36,32,37,27,25,18,31,34,12,32,11,37,30,42,33,12,12,31,35,15,43,39,28,17,41,33,42,42,19,43,27,9,12,30,25,0,33,42,8,39,15,38,15,33,12,27,24,15,31,37,36,25,12,13,33,12,11,42,44,34,23,32,13,41,17,45,12,38,22,18,30,13,44,22,14,37,33
31,35,33,37,51,47,35,40,51,40,49,35,8,26,39,42,36,40,34,49,38,57,41,35,36,39,51,20,51,50,35,39,57,41,56,50,36,57,20,37,36,38,40,33,0,57,37,50,40,46,44,41,35,11,42,44,39,54,44,45,33,41,41,36,37,55,60,42,30,40,34,59,31,59,25,46,13,35,38,35,60,43,21,44,56
37,48,46,46,16,15,48,21,15,25,15,42,50,37,24,25,48,26,47,15,26,5,23,48,48,27,13,41,24,16,43,29,3,36,3,22,24,2,55,45,48,24,22,41,58,0,44,16,33,25,50,24,49,51,22,50,26,14,37,21,32,35,24,48,47,5,9,25,46,23,50,11,33,4,43,39,49,25,27,32,10,26,44,35,42
27,12,9,34,43,43,12,36,38,36,40,31,29,22,35,38,11,35,11,40,34,44,37,12,11,35,37,19,47,41,31,19,43,37,45,46,21,45,30,7,11,34,27,8,37,44,0,41,14,42,11,37,12,30,25,11,35,38,40,27,13,12,37,12,11,44,46,38,27,36,13,43,20,48,16,42,26,22,34,14,47,23,17,40,32
29,45,42,39,7,16,45,14,5,19,2,35,43,29,16,19,44,19,43,2,18,16,18,45,44,20,7,35,23,2,36,25,16,29,14,22,20,16,51,42,44,18,18,38,50,16,40,0,29,23,46,17,45,44,19,46,19,17,30,19,28,32,17,44,44,14,18,18,38,16,46,18,29,19,39,32,43,21,19,29,19,24,40,28,40
30,23,20,36,32,39,23,34,28,35,29,33,32,25,33,38,23,34,21,29,32,33,37,23,23,34,26,22,43,30,34,6,33,38,34,42,13,34,34,17,23,26,18,15,40,33,14,30,0,41,20,36,23,33,14,20,34,27,40,15,8,5,36,23,22,33,35,37,29,35,24,31,15,37,19,43,29,14,32,5,36,11,22,39,22
26,46,43,35,23,12,45,9,24,10,21,31,39,25,13,8,45,10,44,21,12,24,7,45,45,11,25,31,16,22,32,37,25,20,23,14,30,24,47,43,45,18,27,39,47,24,42,22,41,0,50,9,46,40,32,50,10,33,21,34,37,43,9,45,44,22,29,9,35,7,47,32,34,26,36,23,39,30,14,39,29,37,36,18,52
34,16,16,40,49,50,18,43,45,42,46,37,36,29,42,45,16,42,17,46,40,50,44,17,16,42,44,26,53,48,38,25,50,44,51,53,28,52,37,10,16,41,34,15,44,51,11,48,21,49,0,43,17,37,31,2,42,45,46,33,19,18,43,16,15,50,53,44,33,42,19,49,27,54,23,49,33,28,41,21,53,30,24,47,39
20,40,38,30,18,11,40,4,19,2,16,26,34,20,6,4,40,5,39,16,7,23,4,40,40,6,20,26,15,17,27,31,24,15,22,14,24,23,42,38,40,13,22,33,42,23,37,17,36,9,44,0,41,35,27,44,5,28,17,29,32,38,2,40,39,21,28,4,29,2,42,29,28,25,31,18,34,25,9,33,28,32,31,14,47
30,3,3,37,48,46,2,40,43,39,45,34,28,26,38,41,2,39,3,45,37,49,41,2,2,39,42,22,50,46,35,26,48,40,49,49,26,50,26,12,2,37,32,12,36,49,12,46,23,45,17,40,0,30,31,17,38,44,43,33,19,21,40,2,3,49,51,41,30,39,4,49,24,52,19,45,24,25,37,21,51,30,19,44,42
24,29,27,30,44,40,29,33,44,33,42,28,4,19,32,35,30,33,28,42,31,50,34,29,30,32,44,13,44,43,28,32,50,34,49,43,29,50,16,30,30,31,33,26,11,50,30,43,33,39,37,34,30,0,35,37,32,47,37,38,26,34,34,30,31,48,53,35,23,33,28,52,24,52,19,39,7,28,31,28,53,36,15,37,49
27,30,28,36,22,30,30,25,17,27,18,32,35,26,24,30,30,27,29,18,25,23,29,30,30,27,16,25,34,20,33,9,22,31,23,33,9,24,37,27,30,18,10,23,43,23,24,20,13,33,30,28,31,36,0,30,26,16,33,6,13,16,28,30,29,23,25,29,32,27,32,21,16,26,25,36,32,10,25,13,25,8,26,32,23
34,17,17,40,49,50,18,43,44,42,46,38,36,29,42,45,16,42,18,46,41,50,44,18,16,42,43,26,54,47,38,25,49,44,51,53,27,51,37,10,16,41,33,15,44,50,11,47,20,49,1,44,17,37,31,0,42,44,46,32,19,18,44,16,16,50,52,45,34,43,19,49,26,53,23,49,33,28,41,20,52,29,24,47,38
19,39,37,28,20,15,39,8,21,4,17,24,32,18,5,6,38,1,38,18,3,25,8,39,38,2,22,24,19,18,25,30,26,13,24,18,23,25,40,36,38,11,20,32,40,26,36,18,34,11,43,5,39,33,25,43,0,30,14,28,30,36,6,38,38,23,30,7,28,7,40,31,27,27,29,16,32,23,5,32,30,30,29,11,45
38,44,42,48,19,24,44,27,16,31,16,44,47,38,28,31,44,31,43,16,31,14,30,44,44,32,15,39,33,18,45,23,14,41,15,31,21,16,51,41,44,25,20,37,55,15,38,17,27,34,44,30,45,48,16,44,31,0,43,15,26,29,30,44,43,14,17,31,46,29,46,9,29,18,39,44,46,22,31,27,17,20,40,40,33
17,44,41,23,31,26,44,19,32,15,29,19,37,23,16,16,43,14,42,29,16,37,19,43,43,13,33,29,29,30,22,37,37,8,35,29,29,36,45,41,43,21,28,37,45,37,40,30,40,21,48,16,44,38,32,48,14,41,0,36,34,43,16,43,43,35,42,17,32,17,45,42,31,38,34,8,37,29,17,36,41,37,34,7,52
29,32,30,38,21,30,32,25,16,28,18,34,37,29,24,30,32,27,31,18,26,22,29,32,32,27,15,27,34,19,35,10,21,33,23,33,11,23,39,29,32,18,13,25,45,22,26,19,15,34,32,29,33,38,7,32,27,15,36,0,14,17,29,32,31,22,24,30,34,28,34,20,18,25,27,38,34,12,26,15,25,6,28,34,23
23,18,16,30,31,37,18,31,27,31,28,27,25,18,30,33,18,30,17,28,29,32,32,18,18,30,25,15,40,29,27,9,31,32,33,40,9,33,27,15,18,23,15,11,33,32,13,29,9,37,19,32,19,26,13,19,30,26,34,15,0,10,32,18,17,32,34,33,23,31,20,31,9,36,13,37,23,10,29,4,35,13,16,35,26
32,21,18,38,35,42,21,37,30,38,32,35,34,27,36,40,21,37,19,31,35,36,40,21,21,37,29,24,46,33,36,9,35,40,36,45,16,37,36,15,21,28,21,13,42,36,12,33,5,44,18,39,21,35,16,18,36,29,43,16,10,0,39,21,20,36,38,40,31,38,22,34,17,39,21,45,31,17,35,8,38,12,23,42,21
21,41,39,30,19,12,41,5,20,2,17,26,34,21,6,4,40,5,40,17,7,24,5,41,40,6,21,26,16,17,27,32,24,15,22,15,25,24,42,38,40,13,22,34,42,24,38,18,36,9,45,2,41,35,27,45,6,29,16,30,32,39,0,40,40,22,29,4,30,3,42,30,29,26,31,18,34,25,9,34,29,32,31,14,47
29,4,4,36,47,45,4,39,42,38,44,33,28,25,37,41,2,38,4,44,36,48,40,4,2,38,41,21,49,45,34,25,47,39,49,48,25,49,27,12,2,37,31,12,36,48,12,45,23,44,16,39,3,30,30,16,38,43,42,32,18,21,39,0,3,48,50,40,29,38,4,48,23,51,19,44,25,24,36,20,51,30,20,43,41
29,2,4,35,46,45,4,38,42,37,43,32,29,24,37,40,2,37,4,43,35,47,39,3,1,37,40,21,48,44,33,24,47,39,48,48,24,48,27,11,2,36,31,11,37,47,11,44,23,44,16,38,3,31,30,16,37,43,41,31,17,20,38,3,0,47,49,39,28,37,6,48,22,51,18,44,25,24,36,20,50,29,19,42,41
35,48,46,44,13,12,48,19,15,23,13,40,48,34,21,23,48,23,47,13,24,5,21,48,48,24,13,40,21,14,41,29,5,34,4,20,24,5,55,45,48,24,22,41,56,5,44,14,33,22,50,21,49,49,22,50,24,14,35,21,32,35,22,48,47,0,12,22,44,20,50,12,33,9,43,37,48,25,24,32,13,26,44,32,42
42,50,48,51,20,19,50,26,17,30,17,47,52,41,28,30,49,30,49,17,31,12,28,50,50,31,15,43,28,18,48,31,9,40,10,27,26,10,57,47,49,26,24,43,60,9,46,18,35,29,51,28,51,53,23,51,31,16,42,23,34,37,29,50,49,12,0,29,50,27,52,11,35,7,45,44,51,27,31,34,3,28,46,39,44
21,41,39,31,19,12,41,5,20,5,17,27,35,21,9,5,41,7,40,17,9,24,3,41,41,7,21,27,16,18,28,32,25,16,22,15,25,24,43,38,41,13,23,34,43,24,38,18,37,9,45,4,42,36,28,45,7,29,18,30,33,39,4,41,40,22,29,0,30,3,43,30,29,26,32,19,35,26,11,34,29,33,32,15,48
19,30,28,14,40,35,30,29,40,28,37,14,23,15,27,31,29,28,29,38,26,46,30,30,29,28,40,15,39,38,12,29,46,29,44,38,27,45,31,27,29,27,31,23,31,46,27,38,30,34,34,29,30,24,33,34,28,45,31,35,23,31,29,29,29,44,50,30,0,28,31,50,21,47,20,33,23,26,26,25,50,33,20,33,46
19,39,36,28,16,9,39,2,17,5,14,24,32,18,8,5,38,7,37,14,8,21,4,39,38,7,18,24,13,15,25,30,22,16,20,12,23,21,40,36,38,11,20,32,40,22,35,15,34,8,43,3,39,33,25,43,7,27,18,27,30,36,3,38,38,19,26,4,28,0,40,27,27,23,29,19,32,23,8,32,26,30,29,15,45
31,6,4,38,49,47,4,40,44,40,45,35,26,26,39,42,5,40,5,45,38,50,41,5,5,39,43,23,51,47,36,27,49,41,50,50,27,51,25,13,4,38,33,13,34,50,13,47,24,46,19,41,4,28,32,19,39,45,44,34,20,22,41,4,6,50,52,42,31,40,0,50,25,53,20,46,23,26,38,22,52,31,20,44,42
41,49,47,51,19,22,49,26,16,31,16,47,51,41,28,31,48,31,48,16,31,12,30,49,48,32,15,42,31,17,48,28,10,41,12,29,25,12,56,46,48,25,23,42,59,11,43,17,32,32,49,29,49,52,21,49,31,9,42,20,31,35,30,49,48,12,11,30,49,28,50,0,34,12,44,44,50,26,31,32,11,24,45,40,40
20,23,21,28,32,34,23,28,27,27,29,25,24,16,26,30,22,27,22,28,25,33,29,23,22,27,26,14,38,30,25,13,32,28,33,38,10,34,26,20,22,20,16,16,32,33,20,29,15,33,26,28,24,25,16,26,27,29,31,18,9,18,28,23,22,33,35,29,21,27,25,33,0,36,13,33,21,9,26,11,35,17,15,32,30
38,52,49,48,19,16,52,22,18,27,18,44,52,38,25,27,51,27,50,18,27,9,24,52,51,28,17,44,25,19,45,32,7,37,6,23,27,5,58,49,51,28,25,45,59,4,47,19,36,26,53,25,52,53,25,53,27,18,39,25,35,39,25,51,51,9,7,26,47,24,53,12,36,0,46,40,52,28,28,36,7,30,48,36,46
20,19,17,26,40,36,19,29,37,28,38,24,18,15,28,31,19,28,18,38,27,43,30,19,19,28,36,12,40,39,24,21,42,30,44,39,20,44,18,16,19,27,26,12,25,43,16,39,20,35,23,30,20,20,25,23,28,39,32,27,13,20,30,19,18,43,45,31,20,29,21,43,13,46,0,35,14,19,27,16,45,25,5,33,37
19,46,44,24,32,27,46,20,33,17,30,20,40,25,18,17,45,16,45,31,17,38,20,46,45,14,34,32,31,31,23,39,39,11,37,30,31,38,47,43,45,22,29,39,47,38,43,31,43,23,50,18,46,41,35,50,16,43,9,38,37,45,18,46,45,36,43,19,33,18,48,43,33,40,36,0,40,31,19,38,43,39,37,6,54
24,24,21,30,44,39,24,33,43,32,41,27,6,19,31,35,25,32,22,42,30,49,34,24,24,32,42,9,43,42,27,29,49,34,48,43,28,50,11,26,25,31,32,22,14,49,25,42,30,38,33,33,24,7,33,33,32,46,36,35,23,31,33,25,25,48,51,34,23,32,23,51,21,51,14,39,0,27,31,25,52,33,9,37,46
21,25,23,31,24,30,25,25,20,24,21,27,28,19,23,27,24,24,24,21,22,25,26,25,24,24,18,19,34,22,27,11,24,26,26,33,2,26,31,22,24,16,8,18,36,25,21,22,15,30,27,25,25,29,9,27,24,21,29,12,10,17,25,24,24,25,27,26,26,24,26,26,9,29,19,31,27,0,22,11,28,13,21,29,28
16,36,34,26,19,15,36,8,20,8,17,22,30,16,7,10,35,6,35,17,4,25,9,36,35,6,21,22,19,18,23,27,26,14,24,18,20,25,37,33,35,9,17,29,37,25,33,18,31,14,40,9,37,31,22,40,6,30,16,26,27,33,9,36,35,23,30,10,25,8,38,30,24,27,26,17,30,21,0,29,30,27,27,13,42
25,20,18,32,31,37,20,32,27,32,28,29,27,20,31,35,20,32,19,28,30,32,34,20,20,32,26,17,41,30,30,7,32,33,33,40,10,34,30,17,20,24,16,13,35,32,14,30,6,39,20,33,21,29,13,20,32,27,36,15,4,9,34,20,19,32,34,34,25,32,22,31,11,36,15,38,25,11,30,0,35,11,18,37,23
41,51,49,51,21,19,51,25,17,30,18,47,53,41,28,30,50,30,50,17,30,13,28,51,50,31,16,44,28,19,48,32,9,40,11,26,26,10,58,48,50,27,24,44,60,10,47,19,36,29,52,28,51,54,24,52,30,17,42,24,35,38,28,51,50,13,3,29,50,27,52,12,35,7,45,43,52,28,31,35,0,29,47,39,45
30,30,27,40,25,34,30,30,21,32,22,36,35,29,29,34,29,31,28,22,29,26,34,30,29,31,20,25,38,23,37,6,26,34,27,38,12,27,38,27,29,22,15,22,43,26,23,23,11,38,29,33,30,37,9,29,30,19,37,6,13,13,33,29,29,26,28,34,33,32,31,24,17,30,25,39,33,13,29,11,29,0,27,36,18
20,19,17,27,41,36,19,30,39,29,38,24,13,16,28,32,20,29,18,39,27,44,31,19,20,29,38,12,40,39,25,23,44,30,45,39,22,46,14,18,20,28,28,14,21,45,17,39,23,35,24,30,20,15,27,24,28,40,33,29,16,23,30,20,20,44,47,31,20,29,21,45,15,48,6,35,10,21,27,19,47,27,0,34,40
18,44,42,25,28,23,44,16,29,13,26,21,38,23,14,13,43,12,43,26,13,34,16,44,43,10,30,30,27,27,24,35,34,8,32,26,28,34,45,41,43,18,25,37,45,34,41,27,39,18,48,14,44,39,31,48,11,39,7,34,35,42,14,44,43,32,39,15,33,14,45,39,31,36,34,6,38,29,14,36,39,36,35,0,51
46,41,38,53,42,51,40,47,38,47,39,50,49,42,46,50,41,46,39,39,45,43,49,40,41,46,37,39,55,41,51,20,43,50,44,55,27,45,51,35,41,38,30,33,57,44,32,41,22,54,38,49,41,50,25,38,46,35,53,23,27,20,49,41,40,43,46,50,46,48,42,41,31,47,38,55,46,28,45,24,46,19,40,52,0
