Name: ber-n45-m4-c2-OD-large
Type: GPDPOD-IMC
Commodity type: 4
Compartment num: 2
CapacityHD: 100
VehicleHDs: 14
CapacityOD: 50
VehicleODs: 54
ID Xc Yc DEMAND StartT EndT SerT PairedID
0,52.4517877,13.3258861,[0, 0, 0, 0],0,240,0,0
1,52.4316787,13.5113971,[14, 6, 2, 26],92,212,5,23
2,52.6091042,13.2467914,[3, 1, 0, 6],0,100,5,24
3,52.4220365,13.4834054,[14, 6, 2, 21],84,204,5,25
4,52.6130445,13.4920954,[14, 6, 2, 8],63,183,5,26
5,52.5912597,13.474295,[14, 6, 2, 24],63,183,5,27
6,52.5594006,13.4977269,[3, 1, 0, 6],81,201,5,28
7,52.5257578,13.5875732,[14, 6, 2, 12],85,205,5,29
8,52.431731,13.4874223,[7, 2, 1, 5],0,119,5,30
9,52.6025727,13.4088858,[14, 6, 2, 7],20,140,5,31
10,52.5305237,13.5420027,[14, 6, 2, 13],79,199,5,32
11,52.6056468,13.241672,[7, 2, 1, 12],6,126,5,33
12,52.4251777,13.4288986,[14, 6, 2, 35],0,89,5,34
13,52.4927163,13.5137877,[14, 6, 2, 7],23,143,5,35
14,52.4817488,13.5347576,[7, 2, 1, 9],125,240,5,36
15,52.4575206,13.4991186,[14, 6, 2, 7],48,168,5,37
16,52.5041733,13.4497759,[14, 6, 2, 24],5,125,5,38
17,52.3884905,13.6326021,[3, 1, 0, 5],96,216,5,39
18,52.4352535,13.4622307,[14, 6, 2, 16],0,109,5,40
19,52.5397424,13.5002961,[14, 6, 2, 18],40,160,5,41
20,52.4296473,13.5105551,[3, 1, 0, 7],140,240,5,42
21,52.4176378,13.4772922,[3, 6, 1, 4],28,148,5,43
22,52.4200918,13.492152,[14, 6, 2, 31],0,82,5,44
23,52.5545406,13.2063996,[-14, -6, -2, -26],136,213,5,1
24,52.5669781,13.4108147,[-3, -1, 0, -6],38,158,5,2
25,52.5753959,13.482817,[-14, -6, -2, -21],133,207,5,3
26,52.4626888,13.3098822,[-14, -6, -2, -8],108,228,5,4
27,52.4097978,13.5304868,[-14, -6, -2, -24],113,215,5,5
28,52.4347539,13.7157242,[-3, -1, 0, -6],127,194,5,6
29,52.4036492,13.4151511,[-14, -6, -2, -12],130,222,5,7
30,52.5501478,13.2684209,[-7, -2, -1, -5],46,166,5,8
31,52.5973753,13.3798194,[-14, -6, -2, -7],34,154,5,9
32,52.5807745,13.4036592,[-14, -6, -2, -13],117,211,5,10
33,52.5077177,13.1871842,[-7, -2, -1, -12],40,160,5,11
34,52.5081483,13.5059196,[-14, -6, -2, -35],32,152,5,12
35,52.445441,13.4986863,[-14, -6, -2, -7],44,164,5,13
36,52.4900815,13.5294448,[-7, -2, -1, -9],134,211,5,14
37,52.4070929,13.6528362,[-14, -6, -2, -7],75,195,5,15
38,52.5714697,13.3435558,[-14, -6, -2, -24],32,152,5,16
39,52.5401725,13.4423309,[-3, -1, 0, -5],143,215,5,17
40,52.5697274,13.3219033,[-14, -6, -2, -16],41,161,5,18
41,52.5257847,13.2382346,[-14, -6, -2, -18],87,207,5,19
42,52.4554727,13.447447,[-3, -1, 0, -7],156,225,5,20
43,52.4895023,13.5802481,[-3, -6, -1, -4],58,178,5,21
44,52.4825644,13.5193375,[-14, -6, -2, -31],21,141,5,22
StartID EndID StartX StartY EndX EndY StartT EndT
45,99,52.4946293,13.3602715,52.533719,13.5927058,54,486
46,100,52.5868618,13.2766924,52.4650081,13.4905421,7,484
47,101,52.4804206,13.5219344,52.4389535,13.4466995,76,514
48,102,52.4839823,13.5293803,52.4534737,13.5180366,98,458
49,103,52.4235133,13.5065682,52.4975848,13.3165477,132,456
50,104,52.4929785,13.534346,52.5030946,13.552428,104,464
51,105,52.4471834,13.4529372,52.6350995,13.2966483,0,498
52,106,52.4317645,13.4885052,52.4879873,13.5408243,72,483
53,107,52.4866147,13.5354853,52.4378443,13.487082,0,720
54,108,52.43691,13.4962049,52.4094959,13.5241,0,405
55,109,52.4326493,13.4969351,52.5707958,13.4425,5,470
56,110,52.6128083,13.2200872,52.4877495,13.5667269,83,449
57,111,52.4623986,13.419665,52.552494,13.4319103,82,472
58,112,52.6112817,13.2399281,52.6025277,13.3139862,17,434
59,113,52.6161155,13.2284906,52.5085312,13.235683,122,476
60,114,52.4251663,13.5033985,52.6080153,13.2359782,61,508
61,115,52.4354195,13.4733428,52.607578,13.2383568,0,720
62,116,52.6025949,13.2410771,52.584138,13.3926011,49,490
63,117,52.6045615,13.2383862,52.6113618,13.2440892,127,466
64,118,52.4340564,13.4818135,52.4825632,13.5747617,61,490
65,119,52.606512,13.2589195,52.4919902,13.262796,81,513
66,120,52.4469629,13.3080423,52.4097711,13.3493197,97,493
67,121,52.4397369,13.4144039,52.4230351,13.485175,81,489
68,122,52.4160947,13.4991712,52.5534562,13.4463303,0,720
69,123,52.5156106,13.1766777,52.5140711,13.4303935,67,520
70,124,52.6222012,13.2418927,52.532919,13.555719,0,507
71,125,52.4353736,13.4814957,52.6070266,13.2990105,82,475
72,126,52.4983444,13.5128148,52.4379012,13.4644458,4,451
73,127,52.6011431,13.244155,52.4945874,13.3972483,57,528
74,128,52.422847,13.422781,52.4295421,13.3413099,114,474
75,129,52.4761791,13.5219246,52.4851616,13.6168526,1,439
76,130,52.4938703,13.5493705,52.4322781,13.4878668,0,720
77,131,52.5187586,13.4887459,52.4560076,13.363978,37,487
78,132,52.5838936,13.3333935,52.5695624,13.3260515,65,452
79,133,52.4177957,13.4272201,52.6442685,13.306422,30,558
80,134,52.4912853,13.5263029,52.5493431,13.4544507,11,440
81,135,52.4985482,13.5481338,52.4229595,13.5620156,30,477
82,136,52.4257025,13.494234,52.4274721,13.4864184,72,456
83,137,52.576313,13.2248422,52.4484795,13.3729598,11,494
84,138,52.6096924,13.252677,52.4260036,13.6739588,0,579
85,139,52.4818544,13.5250894,52.5528043,13.4701051,73,487
86,140,52.454363,13.6174176,52.6207961,13.2223992,56,512
87,141,52.546669,13.4211684,52.5162917,13.2627755,15,477
88,142,52.4872515,13.5548034,52.5282536,13.3946179,90,477
89,143,52.6060969,13.2363266,52.5283892,13.4024879,0,450
90,144,52.439686,13.5028879,52.5200301,13.3026896,19,469
91,145,52.4756926,13.5415492,52.5554649,13.5562327,47,482
92,146,52.6173252,13.4945523,52.618849,13.4942687,85,445
93,147,52.4721013,13.2973022,52.586391,13.304001,85,481
94,148,52.4236675,13.4712276,52.6058473,13.2237116,55,520
95,149,52.4897434,13.5560655,52.6187365,13.2328042,20,560
96,150,52.6099933,13.2396654,52.5470411,13.1443436,0,720
97,151,52.427733,13.4777046,52.5613011,13.4458964,83,464
98,152,52.6032737,13.2222716,52.5433147,13.2422928,116,476
edge
0,20,31,21,41,37,31,41,19,36,35,31,18,30,28,19,23,33,18,31,20,21,21,28,29,32,5,24,45,18,21,32,30,25,29,20,27,39,24,24,21,18,14,36,26,12,25,25,26,20,28,16,19,28,19,18,33,13,30,32,20,18,29,30,18,31,3,12,22,24,31,18,30,28,18,25,36,28,25,18,28,37,20,34,31,28,38,26,34,31,20,28,42,9,21,34,31,21,32,41,19,17,22,11,35,35,30,19,25,29,34,26,28,18,31,31,31,30,35,15,11,20,27,21,36,28,18,14,8,38,19,7,23,35,27,25,19,7,42,28,33,15,21,21,15,38,41,24,31,31,31,29,21
21,0,41,8,44,41,27,27,6,41,25,41,14,17,15,7,19,16,10,24,2,7,7,38,32,31,22,7,28,18,32,41,35,36,20,5,15,22,35,27,32,29,9,20,14,21,36,13,13,7,16,10,5,15,4,5,43,13,41,43,6,9,40,40,7,41,21,14,8,35,41,7,19,39,15,13,20,23,35,15,15,21,6,44,42,16,22,29,18,41,4,15,45,21,8,18,41,7,43,29,9,12,7,22,22,45,17,7,8,33,18,29,38,29,42,41,36,40,19,25,24,7,30,22,25,38,10,19,23,22,6,18,33,45,29,9,6,19,24,28,44,26,26,25,26,28,45,34,42,42,41,31,32
30,41,0,41,38,34,36,49,39,26,42,3,40,43,46,39,35,53,38,38,40,41,41,19,25,35,26,44,65,43,19,21,24,30,39,40,44,60,17,29,14,24,34,48,45,29,10,45,44,40,44,36,39,45,39,38,6,33,2,6,40,38,3,3,39,7,30,37,42,28,6,38,41,3,41,45,48,37,15,41,43,47,40,10,6,45,58,27,48,4,40,47,39,25,41,48,2,41,6,48,39,38,42,25,44,17,47,39,45,30,48,27,12,25,3,3,23,2,49,24,39,40,29,32,43,12,38,31,35,54,39,31,16,18,31,46,40,33,62,32,7,22,25,25,20,45,38,12,6,5,29,30,19
21,6,41,0,44,40,29,29,3,41,27,41,9,19,17,8,21,19,5,26,6,3,2,38,32,33,21,10,32,13,31,40,35,35,22,7,16,26,34,27,32,29,8,24,15,21,35,14,15,5,17,7,3,17,4,3,43,12,40,42,5,5,40,40,4,41,21,11,3,34,41,5,20,39,10,14,24,24,35,10,17,25,3,44,41,17,25,29,22,41,6,17,45,21,4,22,41,3,42,31,10,7,9,22,24,45,19,6,11,32,22,29,38,28,41,41,36,40,23,25,19,1,30,22,27,38,5,19,20,26,3,17,33,45,30,12,2,17,28,29,43,25,25,25,26,30,44,34,42,41,41,32,31
42,44,38,47,0,9,21,34,45,14,28,37,43,33,36,37,29,54,43,25,44,46,46,43,17,15,40,49,60,48,33,20,15,47,28,41,34,57,24,20,27,37,38,38,35,34,31,36,34,46,33,41,44,34,43,43,39,37,37,39,45,43,36,36,44,38,42,41,47,46,38,43,31,35,45,35,38,25,26,45,33,37,45,41,38,35,53,20,38,37,41,37,4,39,46,38,38,46,39,32,36,42,39,37,34,35,37,44,50,12,38,17,29,39,38,38,17,37,39,37,47,45,17,26,29,32,42,29,44,44,44,38,26,35,18,46,45,40,60,18,40,35,24,23,34,25,4,30,38,38,49,16,36
38,40,34,43,9,0,18,30,41,12,25,34,40,29,32,34,25,50,39,21,41,42,43,40,14,11,36,45,56,44,29,17,11,43,25,38,30,54,20,16,23,34,35,34,31,30,28,32,31,42,30,37,41,31,40,40,36,34,34,36,42,39,33,33,40,34,39,37,44,42,34,40,28,32,41,32,34,21,22,41,29,33,42,38,35,32,49,16,34,34,38,33,10,35,42,34,34,42,36,29,33,38,36,33,30,32,33,41,46,9,35,13,26,35,35,34,13,33,36,34,44,42,13,23,26,29,38,25,40,40,41,35,22,32,15,43,41,36,56,14,37,32,21,20,30,22,9,26,35,35,45,13,32
33,28,37,31,20,17,0,17,29,20,11,36,34,15,17,22,17,38,31,7,28,30,30,39,14,6,34,33,41,38,31,23,18,42,13,25,15,39,23,11,25,33,27,19,18,25,31,17,15,30,15,29,28,16,27,28,38,28,36,38,29,30,35,36,30,37,33,32,31,41,37,30,14,34,35,17,19,12,25,35,14,18,29,40,37,17,34,13,19,37,25,18,21,33,32,19,37,30,38,16,23,31,23,29,15,36,18,30,33,10,19,10,31,35,37,37,19,36,21,33,39,30,9,16,12,34,30,20,35,25,29,30,25,36,7,30,29,31,41,5,39,31,17,16,29,10,21,29,37,37,45,9,33
41,27,49,31,33,30,17,0,30,33,9,49,36,16,18,23,21,33,31,15,27,31,31,51,28,21,42,30,33,40,44,36,31,52,14,26,16,33,35,21,38,44,30,11,19,34,43,18,16,31,16,31,29,16,28,28,51,32,48,50,30,31,48,48,31,49,41,34,31,51,49,31,15,47,37,17,12,16,38,37,15,11,30,52,49,17,26,25,12,49,26,16,34,41,32,12,49,31,50,3,24,33,24,38,9,49,19,31,30,24,12,24,43,45,49,49,32,48,12,44,45,30,22,23,7,46,31,28,43,14,29,38,37,49,21,27,30,39,35,20,51,42,26,25,37,12,34,42,50,49,56,23,45
21,6,41,5,44,40,29,30,0,41,27,41,10,19,17,9,21,19,5,26,6,4,4,38,32,33,21,11,32,14,31,40,35,35,22,7,17,26,34,27,32,29,9,24,15,21,35,14,15,5,17,7,2,17,5,3,43,13,40,42,5,4,40,40,2,41,21,12,5,34,41,2,21,39,11,14,24,25,35,11,17,25,3,44,41,17,26,28,22,41,6,17,45,21,5,22,41,4,42,31,11,8,9,22,24,45,19,3,11,32,22,28,38,28,41,41,36,40,23,25,20,4,30,22,27,38,6,18,21,26,2,17,33,45,30,12,2,17,28,30,43,25,25,25,26,30,44,34,42,41,41,31,31
35,41,26,43,14,12,19,33,41,0,27,26,40,30,33,35,25,51,39,23,41,42,42,34,11,14,31,46,57,44,24,8,6,38,26,39,31,55,15,16,18,28,35,36,33,28,21,33,32,42,31,37,41,32,40,40,28,34,26,28,41,39,24,25,40,26,35,37,43,37,26,40,29,23,41,33,36,22,15,41,31,34,42,29,26,33,51,15,36,26,39,35,14,30,42,35,26,42,27,31,34,38,37,29,31,23,35,40,46,11,36,13,17,30,26,26,7,25,37,29,43,42,14,23,28,20,38,25,40,41,41,34,16,23,16,44,41,35,57,16,29,27,19,18,25,25,14,18,26,27,40,14,27
37,26,43,29,28,25,12,9,27,28,0,43,34,13,16,20,19,35,29,9,27,29,29,46,22,16,38,31,37,38,38,31,25,48,12,24,14,35,30,15,32,40,27,14,16,29,37,15,14,28,13,28,27,14,26,26,45,29,43,45,28,28,42,42,29,43,37,32,30,46,43,29,12,41,35,15,14,13,32,35,13,13,28,47,44,15,30,19,14,43,24,17,29,37,30,14,43,29,45,10,22,30,22,33,10,43,17,29,32,19,14,18,37,40,44,44,26,42,15,39,43,28,16,19,4,40,29,24,39,20,27,34,31,43,15,28,27,35,37,14,46,37,21,20,33,8,29,36,44,44,51,18,39
30,40,2,41,37,34,35,48,39,26,42,0,39,43,46,39,34,53,38,38,40,41,41,18,25,35,26,44,65,43,19,20,23,29,38,39,44,59,17,29,14,23,34,48,44,29,9,45,44,40,43,36,39,44,39,38,6,33,4,7,40,38,2,3,38,8,30,36,42,27,7,38,41,2,41,45,48,36,15,40,43,47,40,10,7,45,58,27,48,3,40,47,38,25,41,47,4,41,6,48,39,38,42,25,43,18,47,39,45,29,48,27,11,25,4,3,23,4,49,23,38,40,29,31,43,12,38,31,35,53,39,31,15,19,31,45,39,33,61,32,8,21,24,25,20,44,38,11,5,7,28,30,19
18,14,40,11,43,40,33,36,10,40,33,40,0,25,23,15,22,27,7,31,14,10,10,37,31,34,21,18,40,6,31,39,34,35,27,12,23,33,34,26,31,28,9,31,21,21,35,20,21,13,23,9,11,23,12,11,42,10,40,42,13,8,39,39,9,41,20,8,11,34,41,9,27,38,3,20,30,27,34,3,23,32,11,44,41,23,33,28,29,40,14,23,44,20,9,29,40,9,42,37,15,7,15,21,30,44,25,11,19,32,29,28,37,28,41,41,35,39,29,25,12,10,30,21,33,37,8,18,15,33,10,15,32,45,29,20,10,13,35,30,43,25,25,24,25,36,44,33,41,41,40,31,31
31,18,43,21,33,30,15,16,19,32,13,43,26,0,7,12,13,28,21,12,19,20,21,45,23,19,31,23,31,29,37,32,27,45,6,16,5,29,31,17,31,38,19,15,8,26,37,7,6,20,5,20,19,6,17,18,45,23,42,44,20,20,41,42,20,43,31,23,22,44,43,20,5,40,27,7,14,11,33,26,4,13,20,46,43,6,24,19,14,43,16,9,34,31,22,14,43,21,44,17,13,22,14,31,10,44,8,21,24,22,15,19,38,38,43,43,28,42,16,35,34,20,19,16,13,40,21,20,33,20,19,27,31,44,18,20,19,29,31,17,45,35,19,18,30,16,33,36,43,43,50,21,39
29,16,46,19,35,32,17,18,17,35,15,46,24,7,0,10,17,24,19,14,17,19,19,46,27,21,30,20,26,28,39,35,30,44,10,14,4,24,34,19,35,37,17,12,6,29,40,5,3,18,5,18,17,3,16,16,48,21,45,47,18,18,45,45,19,46,29,22,20,43,46,19,9,44,25,5,12,13,36,25,5,13,18,49,46,6,19,23,10,46,14,3,36,29,20,10,46,19,47,19,12,20,12,30,12,47,5,19,21,24,10,23,42,37,46,46,31,45,11,33,33,18,21,19,15,43,19,24,31,18,17,26,34,47,20,17,17,27,26,19,48,33,23,22,34,18,36,39,47,46,49,23,40
20,7,40,10,38,35,22,23,8,35,20,40,15,12,10,0,13,18,10,19,8,9,9,37,26,26,20,12,27,18,30,35,30,34,15,4,10,22,32,20,31,28,8,18,8,20,34,7,8,9,10,9,8,10,6,7,42,12,39,41,8,9,39,39,9,40,20,12,10,33,40,9,14,38,15,7,18,18,34,15,10,19,9,43,40,10,20,23,16,40,5,10,39,20,11,16,40,10,41,24,2,11,4,21,17,44,12,9,13,27,16,23,37,27,40,40,31,39,17,24,23,9,24,16,20,37,10,15,22,20,8,16,32,44,23,11,8,18,24,22,42,24,21,19,25,23,39,33,41,40,40,26,30
23,19,34,22,28,24,16,22,20,25,18,34,22,11,16,13,0,29,19,14,20,22,22,36,17,18,24,24,38,26,28,25,20,35,11,17,14,33,22,10,23,28,15,20,13,15,29,13,15,21,14,17,20,15,18,19,36,15,34,36,21,19,33,33,19,35,23,19,23,34,34,19,11,32,23,15,20,9,25,23,13,19,21,38,35,15,31,12,20,34,17,18,29,23,22,20,34,22,36,23,12,19,15,20,16,36,17,20,25,16,20,12,30,28,35,35,21,33,21,27,29,21,14,6,19,31,19,9,25,26,20,20,23,36,14,22,20,21,35,14,37,25,11,10,21,21,28,27,35,35,40,15,30
34,16,54,21,54,51,37,33,19,52,33,54,28,27,24,18,29,0,23,35,16,20,21,51,43,41,35,16,33,31,45,51,46,49,30,19,25,26,48,37,45,42,22,26,24,34,49,23,23,19,26,23,19,25,18,18,56,26,54,56,18,22,53,53,20,54,34,27,19,48,54,20,29,52,28,23,26,33,48,28,25,27,20,57,55,26,26,40,24,54,19,21,55,34,22,24,54,21,56,34,20,25,16,35,29,58,27,21,17,43,24,40,51,42,55,54,47,53,25,38,37,20,40,33,33,51,23,32,36,28,19,31,46,58,39,10,19,32,29,38,57,39,38,36,39,37,55,47,55,54,54,42,45
18,10,39,7,42,38,31,31,6,39,29,39,7,21,19,10,19,23,0,28,9,6,6,36,30,33,20,14,35,10,30,38,33,34,24,8,18,29,33,25,30,27,6,26,17,19,34,16,17,9,19,4,6,19,8,7,41,10,39,41,9,4,38,38,5,39,19,8,7,33,39,5,22,37,7,16,26,24,33,7,19,28,7,42,40,19,29,27,24,39,9,19,43,19,5,25,39,5,41,33,11,4,11,20,26,43,21,7,15,31,24,27,36,27,40,40,34,38,25,24,16,5,28,20,29,36,2,17,17,29,6,15,31,43,28,15,5,13,31,29,42,24,24,23,24,32,42,32,40,40,39,30,30
32,25,38,28,24,21,7,14,26,24,8,38,31,12,15,19,14,35,28,0,26,28,28,40,17,12,32,30,39,35,32,25,20,42,10,23,13,36,24,10,26,34,24,17,15,24,32,14,13,27,12,26,26,13,25,25,40,25,37,39,27,28,37,37,28,38,32,28,29,41,38,28,11,36,32,14,17,7,27,32,12,16,27,41,38,14,32,14,17,38,23,16,25,31,29,16,38,28,39,14,20,28,21,27,12,38,16,28,31,13,17,12,32,35,38,38,21,37,18,34,37,27,11,14,9,35,27,18,34,22,26,28,26,38,9,28,26,30,38,8,40,32,15,14,27,11,25,30,39,38,46,12,34
21,2,41,7,44,40,28,27,5,41,26,41,14,18,16,8,20,16,9,25,0,7,7,38,32,32,21,7,28,17,31,40,35,35,21,6,15,21,34,27,31,29,9,20,14,21,35,13,14,6,16,10,5,16,3,4,43,13,40,42,6,8,40,40,7,41,21,13,8,34,41,7,20,39,15,13,19,24,35,14,16,21,6,44,41,16,21,28,18,41,5,15,45,20,8,18,41,7,42,28,10,11,8,22,22,45,18,7,7,32,18,28,38,28,41,41,36,40,18,25,23,6,30,22,26,38,9,18,22,22,5,17,33,45,29,8,5,19,24,29,43,25,25,25,25,29,44,34,41,41,41,31,31
22,8,42,2,45,42,30,31,5,42,28,42,11,20,18,10,22,21,6,28,7,0,4,39,33,34,23,12,34,14,33,42,37,37,23,8,18,27,36,29,33,30,10,25,17,23,37,16,16,7,19,8,5,18,6,4,44,14,42,44,6,6,41,41,6,43,23,12,4,36,43,6,22,40,11,16,25,26,36,11,18,27,4,46,43,19,27,30,23,42,7,19,46,22,4,24,42,4,44,32,12,8,10,23,25,46,20,7,12,34,23,30,39,30,43,43,38,41,24,27,20,2,32,24,28,40,6,20,22,28,5,19,34,47,32,13,3,18,29,31,45,27,27,26,27,31,46,35,43,43,42,33,33
22,7,42,3,45,41,29,30,4,42,28,42,10,20,17,9,22,20,6,27,7,3,0,39,33,34,22,10,33,14,32,41,36,36,23,7,17,27,35,28,33,30,9,25,16,22,36,15,16,4,18,8,4,18,5,4,44,13,41,43,4,5,41,41,5,42,22,12,2,35,42,6,21,40,11,15,24,25,36,11,18,26,3,45,42,18,26,29,23,42,6,18,46,22,5,23,42,3,43,32,11,8,10,23,25,46,19,7,11,33,23,30,39,29,42,42,37,41,23,26,20,2,31,23,27,39,6,19,21,27,4,18,34,46,31,12,3,17,29,30,44,26,26,26,27,31,45,35,43,42,42,32,32
27,38,19,39,43,40,39,51,37,35,45,18,37,46,45,36,37,50,36,41,37,38,38,0,29,38,23,41,62,40,14,31,30,13,41,37,45,57,24,32,21,11,32,51,43,27,19,43,43,38,46,34,36,45,36,36,19,30,20,21,37,35,17,17,36,24,28,34,39,11,24,35,44,16,38,43,51,40,24,38,45,50,37,10,23,46,56,30,51,18,37,46,44,22,38,51,19,38,18,51,36,35,39,22,47,31,47,36,42,34,51,30,23,14,19,19,30,20,52,20,36,38,32,34,46,24,35,31,32,55,37,28,22,31,34,43,37,30,59,35,21,14,28,28,18,48,44,22,18,21,12,33,9
29,33,25,34,16,13,13,27,32,11,21,25,31,24,27,26,17,43,30,17,33,34,34,29,0,12,25,37,51,35,20,10,5,32,19,30,25,47,11,8,14,23,26,29,26,21,19,26,25,33,24,28,32,25,32,31,27,25,25,27,33,31,24,24,31,25,29,29,35,31,25,31,22,23,33,26,29,16,13,32,24,28,33,29,26,26,44,6,29,25,30,28,17,24,33,29,25,33,27,27,25,30,28,23,25,25,28,32,38,6,29,6,19,25,26,25,6,24,30,23,35,33,8,14,22,22,30,16,32,35,32,26,13,25,10,35,32,27,49,10,28,21,10,9,19,22,16,17,26,26,34,8,22
33,32,36,35,14,11,7,21,33,14,15,36,34,20,22,25,18,42,32,12,32,34,34,38,12,0,33,37,46,38,30,19,13,42,16,29,20,44,22,10,24,32,28,24,23,25,29,22,20,34,20,30,32,21,31,32,38,28,35,37,33,31,35,35,32,36,33,32,35,40,36,32,19,34,36,22,24,12,24,35,19,23,33,39,36,21,39,13,24,36,29,23,15,32,34,24,36,34,37,19,24,32,27,29,20,34,23,32,37,7,24,8,28,34,36,36,15,35,25,32,38,34,8,17,16,31,31,19,35,30,33,29,24,34,7,34,33,31,46,6,38,30,16,15,28,12,15,28,36,36,44,7,32
5,21,27,22,40,37,33,42,20,32,36,27,20,31,29,20,24,34,19,32,21,22,22,24,26,33,0,25,46,21,17,28,26,22,31,21,28,41,21,25,18,15,15,37,27,11,21,26,27,21,29,17,20,29,20,19,29,14,26,28,21,19,26,26,19,27,6,15,23,20,27,19,31,25,21,26,37,29,21,21,29,38,21,30,27,29,39,25,35,27,21,29,41,5,22,35,27,22,28,42,20,19,23,8,36,31,31,20,26,30,35,26,24,14,27,27,27,26,36,11,15,21,28,23,37,24,19,15,11,39,20,9,19,31,28,26,20,10,43,29,29,11,20,20,11,39,40,20,28,27,27,29,18
25,7,45,12,48,45,32,29,10,45,29,45,19,22,19,12,24,16,14,30,7,12,10,42,36,36,26,0,30,22,36,45,40,40,25,11,20,24,39,31,36,33,13,22,19,26,40,18,18,8,21,14,10,20,9,9,47,17,45,47,8,13,44,44,11,45,25,18,9,39,45,11,24,43,19,18,21,28,39,19,20,23,10,49,46,21,23,33,19,45,10,17,49,25,13,20,45,12,47,30,14,16,11,26,24,49,22,12,3,37,20,33,42,33,46,46,40,44,20,30,28,11,35,26,28,42,14,23,27,24,10,22,37,50,34,9,10,23,26,33,48,30,30,29,30,33,49,38,46,46,45,36,36
46,29,66,34,59,55,41,34,32,58,36,66,40,31,26,27,37,33,35,38,28,34,34,63,49,45,46,31,0,44,56,57,52,60,34,30,28,28,56,42,57,54,34,25,28,46,60,28,26,32,29,35,32,27,31,31,68,38,65,67,32,34,65,65,34,66,46,38,33,59,66,34,33,64,41,27,28,37,58,41,29,29,33,69,66,30,16,45,26,66,30,23,60,46,35,26,66,34,67,35,29,37,26,47,31,70,29,34,32,47,25,45,63,53,66,66,53,65,24,50,49,33,45,41,35,63,35,41,48,26,32,42,57,69,43,27,32,44,30,43,68,50,45,44,51,39,59,59,67,66,66,46,56
18,18,44,14,47,44,37,39,14,44,36,44,6,28,26,18,26,31,10,35,17,13,14,41,35,38,20,22,43,0,34,43,38,39,31,16,26,37,38,30,35,32,13,34,25,23,38,24,25,16,27,13,14,26,16,14,46,14,43,45,16,12,43,43,13,44,20,12,15,38,44,13,30,42,6,24,34,31,38,5,27,35,14,47,45,27,36,32,32,44,17,27,48,23,12,32,44,12,45,41,18,11,19,25,33,48,28,14,22,36,32,32,41,31,44,44,39,43,33,28,12,13,33,25,36,41,11,22,15,36,14,14,36,48,33,23,13,13,39,34,46,28,29,28,29,40,48,37,45,44,44,35,35
20,31,19,32,33,29,30,43,30,25,37,19,30,38,38,29,29,43,29,33,30,31,31,13,21,30,16,34,55,33,0,20,19,20,33,30,38,50,13,24,10,14,25,43,36,20,13,36,36,31,38,27,29,38,29,29,21,23,19,20,30,28,18,18,29,19,21,27,32,18,19,28,36,17,31,36,43,32,13,31,38,42,30,19,20,39,49,22,43,19,30,39,34,15,31,42,19,31,21,43,29,28,32,15,38,23,40,29,35,25,43,22,16,16,20,19,20,18,44,14,29,31,24,26,38,16,28,23,25,48,30,21,11,23,26,36,30,23,52,27,22,12,19,20,10,39,33,12,20,19,20,25,5
31,41,21,42,20,17,22,36,41,8,29,20,39,32,35,34,25,51,39,25,41,42,42,31,10,19,27,45,59,43,20,0,6,34,28,38,33,55,10,16,14,25,34,37,34,26,15,34,33,42,33,37,40,34,40,39,22,33,20,22,41,39,19,19,40,20,32,37,43,33,21,39,30,18,41,35,37,24,9,40,32,36,41,24,21,34,52,15,37,20,38,36,21,26,42,37,21,41,22,35,33,38,36,26,33,17,36,40,46,14,37,14,12,27,21,20,5,20,38,25,40,41,16,22,30,15,38,25,37,43,40,32,12,17,18,43,41,34,57,18,23,23,19,18,21,29,20,12,21,21,37,17,23
29,36,24,37,14,11,16,31,35,6,24,23,34,27,30,29,20,46,33,20,36,37,37,29,5,13,25,40,54,38,18,6,0,32,23,33,28,50,9,11,12,23,29,32,29,22,17,29,28,36,28,31,35,29,35,34,25,28,23,25,36,34,22,22,35,24,30,32,38,31,24,34,25,21,36,30,32,19,12,35,27,31,36,27,24,29,47,10,32,23,33,31,15,24,37,32,24,36,25,30,28,33,31,23,28,21,31,35,41,9,32,9,16,25,24,24,2,23,33,23,37,36,11,17,25,19,33,20,34,38,35,29,11,21,13,38,36,30,52,13,26,21,14,13,19,24,15,16,24,24,35,12,21
24,35,29,36,46,43,41,52,34,38,46,29,34,44,42,33,35,48,33,42,34,35,35,12,32,40,20,39,60,37,19,34,32,0,41,34,42,54,26,35,23,11,29,50,40,25,24,40,41,35,43,31,34,42,33,33,29,27,30,31,34,32,28,28,33,33,25,31,36,4,33,33,44,27,35,40,50,39,27,35,43,49,34,21,33,43,53,33,48,29,34,43,46,19,35,49,30,35,28,52,33,32,37,19,46,37,44,33,39,36,48,33,30,9,30,29,33,31,49,16,33,35,34,33,47,30,32,28,30,53,34,25,25,37,36,40,34,27,56,38,32,12,28,29,18,48,46,26,29,32,13,35,15
31,20,40,23,29,26,13,13,21,28,11,40,28,5,9,14,11,30,23,10,21,22,23,42,20,17,32,25,33,31,34,29,24,43,0,18,7,31,28,13,28,35,21,12,10,24,34,9,8,22,7,22,21,8,19,20,42,21,39,41,22,22,39,39,22,40,31,25,23,41,40,22,4,38,28,9,12,7,30,28,6,11,22,43,40,9,26,17,12,40,18,11,30,31,24,12,40,23,41,15,15,24,16,28,8,41,10,23,26,18,12,16,35,35,40,40,25,39,13,34,35,22,15,13,10,37,23,18,33,18,21,28,28,41,14,22,21,29,33,13,42,32,17,15,28,14,30,33,41,40,47,17,36
21,5,41,8,42,38,25,26,6,39,23,40,12,15,13,4,17,19,8,22,6,8,8,37,30,29,21,11,30,16,31,39,34,35,18,0,12,23,34,24,31,28,9,21,11,21,35,10,11,7,13,10,6,13,4,5,42,13,40,42,7,7,39,39,7,41,21,13,9,34,41,7,17,38,13,10,20,20,35,13,13,22,7,44,41,13,23,27,18,40,3,13,43,20,9,19,41,8,42,27,6,10,5,21,20,45,15,8,12,30,18,27,37,28,41,41,35,40,19,25,22,7,28,20,23,38,7,18,22,23,6,17,32,45,26,12,6,18,25,26,43,25,25,23,25,26,42,34,41,41,40,29,31
29,16,44,19,33,30,15,16,17,33,13,44,24,5,4,10,15,26,19,12,17,18,18,46,25,19,29,21,28,27,38,33,28,43,8,13,0,26,32,17,33,36,17,14,6,28,38,5,3,18,2,18,17,2,15,16,46,21,43,45,18,18,43,43,18,44,29,21,19,42,44,18,7,42,24,5,14,11,34,24,3,13,18,47,44,5,21,21,12,44,14,5,34,28,20,12,44,19,45,17,11,20,12,30,10,45,4,18,22,22,12,21,40,36,44,44,29,43,13,33,32,18,19,17,13,41,19,23,30,20,17,25,32,45,18,18,17,26,28,17,46,33,21,20,32,16,33,37,45,44,49,21,39
41,23,61,28,56,53,39,34,26,55,34,61,34,30,24,23,34,27,29,37,22,28,28,58,47,44,42,25,28,38,52,55,50,56,32,24,26,0,53,40,52,49,29,26,26,42,56,25,25,26,27,30,26,26,25,25,63,33,61,63,26,29,60,60,28,62,42,34,26,55,62,28,31,59,35,25,26,35,55,35,28,28,27,65,62,28,22,42,25,61,24,22,57,41,29,25,61,28,63,35,25,32,20,42,29,65,28,28,26,45,25,42,58,49,62,62,51,60,24,46,44,27,42,37,33,59,29,37,43,26,26,38,53,66,41,20,26,39,8,40,64,46,42,40,46,38,57,54,62,62,61,44,52
23,34,17,35,23,20,22,35,33,15,29,17,33,31,34,32,23,47,32,25,33,34,34,23,11,21,19,38,57,36,12,10,9,26,26,33,32,52,0,16,6,17,28,36,32,20,11,33,32,34,32,30,33,32,32,32,19,26,16,18,33,31,16,16,32,17,24,30,35,25,17,32,29,15,34,33,36,23,5,34,31,35,34,20,18,33,50,14,36,17,33,35,24,18,35,36,17,34,18,35,31,31,34,19,32,17,35,32,38,16,36,13,11,19,17,17,10,16,37,17,32,34,15,20,30,14,31,20,29,42,33,24,4,17,17,39,33,26,54,19,19,15,14,13,13,31,24,9,18,17,29,16,15
25,27,29,29,19,15,9,21,27,16,15,29,26,17,20,21,11,37,25,10,28,29,29,31,8,10,25,32,44,30,23,16,11,34,13,25,18,41,15,0,17,25,21,22,19,17,23,20,19,28,18,23,27,19,26,26,31,20,28,30,28,26,28,28,26,29,25,24,30,33,29,26,16,27,27,20,22,9,17,27,17,21,28,32,29,20,37,5,22,29,25,22,20,24,28,22,29,28,30,21,20,24,23,20,18,29,21,27,33,7,23,4,23,27,29,29,12,28,24,25,30,28,5,8,16,26,25,11,27,28,27,21,17,29,5,30,27,22,43,6,31,23,8,7,20,17,19,21,29,29,37,7,25
21,32,14,33,27,23,25,37,31,18,31,14,31,32,35,30,23,45,30,27,31,32,32,21,14,24,17,36,57,34,10,14,13,24,27,31,33,51,6,18,0,15,26,37,33,19,9,34,33,32,32,28,31,33,30,30,16,24,14,16,31,29,13,13,30,15,22,28,33,23,15,30,30,12,32,34,37,26,6,32,32,36,31,18,15,34,50,16,37,14,31,36,27,16,32,37,14,32,16,37,30,29,34,17,32,18,36,30,36,19,37,16,11,17,15,15,14,13,38,15,30,32,18,21,32,12,29,20,27,43,31,22,2,18,20,37,31,24,53,21,17,13,13,14,11,34,27,7,15,15,27,19,13
18,29,24,29,37,34,32,45,27,29,39,24,28,37,36,27,28,41,26,34,28,29,29,11,23,31,14,32,53,31,14,25,23,12,34,28,36,48,17,26,14,0,22,43,34,18,18,34,34,28,37,24,27,36,27,26,26,21,23,25,28,26,23,23,27,24,18,25,30,11,24,26,37,22,29,33,43,32,18,29,36,42,28,19,24,36,46,24,42,24,28,36,37,13,29,42,24,29,25,44,27,26,30,13,39,28,38,27,33,27,42,24,21,6,24,24,24,23,43,11,27,28,25,26,40,21,26,22,23,46,27,19,16,28,27,34,28,21,50,29,26,5,21,22,9,41,37,17,24,24,14,26,13
15,9,35,10,38,34,27,30,8,35,27,35,9,19,17,8,15,22,6,25,9,9,9,32,26,29,16,13,34,13,26,34,29,30,20,9,17,28,29,21,26,23,0,25,15,15,30,14,15,9,17,4,8,17,8,7,37,6,35,37,9,7,34,34,7,35,15,6,10,29,35,7,20,33,10,14,25,20,29,10,17,26,9,38,36,17,27,23,23,35,9,17,39,15,9,23,35,8,37,31,8,6,11,16,24,39,19,8,14,27,23,23,32,23,36,35,30,34,24,19,17,8,24,16,27,32,5,13,16,27,8,11,27,39,24,14,8,12,31,25,38,20,20,19,20,30,38,28,36,36,35,26,26
37,20,48,26,37,33,19,11,24,37,13,48,31,14,12,18,20,26,26,17,20,25,25,50,29,23,37,23,25,35,43,37,32,51,13,21,14,25,36,22,37,43,25,0,16,33,43,15,12,24,14,26,24,14,23,23,50,29,48,49,23,25,47,47,25,48,37,29,24,50,48,25,13,46,32,15,5,15,38,32,14,7,24,52,49,16,18,25,5,48,21,9,38,37,27,5,48,25,50,12,20,28,17,36,8,50,15,25,23,26,4,25,44,44,49,48,33,47,3,41,40,25,24,22,12,45,26,27,39,8,24,33,37,50,22,20,24,35,27,21,51,41,25,24,36,16,37,41,49,48,55,25,44
27,14,44,17,35,31,18,19,15,34,16,44,22,8,6,8,13,24,17,15,15,17,17,44,25,22,27,19,29,26,37,33,28,42,11,12,6,25,32,18,33,35,15,15,0,26,38,2,4,16,6,16,15,6,13,14,46,19,43,45,16,16,43,43,17,44,27,20,18,40,44,17,10,42,23,3,15,14,34,22,6,16,16,47,44,6,22,21,13,44,12,6,35,27,18,13,44,17,45,20,10,18,10,28,13,45,8,17,20,23,13,21,40,34,44,44,29,43,14,31,30,16,21,17,16,41,17,21,29,21,15,23,32,45,19,17,15,25,27,18,46,31,21,20,32,19,35,37,45,44,47,22,38
12,22,30,22,35,31,26,35,20,29,29,30,21,26,29,20,17,34,19,25,21,22,22,27,22,26,12,25,46,24,20,27,23,26,24,21,29,41,21,18,19,18,15,34,27,0,24,27,27,21,29,17,20,29,20,19,32,14,29,31,21,19,28,29,20,30,12,18,23,25,30,19,26,27,22,26,34,23,21,22,28,32,21,33,30,29,39,19,34,30,21,29,36,11,22,33,30,22,31,35,20,19,23,8,29,34,31,20,26,23,34,20,27,18,30,30,24,29,35,15,20,21,21,16,30,27,19,8,16,39,20,12,19,34,21,27,21,14,43,22,32,15,13,14,11,32,35,23,30,30,30,22,21
24,35,11,36,31,28,30,43,34,21,37,10,34,38,41,34,29,48,33,32,35,36,36,18,19,29,21,39,60,38,13,16,17,25,33,34,39,54,11,23,9,18,29,43,39,24,0,40,39,35,38,31,34,39,34,33,12,27,11,13,35,33,9,9,33,10,25,31,37,23,12,33,36,8,36,40,43,31,10,35,38,42,35,14,11,40,53,22,43,10,35,42,32,20,36,42,11,36,12,42,34,33,37,20,38,16,42,34,40,23,43,21,8,20,11,10,18,11,44,18,33,35,23,26,38,9,33,26,30,48,34,26,10,16,25,40,34,28,56,27,14,16,19,20,15,39,32,7,11,12,25,24,10
26,13,44,16,35,31,17,18,14,34,15,44,21,7,5,7,14,23,16,14,14,16,16,43,25,21,27,18,28,25,36,34,28,41,10,11,5,24,32,19,33,34,14,14,2,26,39,0,3,15,6,15,14,5,13,13,46,18,44,46,15,15,43,43,16,45,26,19,17,40,45,16,9,42,22,2,14,13,35,21,5,15,15,48,45,5,21,21,12,44,11,5,36,26,17,12,44,16,46,19,9,17,9,27,12,46,7,16,19,24,12,21,40,33,45,45,29,43,13,30,30,15,21,18,15,42,16,21,28,20,14,22,33,46,20,16,14,24,27,19,47,30,21,20,31,18,35,38,45,45,46,22,37
27,14,44,17,33,30,15,16,15,33,13,44,22,6,3,8,15,24,17,13,15,17,17,44,25,20,27,19,26,26,37,33,28,42,8,12,3,24,32,18,33,35,15,12,4,27,39,3,0,16,4,16,15,3,13,14,46,19,44,46,16,16,43,43,17,45,27,20,18,40,44,17,7,42,23,3,12,11,35,22,4,14,16,48,45,4,19,21,10,44,12,4,34,27,18,11,44,17,46,18,9,18,10,28,10,46,5,17,20,22,10,21,40,34,45,45,29,43,11,31,30,16,20,18,13,41,17,22,29,18,15,23,33,46,18,17,15,25,26,17,47,31,21,20,32,17,34,37,45,45,47,21,38
21,7,41,7,44,41,29,30,5,41,27,41,13,19,17,9,21,19,9,26,6,6,4,38,32,33,22,8,32,17,32,41,36,36,22,7,17,25,35,27,32,29,9,23,16,22,36,15,15,0,18,10,4,17,5,3,43,13,41,43,1,8,40,40,6,42,22,14,5,35,42,6,21,39,14,15,23,25,35,14,17,25,3,45,42,18,25,29,21,41,6,18,45,21,7,22,41,6,43,31,11,11,9,22,24,45,19,6,9,33,21,29,38,29,42,42,37,40,22,26,23,6,31,23,27,38,9,19,23,26,5,18,33,46,31,11,5,19,27,30,44,26,26,25,26,30,45,34,42,42,41,32,32
30,17,44,20,33,29,15,16,18,32,13,44,25,5,5,11,15,27,20,12,18,19,19,46,24,19,30,22,29,28,38,33,28,44,8,14,2,27,32,17,32,37,18,14,7,28,38,6,4,19,0,19,18,3,16,17,46,22,43,45,19,19,43,43,19,44,30,22,20,43,44,19,7,42,25,6,14,11,34,25,3,13,19,47,44,6,22,21,13,44,15,6,34,29,21,13,44,20,45,17,12,21,13,31,10,45,5,20,23,22,13,20,39,37,44,44,29,43,14,34,33,19,19,17,13,41,20,22,31,20,18,26,32,45,18,19,18,27,29,17,46,34,21,19,32,16,33,37,45,44,50,20,40
17,10,37,8,39,36,29,30,8,36,27,37,9,19,17,8,16,22,4,27,9,8,8,34,27,30,17,13,34,13,27,36,31,31,21,9,17,29,30,23,27,24,3,25,15,17,31,15,15,10,18,0,8,17,8,7,39,7,36,38,9,6,35,36,7,37,17,8,9,30,37,7,21,34,10,15,25,22,31,10,17,27,8,40,37,18,28,24,23,37,9,18,40,16,8,23,37,7,38,31,8,4,11,17,24,41,19,8,14,28,23,24,34,24,37,37,32,36,24,21,18,7,26,18,27,34,4,14,17,27,8,12,29,41,26,15,7,13,31,26,39,21,21,20,21,30,40,30,37,37,37,27,27
20,5,40,5,43,40,28,29,2,40,26,40,11,18,16,8,20,19,6,25,5,4,4,37,31,32,21,10,31,14,31,40,34,35,21,6,16,25,34,26,31,28,8,23,14,20,35,13,14,4,17,8,0,16,4,2,42,12,40,42,4,4,39,39,2,40,20,12,5,34,40,2,20,38,11,13,23,24,34,11,16,24,3,43,41,16,25,28,21,40,5,16,44,20,5,21,40,4,42,30,10,8,8,21,23,44,18,3,10,32,21,28,37,28,41,40,35,39,22,24,20,4,30,21,26,37,6,18,21,25,1,17,32,44,30,11,3,18,27,29,43,25,25,24,25,29,44,33,41,40,40,31,31
29,16,45,19,34,30,16,17,17,33,14,45,24,6,4,10,16,26,19,13,17,18,19,46,25,20,29,21,28,27,39,33,28,43,9,14,2,25,32,18,33,37,17,14,6,29,39,5,3,18,3,18,17,0,15,16,46,21,44,46,18,18,43,44,18,45,29,21,20,42,45,18,7,42,24,5,13,11,35,24,4,14,18,48,45,5,21,21,11,45,14,5,34,28,20,12,45,19,46,18,11,20,12,30,11,46,3,19,22,22,12,21,40,36,45,45,29,44,12,33,32,18,20,18,14,42,19,23,31,19,17,25,33,46,19,18,17,27,27,18,47,33,21,20,32,17,34,38,45,45,49,21,39
19,4,39,6,42,39,26,27,4,39,25,39,12,17,14,6,18,18,8,24,3,5,5,36,30,31,20,9,31,16,30,39,34,34,19,4,14,24,33,26,30,27,7,22,13,20,34,12,13,5,15,8,4,14,0,3,41,11,39,41,5,7,38,38,5,40,20,12,6,33,40,5,18,37,13,12,22,22,33,13,15,24,5,43,40,15,24,27,20,39,3,15,43,19,7,20,39,6,41,29,8,10,7,20,21,43,16,5,10,31,20,27,36,27,40,40,35,38,21,24,22,5,29,21,24,36,8,17,21,24,4,16,31,44,28,10,4,17,26,27,42,24,24,23,24,28,43,32,40,40,39,30,30
19,4,39,5,42,38,26,27,3,38,24,39,12,16,14,6,18,17,7,24,3,5,5,35,30,31,19,8,30,15,29,38,33,33,19,4,14,23,32,25,29,26,7,22,13,19,33,12,13,4,15,8,3,14,2,0,40,11,38,40,4,6,37,38,5,39,19,11,6,32,39,5,18,36,12,12,21,22,33,12,15,23,4,42,39,15,23,26,19,39,3,15,42,18,6,20,39,5,40,29,8,9,6,19,21,43,16,5,9,30,19,26,35,26,39,39,34,38,20,23,21,4,28,20,24,36,7,16,20,24,3,15,31,43,28,9,3,16,25,27,41,23,23,23,23,28,42,32,39,39,38,29,29
32,43,6,43,40,36,38,50,41,28,44,5,41,45,48,41,37,55,40,40,42,43,43,18,27,37,28,46,67,45,21,22,26,29,40,42,46,62,19,31,16,26,36,50,47,31,12,47,46,42,46,38,41,46,41,40,0,35,5,3,42,40,5,5,40,9,32,39,44,27,8,40,43,5,43,47,50,39,17,43,45,49,42,10,8,47,60,29,50,4,42,49,40,27,43,50,5,43,3,50,41,40,44,27,46,19,49,41,47,32,50,29,14,27,4,5,25,6,51,26,40,42,31,34,45,14,40,33,37,56,41,33,18,20,33,47,41,35,64,34,4,24,27,27,22,47,40,14,3,4,28,32,21
14,13,34,14,37,33,27,32,12,34,29,33,10,21,21,12,16,26,10,25,13,13,13,30,25,28,14,17,38,14,24,33,28,28,21,13,20,32,27,20,24,21,6,29,19,14,28,18,19,13,21,7,12,21,12,11,35,0,33,35,13,11,32,33,11,34,14,7,14,27,34,11,21,31,11,18,29,21,28,11,21,29,13,37,34,21,31,21,27,34,13,21,38,13,12,27,34,12,35,33,12,8,15,14,26,38,23,12,18,25,27,22,30,21,34,34,29,33,28,18,15,13,23,15,29,31,9,11,13,31,12,8,26,38,23,18,12,9,35,24,36,18,18,18,18,32,37,27,34,34,33,24,24
29,40,2,41,37,34,35,48,39,26,42,3,39,42,45,39,34,53,38,38,39,40,40,19,25,34,25,44,65,43,18,21,23,30,38,39,43,59,17,29,14,23,34,48,44,29,11,44,44,40,43,36,39,44,38,38,5,32,0,4,39,37,3,3,38,6,30,36,41,28,5,38,41,4,40,45,48,36,15,40,42,46,40,11,5,45,58,27,48,3,39,47,38,24,41,47,1,40,5,48,38,37,42,25,43,16,47,38,44,29,48,26,11,25,2,2,23,2,49,23,38,40,28,31,43,12,37,30,35,53,39,30,15,18,30,45,39,32,61,32,6,21,24,25,19,44,38,12,4,4,29,29,20
31,42,6,43,39,36,37,50,41,28,44,6,41,44,47,40,36,55,40,39,41,42,42,20,27,36,27,46,66,44,20,22,25,31,40,41,45,61,18,30,16,25,36,50,46,31,12,46,46,42,45,38,40,46,40,40,3,34,4,0,41,39,6,6,40,8,32,38,43,29,5,40,43,5,42,47,49,38,17,42,44,48,41,12,7,47,60,29,49,5,41,49,40,26,42,49,5,42,5,49,40,39,44,27,45,16,48,40,46,31,50,28,13,27,4,5,25,5,51,25,40,42,30,33,45,14,39,32,36,55,41,32,17,18,32,47,41,34,63,34,3,23,26,27,21,46,39,14,5,3,30,31,22
21,6,41,6,44,40,29,30,4,41,27,41,13,19,17,8,21,18,8,26,6,6,5,38,32,33,22,8,31,16,31,40,35,36,22,7,16,25,35,27,32,29,9,23,15,21,35,14,15,1,17,10,4,17,5,3,43,13,40,42,0,7,40,40,6,41,21,13,5,34,41,6,21,39,14,14,23,24,35,13,17,24,3,44,41,17,24,29,21,41,6,17,45,21,7,21,41,6,42,31,10,10,9,22,24,45,19,6,9,33,21,29,38,28,41,41,36,40,22,25,22,5,30,22,27,38,8,19,23,25,4,17,33,45,30,11,4,19,27,29,43,25,26,25,26,30,44,34,42,41,41,32,32
19,9,39,6,42,38,29,30,4,39,27,39,8,19,17,9,19,22,3,27,8,5,5,36,30,33,19,13,34,12,29,38,33,34,22,7,17,28,33,25,30,27,7,25,16,19,33,15,16,8,18,5,4,17,7,6,41,11,38,40,7,0,38,38,3,39,19,10,6,32,39,3,21,37,9,15,25,24,33,9,18,26,6,42,39,18,27,27,23,39,8,18,43,19,6,23,39,5,40,32,9,6,9,20,24,43,19,5,14,30,23,27,36,26,39,39,34,38,24,23,18,5,28,20,27,36,3,17,19,27,4,15,31,43,28,14,4,15,30,29,41,23,23,23,24,31,42,32,40,39,39,30,30
29,39,3,40,36,33,34,47,38,25,41,2,38,42,45,38,33,52,37,37,39,40,40,17,24,34,25,43,64,42,18,19,22,28,37,39,43,58,16,28,13,22,33,47,43,28,8,44,43,39,42,35,38,43,38,37,5,32,3,6,39,37,0,2,37,9,29,35,41,26,8,37,40,1,40,44,47,36,14,39,42,46,39,9,8,44,57,26,47,2,39,46,37,24,40,47,3,40,5,47,38,37,41,24,43,18,46,38,44,29,47,26,10,24,3,3,22,4,48,23,37,39,28,31,42,11,37,30,34,53,38,30,14,18,30,44,38,32,61,31,8,21,23,24,19,43,37,10,4,6,27,29,18
29,40,3,40,37,33,35,47,38,25,41,1,38,42,45,38,34,52,37,37,39,40,40,17,24,34,25,43,64,42,18,19,23,28,37,39,43,59,16,28,13,23,33,47,44,28,9,44,43,39,43,35,38,43,38,37,5,32,3,6,39,37,2,0,38,8,29,36,41,26,7,37,40,2,40,44,47,36,14,40,42,46,39,9,7,44,57,26,47,2,39,46,37,24,40,47,2,40,4,47,38,37,41,24,43,18,46,38,44,29,47,26,11,24,2,2,22,3,48,23,37,39,28,31,42,11,37,30,34,53,38,30,15,18,30,45,38,32,61,31,7,21,24,24,19,44,37,11,3,6,27,29,18
20,7,39,6,42,39,30,30,2,39,28,39,9,20,18,9,19,20,4,27,7,5,5,36,31,33,20,11,33,13,30,39,34,34,23,7,17,27,33,26,30,27,7,25,16,20,34,15,16,6,18,6,2,18,5,4,41,11,39,41,6,3,38,38,0,40,20,11,6,33,40,2,21,37,10,15,25,25,33,10,18,26,5,43,40,18,26,27,23,39,7,18,43,19,6,23,39,5,41,32,10,7,10,20,25,43,19,4,12,31,23,27,36,27,40,40,35,38,23,24,19,5,29,21,28,37,4,17,20,27,2,16,31,44,29,12,3,16,29,29,42,24,24,24,24,31,43,33,40,40,39,30,30
29,39,7,40,36,33,34,47,38,25,41,8,38,42,45,38,33,52,37,37,39,40,40,22,24,34,25,43,64,42,18,19,22,32,37,39,43,58,16,28,13,22,33,47,43,28,8,44,43,39,42,35,38,43,38,37,9,32,6,8,39,37,9,8,37,0,29,35,41,30,7,37,40,8,40,44,47,36,14,39,42,46,39,14,4,44,57,26,47,9,39,46,37,24,40,47,7,40,10,47,38,37,41,24,43,18,46,38,44,29,47,26,10,24,8,8,22,6,48,23,37,39,28,31,42,11,37,30,34,53,38,30,14,18,30,44,38,32,61,31,9,21,24,24,19,43,37,11,9,7,32,29,18
3,21,31,21,41,38,32,41,19,36,35,31,20,30,28,19,23,33,18,31,20,21,21,28,29,32,6,24,45,20,21,32,31,26,30,20,28,40,25,24,22,19,14,36,26,12,26,26,26,20,29,16,19,28,19,18,33,13,31,32,20,18,30,30,19,31,0,14,22,25,31,18,30,29,20,25,36,29,25,20,28,37,20,34,32,28,38,26,34,31,20,28,42,8,21,34,31,21,33,41,19,18,22,12,35,35,30,19,25,30,34,26,28,19,32,31,31,30,35,15,12,20,27,22,36,28,18,14,9,38,19,9,23,35,27,26,20,9,42,28,34,16,21,21,16,38,42,24,32,31,31,29,22
11,14,38,12,41,37,31,34,12,37,31,37,8,23,21,12,19,26,8,28,13,12,12,34,29,32,14,17,38,12,28,37,32,32,24,13,21,33,31,24,28,25,6,29,19,17,32,19,19,14,22,7,12,21,12,11,39,7,37,39,13,10,36,36,11,38,14,0,13,31,38,11,24,35,9,19,29,25,31,9,21,31,12,41,38,22,32,25,27,37,13,22,41,17,10,27,37,10,39,35,12,6,15,18,28,41,23,12,18,29,27,25,34,25,38,38,33,37,28,22,12,11,27,19,31,35,9,15,10,31,12,8,29,42,27,19,11,6,35,28,40,22,22,22,22,34,41,31,38,38,37,28,28
24,9,44,5,47,43,31,31,6,43,29,43,12,21,19,11,23,19,7,29,8,5,3,40,35,36,24,9,32,16,34,43,38,38,24,9,19,26,37,30,34,31,11,24,18,24,38,17,18,5,20,9,6,19,7,5,45,15,43,45,6,7,42,43,7,44,24,13,0,37,44,7,23,41,13,17,24,27,38,13,19,25,5,47,44,20,25,31,22,44,8,19,47,23,6,22,44,5,45,32,13,9,11,24,26,48,21,8,9,35,22,31,40,31,44,44,39,43,23,28,21,4,33,25,29,41,8,21,23,26,6,20,36,48,33,12,5,19,28,32,46,28,28,28,28,33,47,37,44,44,43,34,34
23,34,28,35,45,42,40,51,33,37,45,27,33,44,42,33,35,47,32,41,34,35,35,10,31,40,20,38,59,37,17,33,31,4,40,33,41,53,26,34,23,10,28,50,40,24,22,39,40,34,42,30,33,42,33,32,27,26,28,29,34,32,26,26,32,31,24,30,36,0,32,32,43,25,35,39,50,39,26,34,42,48,34,19,32,42,52,32,48,27,34,42,46,19,35,48,28,35,26,51,33,32,36,19,45,36,44,33,39,36,48,32,29,9,28,28,32,29,48,15,32,34,34,32,46,29,32,28,29,52,33,25,24,36,36,39,33,27,55,37,30,12,28,29,17,48,45,25,27,30,10,35,13
30,41,6,42,38,35,36,49,40,27,43,7,40,43,46,39,35,54,39,38,40,41,41,24,26,35,26,45,66,43,19,21,24,33,39,40,44,60,18,29,15,24,35,49,45,30,11,45,45,41,44,37,40,45,39,39,8,33,5,6,40,38,8,7,39,7,31,37,42,32,0,39,42,8,41,46,48,37,16,41,43,47,40,15,6,46,59,28,48,8,40,48,39,25,41,48,6,41,8,49,39,38,43,26,44,13,47,39,45,30,49,27,12,26,6,6,24,5,50,24,39,41,29,32,44,13,38,31,36,54,40,31,16,15,31,46,40,33,62,33,6,22,25,26,20,45,38,13,8,4,34,30,21
19,7,39,6,42,39,29,30,2,39,28,39,9,20,18,9,19,20,5,27,7,6,6,36,30,33,20,11,33,13,30,39,33,34,23,7,17,27,33,25,30,27,7,25,16,19,34,15,16,6,18,6,2,18,5,4,41,11,39,41,6,3,38,38,1,39,19,11,7,33,39,0,21,37,10,15,24,24,33,10,18,26,5,42,40,18,26,27,23,39,7,18,43,19,6,23,39,5,41,32,10,7,10,20,25,43,19,4,12,31,23,27,36,27,40,39,34,38,23,23,19,5,29,20,27,36,4,17,20,27,2,16,31,43,29,12,4,17,29,29,42,24,24,23,24,31,43,32,40,39,39,30,30
31,20,42,23,32,28,14,15,21,31,12,42,27,4,9,14,12,30,23,11,20,22,22,44,22,18,32,25,33,31,36,31,26,44,4,17,7,31,29,16,30,36,21,13,10,25,36,9,7,22,7,22,20,8,19,20,43,22,41,43,21,22,40,41,22,42,31,25,23,43,42,22,0,39,28,9,13,10,32,28,6,12,21,45,42,8,26,18,13,42,17,10,33,31,23,13,42,22,43,16,15,24,15,30,9,43,10,22,25,21,14,18,37,37,42,42,26,41,15,35,35,22,18,15,12,39,22,19,33,19,21,28,30,43,17,22,21,29,33,16,44,34,18,17,29,15,32,35,42,42,48,19,38
28,38,3,39,35,32,33,46,37,24,40,3,37,41,44,37,32,51,36,36,38,39,39,16,23,33,24,42,63,41,17,18,21,27,36,38,42,57,15,27,12,21,32,46,42,27,7,43,42,38,41,34,37,42,37,36,5,31,4,6,38,36,1,2,36,9,28,34,40,25,8,36,39,0,39,43,46,35,13,38,41,45,38,8,8,43,56,25,46,3,38,45,36,23,39,46,3,39,4,46,37,36,40,23,42,17,45,37,43,28,46,25,9,23,3,3,21,4,47,22,36,38,27,30,41,10,36,29,33,52,37,29,13,17,29,43,37,31,60,30,7,20,23,23,18,42,36,9,3,5,26,28,17
18,15,42,11,44,41,34,36,11,41,34,42,3,26,24,15,23,28,8,32,14,11,11,39,33,36,21,19,40,6,32,41,36,36,28,13,23,34,35,28,32,30,10,31,22,22,36,21,22,14,24,10,11,24,13,12,44,11,41,43,13,9,40,41,10,42,20,9,12,35,42,10,27,40,0,21,31,29,36,3,24,33,11,45,42,24,34,29,29,42,14,24,45,21,9,30,42,10,43,38,15,8,16,23,31,46,25,12,20,33,29,29,39,29,42,42,37,41,30,26,12,10,31,23,33,39,9,19,15,34,11,14,34,46,31,20,11,13,36,32,44,26,26,26,26,37,45,35,42,42,42,32,32
25,12,45,15,36,32,17,18,13,35,16,45,20,8,5,6,15,22,15,15,13,14,15,42,27,22,25,17,26,23,35,35,30,39,11,10,5,23,34,20,34,33,13,15,4,25,39,3,4,14,6,14,13,6,11,12,47,17,44,46,14,14,44,44,14,45,25,17,16,38,45,14,9,43,21,0,14,13,36,20,6,16,14,48,45,6,20,23,13,45,10,6,36,25,16,13,45,15,46,20,7,16,8,26,13,47,7,15,18,24,13,23,42,32,45,45,31,44,13,29,28,14,22,19,15,42,15,20,27,20,13,21,34,47,20,14,13,23,25,20,47,29,23,21,30,19,36,38,46,45,45,23,35
37,20,48,25,37,33,19,12,23,37,13,48,31,14,12,18,20,26,26,17,19,25,25,50,29,23,37,22,28,34,43,37,32,51,13,20,14,26,36,22,37,43,25,5,16,33,43,15,12,23,14,26,23,13,22,22,50,29,48,49,23,25,47,47,25,48,37,29,24,50,48,25,13,46,31,15,0,15,38,31,14,2,24,52,49,15,21,25,5,48,21,9,38,36,26,3,48,25,50,14,19,28,16,36,8,50,15,25,23,26,5,25,44,44,49,48,33,47,6,41,40,24,24,22,12,45,26,27,38,13,23,33,37,50,22,19,24,34,28,21,51,41,25,24,36,16,37,41,49,48,55,25,44
29,23,37,26,24,21,11,17,24,23,11,37,26,10,13,16,9,33,23,7,23,25,25,39,16,12,29,28,37,30,31,24,19,40,6,20,11,35,23,8,25,32,18,15,14,21,31,13,11,25,11,21,23,12,22,22,38,19,36,38,24,22,35,36,23,37,29,23,26,39,37,23,8,34,27,13,15,0,25,27,10,14,24,40,37,12,30,12,15,37,20,14,25,29,25,15,37,25,38,17,15,23,18,25,11,36,14,23,28,13,15,12,31,33,37,37,20,36,16,32,33,25,10,10,12,34,22,16,31,21,24,25,25,36,9,25,24,27,37,8,39,29,14,13,25,14,25,29,37,37,44,11,33
24,35,15,35,26,22,25,38,33,15,31,15,33,33,36,33,25,47,32,27,34,35,35,24,14,24,20,38,59,37,13,9,12,27,29,34,34,54,5,18,6,18,28,39,35,21,10,36,35,34,34,30,33,35,33,32,17,27,15,17,34,32,14,14,33,15,24,31,36,26,16,32,32,13,35,36,39,26,0,35,34,37,34,19,16,36,52,16,39,15,34,38,27,19,35,38,16,35,17,37,33,32,36,19,34,14,38,33,39,18,39,16,8,19,16,15,12,15,40,18,32,34,18,22,32,11,32,22,29,44,33,25,4,13,20,40,33,27,56,21,18,16,15,16,14,34,26,6,16,16,29,19,16
18,15,41,11,44,41,34,36,11,41,33,41,3,25,23,15,23,28,7,32,14,10,11,38,32,35,21,19,40,5,32,41,35,36,28,13,23,34,35,27,32,29,10,31,22,22,36,21,21,13,24,10,11,23,13,11,43,11,41,43,13,8,40,40,10,42,20,9,12,35,42,10,27,39,3,21,31,28,35,0,23,32,11,45,42,24,33,29,29,41,14,24,45,21,9,29,41,9,43,37,15,8,15,22,30,45,25,11,19,33,29,29,38,29,42,42,36,40,30,26,12,10,31,22,33,38,8,19,15,33,11,14,33,46,30,20,10,13,36,31,44,26,26,25,26,37,45,34,42,42,41,32,32
28,15,44,18,33,29,15,16,16,32,13,44,23,5,5,9,15,25,18,12,16,18,18,45,24,19,29,20,29,27,38,33,28,43,8,13,3,26,32,17,32,36,16,14,5,28,38,4,3,17,3,17,16,3,15,15,46,20,43,45,17,18,43,43,18,44,28,21,19,42,44,18,7,42,24,4,14,11,34,24,0,13,17,47,44,4,22,21,13,44,13,6,34,28,19,13,44,18,45,17,11,20,11,29,10,45,6,18,21,22,13,20,39,36,44,44,28,43,13,32,32,17,19,17,13,41,18,22,30,20,16,25,32,45,18,18,16,26,28,17,46,33,21,19,31,16,33,37,44,44,48,20,39
38,21,47,27,36,32,18,11,25,35,11,47,32,13,13,19,19,28,27,15,21,26,26,49,28,22,38,24,29,36,41,36,31,50,11,22,13,27,35,20,35,42,26,6,16,31,41,15,13,25,13,27,25,14,24,24,49,29,46,48,24,27,46,46,26,47,38,31,25,49,47,26,12,45,33,15,2,14,37,33,13,0,26,50,47,15,22,24,6,47,22,10,36,38,28,5,47,27,48,12,21,29,18,35,7,48,17,27,25,25,7,23,43,42,47,47,32,46,8,41,41,26,22,20,11,44,27,25,40,14,25,34,35,48,21,21,25,36,29,20,49,39,24,22,35,15,36,40,48,47,54,24,43
21,6,41,5,44,40,29,30,3,41,27,41,11,19,17,8,21,19,6,26,6,4,3,38,32,33,21,10,32,15,31,40,35,35,22,7,16,26,34,27,32,29,9,24,15,21,35,14,15,3,17,8,3,17,4,3,43,13,40,42,3,6,40,40,5,41,21,13,4,34,41,5,20,39,12,14,24,24,35,12,17,25,0,44,41,17,25,29,22,41,6,17,45,21,5,22,41,4,42,31,10,9,9,22,24,45,19,6,10,32,22,29,38,28,41,41,36,40,23,25,21,4,30,22,27,38,7,19,22,26,3,17,33,45,30,12,3,18,28,29,43,25,25,25,26,30,44,34,42,41,41,32,31
33,44,10,45,41,37,39,52,43,29,46,10,43,46,49,42,38,57,42,41,43,44,44,10,29,38,29,48,69,46,19,24,27,21,42,43,47,63,20,32,18,20,38,52,48,33,13,48,48,44,47,40,43,48,42,42,10,36,11,12,43,41,9,9,42,15,34,40,45,19,15,42,45,8,44,49,51,40,18,44,46,50,43,0,14,49,62,31,51,10,43,51,42,28,44,51,11,44,9,52,42,41,46,29,47,22,50,42,48,33,52,30,15,23,10,10,26,12,53,27,42,44,32,35,47,15,41,34,39,57,43,34,19,22,34,49,43,36,65,36,13,23,28,29,23,48,41,15,10,13,20,33,14
30,41,6,42,38,35,36,49,40,26,43,7,40,43,46,40,35,54,39,39,41,41,42,23,26,35,27,45,66,44,19,21,24,34,39,40,45,60,18,30,15,24,35,49,45,30,10,46,45,41,44,37,40,45,39,39,8,33,5,7,41,39,8,7,39,4,31,37,43,32,6,39,42,8,41,46,49,37,16,41,44,47,41,14,0,46,59,28,49,8,41,48,39,26,42,48,6,41,9,49,39,38,43,26,44,17,48,40,45,30,49,28,12,26,7,7,23,5,50,24,39,41,30,32,44,12,38,31,36,54,40,32,16,18,32,46,40,33,62,33,8,22,25,26,21,45,39,12,8,6,33,31,20
29,16,46,19,35,31,17,17,17,34,15,45,24,7,5,10,16,26,19,14,17,19,19,46,26,21,29,21,29,27,39,34,29,43,10,14,4,27,33,19,34,37,17,16,6,29,40,5,4,18,5,18,17,4,15,16,47,21,45,47,18,18,44,44,18,46,29,22,20,42,46,18,8,43,25,5,15,12,36,24,5,15,18,49,46,0,23,22,13,45,14,7,35,29,20,14,46,19,47,19,11,20,12,30,12,47,7,19,22,23,13,22,41,36,46,46,30,45,14,33,32,18,21,19,15,43,19,24,31,21,17,25,34,47,19,18,17,27,29,19,48,33,22,21,33,18,35,39,46,46,49,22,39
36,18,56,24,48,45,31,24,22,47,25,55,30,21,15,17,27,23,25,28,18,23,24,52,39,35,36,21,13,33,46,47,42,50,24,19,18,18,46,32,46,43,24,15,18,36,50,17,16,22,19,25,22,17,21,21,57,28,55,57,21,24,54,54,23,56,36,28,22,49,56,23,22,53,30,17,18,26,48,30,19,19,23,59,56,19,0,34,16,55,20,13,49,35,25,16,55,24,57,25,18,27,15,36,21,59,19,24,22,37,15,35,52,43,56,56,43,54,14,40,39,23,35,30,25,53,25,31,37,15,22,32,46,59,33,16,22,33,20,32,58,40,35,33,40,29,49,49,56,56,55,36,46
26,29,27,31,19,16,12,24,29,15,18,27,28,20,23,23,13,39,27,14,29,30,30,30,6,12,25,34,47,32,22,15,9,33,15,27,21,43,14,5,16,24,23,25,21,18,21,22,21,30,20,25,29,21,28,28,29,22,27,29,29,27,26,26,28,28,26,25,31,32,28,28,18,25,29,22,25,13,16,29,20,24,30,31,28,22,40,0,25,27,27,24,20,24,30,25,27,30,29,24,22,26,25,20,21,27,24,28,34,8,25,4,21,26,28,28,10,26,26,24,32,30,6,11,19,24,26,13,28,31,29,23,16,27,8,32,29,24,45,9,30,22,8,7,19,21,20,20,28,28,35,7,23
35,18,48,24,37,33,19,12,22,37,13,48,29,14,10,16,20,24,24,17,18,23,23,50,29,23,35,21,26,32,43,37,32,49,13,19,12,24,36,22,37,42,23,5,14,33,43,13,10,21,13,24,21,11,20,20,50,27,48,49,21,23,47,47,23,48,35,27,22,48,48,23,13,46,30,13,5,15,38,29,13,6,22,52,49,14,19,25,0,48,19,7,38,34,24,2,48,23,50,14,17,26,14,35,8,50,13,23,21,26,4,25,44,42,49,48,33,47,5,39,38,22,24,22,12,45,24,27,36,12,21,31,37,50,22,17,22,32,26,21,51,39,25,24,36,16,37,41,49,48,54,25,44
30,41,4,41,38,34,36,48,39,26,42,2,39,43,46,39,35,53,38,38,40,41,41,18,25,35,26,44,65,43,19,20,24,29,38,40,44,60,17,29,14,24,34,48,45,29,10,45,44,40,44,36,39,44,39,38,4,33,3,5,40,38,2,2,38,9,30,37,42,27,7,38,41,3,41,45,48,37,15,41,43,47,40,10,7,45,58,27,48,0,40,47,38,25,41,48,3,41,4,48,39,38,42,25,44,18,47,39,45,30,48,27,12,25,2,2,23,4,49,24,38,40,29,32,43,12,38,31,35,54,39,31,16,19,31,45,39,33,62,32,7,22,25,25,20,45,38,12,3,5,28,30,19
21,4,41,7,42,38,25,26,5,39,23,41,14,15,13,5,17,19,9,22,5,7,7,37,31,29,21,10,30,17,31,39,34,35,18,3,12,23,34,25,31,28,9,21,11,21,35,10,11,6,13,10,5,13,3,4,43,13,40,42,6,8,39,40,6,41,21,13,8,34,41,6,17,38,14,10,20,21,35,14,13,22,6,44,41,13,23,27,18,41,0,13,43,20,8,19,41,7,42,27,7,11,5,21,20,45,15,7,11,30,19,27,38,28,41,41,35,40,19,25,23,6,28,20,23,38,9,18,22,23,5,17,33,45,26,11,5,18,25,26,43,25,25,23,25,26,42,34,41,41,40,29,31
30,15,47,20,36,33,18,16,18,36,17,47,25,9,3,11,18,21,20,16,14,20,20,47,28,23,31,17,23,29,40,36,31,45,11,15,5,21,35,21,36,38,18,9,7,30,42,6,4,18,6,19,18,5,17,17,49,22,47,49,18,19,46,46,20,48,30,23,19,44,48,20,10,45,26,6,9,14,38,25,7,10,19,51,48,7,16,24,7,47,15,0,37,30,21,7,47,20,49,18,13,21,11,31,12,49,7,20,18,25,7,24,43,37,48,48,32,46,8,34,34,19,23,21,16,45,20,25,32,15,18,27,36,49,21,14,18,28,23,21,50,34,24,23,35,20,37,40,48,48,50,24,41
43,45,38,47,4,10,22,34,45,14,29,38,44,33,36,38,29,55,43,26,45,47,47,44,17,15,40,50,60,48,33,20,16,47,29,42,34,58,24,20,27,38,39,39,36,35,32,36,35,46,34,41,45,35,44,44,40,38,38,40,46,44,37,37,44,38,43,42,48,46,39,44,32,36,45,36,39,25,27,45,34,37,46,41,39,36,54,20,39,38,42,38,0,39,46,38,39,46,39,33,37,42,40,37,34,35,38,45,50,13,39,18,30,40,38,38,18,38,40,38,48,46,18,27,30,33,43,29,45,44,45,39,26,35,19,47,45,40,60,19,41,36,25,24,34,26,1,30,39,39,50,17,36
9,21,26,22,39,36,32,41,20,31,36,26,20,31,28,20,24,34,19,32,21,21,22,23,25,33,5,25,46,24,17,27,26,21,30,20,28,40,20,25,17,14,15,37,26,11,21,26,27,21,29,17,20,28,19,19,28,13,26,28,21,18,25,25,19,26,9,17,23,20,26,19,30,24,21,26,36,29,20,21,29,38,21,30,27,29,39,24,34,26,21,29,40,0,22,35,26,21,28,42,19,18,23,7,36,30,30,20,25,29,35,25,23,14,27,27,27,25,35,11,18,21,27,22,37,23,18,15,14,39,20,11,18,31,28,26,20,13,42,29,29,11,19,20,11,38,40,19,27,27,26,28,17
21,8,42,4,45,42,31,32,5,42,29,42,9,21,19,11,22,21,5,28,8,3,4,39,33,35,23,12,34,12,32,41,36,37,24,9,18,28,36,28,33,30,9,26,17,22,36,16,17,7,19,7,5,19,7,5,44,12,41,43,7,6,41,41,6,42,22,10,5,36,42,6,23,40,9,16,26,27,36,9,19,27,5,45,43,19,27,30,24,42,8,19,46,22,0,24,42,3,44,33,12,6,11,23,26,46,21,7,13,34,24,30,39,30,43,42,37,41,25,26,18,4,31,23,29,39,6,20,19,28,5,17,34,46,31,14,4,16,30,32,44,26,27,26,27,32,46,35,43,42,42,33,33
35,18,47,24,36,33,18,12,22,36,12,47,29,14,10,16,19,24,24,16,18,23,23,50,28,23,35,21,26,32,42,36,31,49,12,19,12,24,35,21,36,42,23,4,14,32,42,13,10,21,13,24,21,11,20,20,49,27,47,49,21,23,46,46,23,48,35,27,22,48,48,23,13,45,30,13,4,14,38,29,13,5,22,51,48,14,19,24,2,47,19,7,37,34,24,0,47,23,49,13,17,26,14,35,7,49,13,23,21,25,4,24,43,42,48,48,32,46,5,39,38,22,23,21,11,45,24,26,36,12,21,31,36,49,21,17,22,32,26,21,50,39,24,23,35,15,37,40,48,48,54,24,43
30,41,2,41,38,34,36,49,40,27,42,2,40,43,46,39,35,53,38,38,40,41,41,19,25,35,26,44,65,43,19,21,24,30,39,40,44,60,17,29,14,24,34,48,45,29,10,45,44,40,44,36,39,45,39,38,5,33,1,5,40,38,3,2,39,7,30,37,42,28,6,38,41,3,41,46,48,37,16,41,43,47,40,11,6,45,58,27,48,3,40,47,39,25,41,48,0,41,5,48,39,38,42,25,44,17,47,39,45,30,48,27,12,26,2,2,24,2,50,24,39,40,29,32,43,12,38,31,35,54,39,31,16,18,31,46,40,33,62,32,6,22,25,26,20,45,38,12,4,4,29,30,20
21,7,42,4,45,41,30,31,4,42,28,42,9,20,18,10,22,20,5,27,7,3,4,39,33,34,22,12,33,12,32,41,36,36,23,8,18,27,35,28,33,30,9,25,16,22,36,15,16,6,18,7,4,18,6,4,44,12,41,43,6,5,41,41,5,42,22,10,5,35,42,5,22,40,10,15,25,26,36,9,18,26,4,45,42,18,27,30,23,42,7,18,46,22,3,23,42,0,43,32,12,6,10,23,25,46,20,6,12,33,23,30,39,29,42,42,37,41,24,26,18,3,31,23,28,39,5,20,19,27,5,17,34,46,31,13,3,16,29,31,44,26,26,26,27,31,45,35,43,42,42,33,32
31,42,6,43,39,36,37,50,41,27,44,5,41,44,47,40,36,55,40,39,41,42,42,17,27,36,27,46,67,44,20,22,25,28,40,41,45,61,18,30,16,25,36,50,46,31,11,46,46,42,45,38,41,46,40,40,3,34,5,5,41,39,5,4,40,10,32,38,43,26,8,40,43,4,42,47,50,38,16,42,44,48,41,9,9,47,60,29,50,4,41,49,40,26,43,49,5,42,0,50,40,39,44,27,45,19,48,40,46,31,50,28,13,27,4,4,24,6,51,25,40,42,30,33,45,13,39,32,37,55,41,32,17,20,32,47,41,34,63,34,6,23,26,27,21,46,39,13,1,6,27,31,20
42,29,48,33,32,28,16,3,31,31,10,48,38,17,19,24,23,35,33,14,28,32,32,50,27,19,42,31,35,41,43,35,30,52,15,27,17,34,34,20,37,44,31,12,20,34,42,19,18,32,17,32,31,18,29,30,50,33,47,49,31,32,47,47,32,48,42,35,32,51,48,32,16,46,38,19,13,17,37,38,16,12,32,51,49,19,28,24,14,48,27,18,32,42,34,13,48,33,50,0,25,34,25,38,11,48,20,32,32,24,13,23,42,45,48,48,31,47,13,44,46,32,21,24,7,45,33,28,44,16,31,38,36,48,20,28,31,40,36,19,50,42,25,24,37,10,32,41,49,48,56,22,44
20,9,40,12,37,34,23,24,10,34,21,39,15,13,11,3,11,20,10,20,10,11,11,36,25,25,20,14,29,18,30,33,28,34,15,6,11,24,31,19,30,27,8,20,9,20,34,9,9,11,12,9,10,11,8,9,41,12,39,41,11,9,38,38,10,40,20,12,12,33,40,10,15,37,16,9,19,17,33,15,11,21,11,43,40,12,22,22,17,39,7,11,38,19,12,18,39,12,41,25,0,11,6,20,18,43,13,10,15,26,18,22,36,27,40,40,29,39,18,24,23,11,23,15,21,37,10,15,21,22,10,16,31,44,22,13,10,17,26,21,42,24,20,18,24,24,37,33,40,40,39,25,30
17,12,38,8,41,38,31,33,8,38,30,38,7,22,20,11,19,25,4,29,11,8,8,35,29,32,19,16,37,11,29,38,32,33,24,10,20,31,32,24,29,26,6,28,18,19,33,17,18,10,20,4,8,20,10,8,40,8,38,40,10,6,37,37,7,39,19,6,9,32,39,7,24,36,8,17,28,24,32,8,20,29,8,42,39,20,30,26,26,38,11,20,42,18,6,26,38,6,40,34,11,0,13,19,27,42,22,9,16,30,26,26,35,26,39,39,33,37,27,23,17,7,28,19,30,35,5,16,15,30,8,13,30,43,27,17,7,12,33,28,41,23,23,22,23,33,42,31,39,39,38,29,29
23,8,43,11,40,36,23,24,9,38,21,43,16,13,11,4,15,19,11,20,8,10,10,40,29,27,24,13,26,19,34,37,32,38,16,5,10,19,35,23,34,31,12,17,9,24,38,8,9,10,11,13,9,11,7,8,45,15,43,45,9,10,42,42,10,44,23,16,11,37,44,10,15,41,16,8,16,19,37,16,11,18,9,47,44,11,19,25,14,43,5,11,41,23,12,15,43,10,45,25,6,13,0,24,18,47,13,10,14,28,15,25,40,31,44,44,33,42,15,28,25,10,26,18,21,40,10,18,25,19,9,20,35,48,24,11,9,21,21,24,46,28,23,22,28,24,40,36,44,44,43,27,34
11,22,25,23,36,33,28,38,21,29,32,25,21,30,30,21,21,35,20,27,22,23,23,22,22,29,8,26,47,25,15,26,23,20,27,22,29,41,19,20,16,13,16,36,28,8,20,27,28,22,30,18,21,30,21,20,27,15,25,26,22,20,24,24,20,25,12,18,24,19,25,20,29,23,23,27,36,25,19,22,30,35,22,29,26,30,40,20,36,25,22,30,37,6,23,36,25,23,27,37,21,20,24,0,32,29,32,21,27,25,36,21,22,13,26,25,24,24,37,11,20,22,23,19,33,22,20,12,17,40,21,13,17,29,24,27,21,15,44,24,27,10,15,15,7,34,36,18,26,25,25,24,16
36,23,44,26,33,29,15,10,24,32,8,44,31,10,12,17,16,29,26,12,22,26,26,46,25,19,36,25,31,35,38,33,28,47,8,21,10,29,32,17,33,39,24,8,13,28,38,12,11,25,10,25,24,11,22,23,46,26,43,45,25,25,43,43,26,44,36,29,27,46,44,26,9,42,32,12,8,11,34,31,10,7,25,47,44,12,24,21,8,44,21,12,33,36,27,7,44,26,45,11,19,27,19,32,0,45,14,26,26,22,8,21,40,40,44,44,29,43,9,38,39,25,19,17,9,41,26,23,38,14,24,32,32,45,18,22,24,34,31,17,46,36,21,20,32,12,33,37,45,44,51,21,40
34,45,16,45,36,32,36,49,43,24,43,17,44,45,48,43,37,57,42,39,44,45,45,30,25,34,30,48,69,47,23,18,22,37,41,44,46,64,17,30,18,28,38,51,47,33,15,47,47,44,46,40,43,47,43,42,18,37,16,16,44,42,17,17,43,18,34,41,46,36,13,42,44,16,45,48,50,38,14,45,45,49,44,22,17,48,62,28,50,18,44,50,36,29,45,50,16,45,19,49,43,42,46,29,46,0,49,43,49,30,51,28,11,29,17,17,21,15,52,28,42,44,30,34,44,10,42,34,39,56,43,35,17,4,32,50,44,37,66,33,17,26,28,28,24,45,36,15,18,15,38,31,24
31,18,47,21,36,33,18,19,19,36,16,47,26,8,5,12,18,28,21,16,19,21,21,48,28,23,32,23,29,30,41,36,31,46,11,16,4,27,35,21,36,39,19,16,8,31,42,7,5,20,5,20,19,3,18,18,49,23,47,49,20,20,46,46,21,47,31,24,22,45,47,21,10,45,27,7,15,14,37,26,7,17,20,51,48,7,23,24,13,47,16,7,37,31,22,14,47,21,49,21,14,22,14,32,13,49,0,21,24,25,14,24,43,38,48,48,32,46,14,35,35,20,23,21,16,44,21,26,33,21,19,28,36,49,21,21,19,29,29,20,50,35,24,23,35,20,37,40,48,48,51,24,42
20,7,40,7,43,39,30,31,3,40,28,40,11,20,18,10,20,20,6,27,7,7,7,37,31,34,20,11,33,15,30,39,34,34,23,8,18,27,33,26,31,28,8,25,16,20,34,15,16,6,18,8,3,18,6,4,42,12,39,41,6,5,39,39,4,40,20,12,8,33,40,4,22,38,12,15,25,25,34,11,18,26,6,43,40,18,27,27,23,40,7,18,44,20,8,23,40,7,41,32,10,9,10,21,25,44,20,0,12,31,23,28,37,27,40,40,35,39,24,24,20,6,29,21,28,37,6,18,21,27,3,16,32,44,29,13,5,18,29,30,42,24,24,24,25,31,43,33,41,40,40,30,30
26,8,46,12,49,45,33,30,11,46,30,46,19,23,20,13,25,17,14,30,8,12,11,43,37,37,26,3,31,22,36,45,40,40,26,12,21,24,39,32,36,33,14,22,19,26,40,18,19,9,21,15,10,21,10,9,48,18,45,47,9,14,44,45,12,46,26,18,10,39,46,12,25,43,20,18,22,29,40,20,21,24,11,49,46,21,24,33,20,46,11,17,49,25,13,21,46,12,47,31,15,16,12,27,25,50,23,12,0,37,20,33,43,33,46,46,41,45,21,30,28,11,35,27,29,43,14,23,27,25,10,22,38,50,35,10,11,23,26,34,48,30,30,30,30,33,49,39,46,46,46,36,36
30,32,30,35,12,8,9,24,33,12,18,30,32,21,24,26,17,42,31,13,33,34,34,33,6,8,30,37,48,36,25,15,10,37,17,30,22,46,16,8,19,27,27,26,23,22,23,24,22,34,22,29,33,23,31,32,32,26,29,31,34,31,28,29,32,30,30,29,35,35,30,32,20,27,33,24,26,13,18,33,21,25,34,33,30,23,41,8,26,30,30,25,13,29,34,26,30,34,31,24,25,30,28,25,22,29,25,32,38,0,26,5,23,29,30,30,11,29,28,27,36,34,5,15,19,27,30,17,32,32,33,27,17,29,7,35,33,28,48,6,32,25,13,12,23,18,12,22,30,30,39,5,27
35,18,48,24,37,34,19,12,22,37,13,48,29,15,10,16,20,24,24,17,18,23,23,51,29,24,35,21,25,33,43,37,32,49,13,19,12,24,36,22,37,43,23,3,14,33,43,13,10,21,13,24,21,12,20,21,50,27,48,50,21,23,47,47,23,49,35,27,22,48,49,23,14,46,30,13,5,15,39,29,13,7,22,52,49,14,18,25,4,48,19,7,38,34,24,4,48,23,50,13,17,26,15,36,8,50,13,23,21,26,0,25,44,42,49,49,33,47,3,39,38,23,24,22,12,46,24,27,36,10,22,31,37,50,22,18,22,33,26,22,51,39,25,24,36,16,38,41,49,49,55,25,44
28,31,29,33,16,13,10,23,31,14,17,29,29,21,24,24,14,41,29,13,31,32,32,31,7,8,27,35,47,34,23,16,10,34,16,28,22,44,15,5,17,25,25,26,23,20,23,23,22,32,21,27,30,22,30,29,31,23,28,30,31,29,27,28,30,29,28,27,33,33,29,29,19,26,31,23,26,12,17,31,21,24,31,32,29,23,41,6,26,29,28,25,17,26,32,25,29,32,30,23,23,28,26,23,21,28,25,30,36,5,26,0,23,27,29,29,11,28,27,25,33,31,2,12,18,26,28,15,30,31,31,24,17,28,4,33,31,26,47,6,31,23,10,9,21,18,17,21,29,29,37,3,25
27,38,12,39,29,26,30,43,37,17,37,12,37,39,42,36,31,50,36,32,37,38,38,23,19,28,23,42,62,40,16,12,16,30,34,37,40,57,11,23,11,21,32,44,40,27,8,41,40,38,39,34,36,40,36,36,14,30,11,13,37,35,11,11,36,12,28,34,39,29,12,36,37,10,38,41,44,31,8,38,39,43,37,15,12,41,56,22,44,12,37,43,30,22,38,44,12,38,13,42,36,35,40,23,39,11,43,36,42,23,44,21,0,23,12,12,14,11,45,21,36,38,23,27,38,7,35,28,32,49,37,28,11,11,25,43,37,30,59,27,14,19,22,21,17,39,30,8,12,12,31,24,17
17,28,26,29,38,35,34,45,27,30,39,25,27,38,36,27,29,41,26,35,28,29,29,14,25,33,14,32,53,31,16,26,25,10,34,27,35,47,19,27,16,6,22,44,34,18,20,33,34,28,36,24,27,36,26,26,27,20,25,27,28,26,24,24,26,26,18,24,30,9,26,26,37,23,28,33,43,33,19,28,36,42,28,23,26,36,46,26,42,25,28,36,39,13,29,42,25,28,27,45,27,25,30,12,39,29,37,27,33,29,42,25,22,0,26,26,26,25,42,9,26,28,27,26,40,23,25,22,23,46,27,19,17,30,29,33,27,20,49,30,28,5,22,22,10,42,39,19,26,26,17,28,15
30,41,3,42,38,35,36,49,40,26,43,2,40,43,46,40,35,54,39,39,41,41,42,19,26,35,27,45,66,44,19,21,24,30,39,40,44,60,18,30,15,24,35,49,45,30,10,46,45,41,44,37,40,45,39,39,4,33,2,4,41,38,3,2,39,8,31,37,43,28,6,39,42,3,41,46,49,37,16,41,44,47,41,10,6,46,59,28,49,2,41,48,39,26,42,48,2,41,4,49,39,38,43,26,44,17,48,40,45,30,49,28,12,26,0,1,23,3,50,24,39,41,29,32,44,12,38,31,36,54,40,31,16,19,32,46,40,33,62,33,6,22,25,26,21,45,39,12,3,4,29,31,19
30,41,3,42,38,34,36,49,40,26,43,2,40,43,46,39,35,53,39,38,40,41,41,18,25,35,26,44,65,43,19,21,24,29,39,40,44,60,17,29,15,24,35,48,45,30,10,45,45,41,44,37,39,45,39,39,5,33,2,5,40,38,3,2,39,8,31,37,42,27,6,38,42,3,41,46,48,37,15,41,43,47,40,10,6,46,59,28,48,2,40,47,39,25,41,48,2,41,4,48,39,38,42,25,44,17,47,39,45,30,49,27,12,26,1,0,23,3,50,24,39,41,29,32,44,12,38,31,35,54,40,31,16,19,31,46,40,33,62,32,7,22,25,26,20,45,38,12,4,5,28,30,19
30,37,23,38,17,13,18,31,36,7,25,23,35,28,31,30,21,47,34,21,37,38,38,29,6,15,26,41,55,39,19,5,3,33,23,34,29,51,10,12,13,23,30,33,30,23,18,30,29,37,29,32,36,29,36,35,25,29,23,25,37,35,21,22,35,23,30,33,39,32,24,35,26,21,37,30,33,20,12,36,28,32,37,26,23,30,48,10,33,23,34,32,18,25,37,33,23,37,24,31,29,34,32,24,29,20,32,36,42,11,33,10,14,25,23,23,0,22,34,24,38,37,12,18,26,17,34,20,35,39,36,29,12,20,14,39,36,31,53,15,26,22,14,13,20,26,17,15,23,24,35,13,22
29,40,2,40,37,33,35,48,39,26,41,3,39,42,45,38,34,52,37,37,39,40,40,20,24,34,25,43,64,42,18,20,23,31,38,39,43,59,16,28,13,23,33,47,44,28,10,44,43,40,43,35,38,44,38,37,6,32,1,5,39,37,4,3,38,6,29,36,41,29,5,37,41,4,40,45,47,36,15,40,42,46,39,11,5,45,57,27,47,4,39,46,38,24,40,47,2,40,6,47,38,37,41,24,43,16,46,38,44,29,47,26,11,25,3,2,23,0,49,23,38,39,28,31,42,11,37,30,34,53,38,30,15,17,30,45,39,32,61,31,7,21,24,25,19,44,37,11,5,5,30,29,19
36,19,49,24,38,35,20,12,22,38,14,49,30,16,11,17,21,25,25,18,18,24,24,52,30,25,36,21,23,33,44,38,33,50,14,19,13,23,37,23,38,43,24,3,15,34,44,14,11,22,14,25,22,12,21,21,51,28,49,51,22,24,48,48,24,50,36,28,23,49,50,24,15,47,30,14,6,16,40,30,14,8,23,53,50,14,17,26,5,49,20,8,39,35,25,5,49,24,51,13,18,27,15,36,9,51,14,24,22,27,3,26,45,43,50,50,34,48,0,40,39,23,25,23,13,47,25,28,37,9,22,32,38,51,23,18,23,33,25,23,52,40,26,25,37,17,39,42,50,50,55,26,45
15,25,25,26,38,35,33,44,24,30,38,25,24,35,33,24,28,38,23,34,25,26,26,20,24,33,11,29,50,28,15,26,24,16,33,25,32,44,18,27,16,11,19,41,31,15,19,30,31,25,33,21,24,33,24,23,27,18,24,26,25,23,24,24,23,25,15,21,27,15,25,23,35,23,26,30,41,32,19,25,33,41,25,28,25,33,43,25,39,25,25,33,39,10,26,39,25,26,26,44,24,23,27,10,38,29,35,24,30,29,39,25,22,9,25,25,25,24,40,0,23,25,27,25,39,22,23,19,20,43,24,16,17,29,29,30,24,18,47,30,27,7,21,21,10,41,38,18,26,25,23,28,15
11,23,40,20,47,43,38,45,19,43,41,40,12,34,32,23,29,36,16,37,23,19,19,37,35,38,15,27,49,12,30,41,38,35,34,22,32,43,34,30,31,28,17,40,30,20,34,30,30,22,33,18,20,32,22,20,42,15,39,41,22,17,39,39,18,40,13,12,20,34,40,18,34,38,12,29,40,34,34,12,32,41,20,43,41,32,42,32,38,40,23,32,48,18,18,38,40,18,41,46,23,17,24,21,39,44,34,20,28,36,38,32,37,27,40,40,39,39,39,24,0,19,33,28,42,37,17,20,6,42,20,12,32,44,33,29,19,10,45,34,42,24,27,27,25,44,47,33,41,40,40,35,31
21,6,41,2,44,40,29,29,3,41,27,41,9,19,17,8,21,19,5,26,6,2,2,38,32,33,21,10,32,13,31,40,35,35,22,6,16,26,34,27,32,29,8,24,15,21,35,14,15,5,17,7,3,17,4,3,43,12,40,42,5,5,40,40,4,41,21,11,3,34,41,5,20,39,10,14,24,24,35,10,17,25,3,44,41,17,25,28,22,41,6,17,45,21,4,22,41,3,42,31,10,7,9,22,24,45,18,6,11,32,22,29,38,28,41,41,36,40,22,25,19,0,30,22,26,38,5,19,20,26,3,17,33,45,30,11,2,16,28,29,43,25,25,25,26,30,44,34,42,41,41,31,31
28,30,30,33,16,13,8,22,31,15,15,30,30,19,22,23,15,40,29,11,30,32,32,32,8,8,29,35,46,34,24,16,11,36,14,27,20,43,16,5,18,26,25,24,21,20,24,21,20,32,19,27,30,20,29,30,32,23,29,31,31,29,29,29,30,30,28,27,33,34,30,29,17,28,31,21,24,11,18,31,19,23,31,33,30,21,39,7,24,30,27,23,17,28,32,23,30,32,31,21,22,28,25,24,19,30,23,30,35,5,24,2,24,28,30,30,12,29,25,26,33,32,0,12,16,27,28,15,30,29,31,25,18,30,3,32,31,26,45,5,32,24,12,11,22,17,17,22,31,30,38,3,26
22,22,32,25,26,22,16,23,23,23,18,32,22,16,19,16,7,33,21,13,23,24,24,34,14,17,23,27,41,26,26,22,17,34,12,20,17,36,20,9,20,26,17,22,17,14,26,18,18,24,17,19,22,18,22,21,34,15,31,33,23,21,31,31,22,32,23,19,25,32,32,21,15,30,23,19,21,10,22,23,16,20,23,35,32,19,34,10,21,32,20,21,27,22,24,21,32,24,33,24,15,20,18,19,17,33,20,22,28,14,22,10,27,26,32,32,18,31,23,25,28,24,12,0,19,29,20,9,24,27,23,19,20,33,12,25,23,20,38,13,34,23,9,7,19,20,26,25,33,32,38,13,28
38,26,44,29,28,25,12,6,27,28,4,44,34,13,15,20,19,33,29,10,26,29,29,46,23,16,39,29,35,38,39,31,26,48,11,24,13,33,30,16,33,40,27,12,16,30,38,15,14,28,13,28,27,14,25,26,46,29,43,45,28,28,43,43,29,44,38,32,30,47,44,29,12,42,35,15,12,13,33,34,13,10,28,48,45,15,28,20,12,44,24,16,29,38,30,11,44,29,46,7,21,30,22,34,9,44,17,29,30,20,12,19,38,41,45,44,27,43,13,40,42,28,17,20,0,41,29,25,40,17,27,34,32,44,16,26,27,36,35,15,46,38,21,20,33,8,29,37,45,44,52,18,40
27,38,12,39,32,29,33,46,37,20,40,12,37,40,43,36,32,51,36,35,37,38,38,24,22,31,23,42,62,40,16,15,19,30,36,37,41,57,14,26,12,21,32,46,42,27,8,42,42,38,41,34,36,42,36,36,14,30,12,14,37,35,11,11,36,12,28,34,39,29,13,36,39,10,38,43,45,34,11,38,40,44,37,15,12,43,56,25,45,12,37,45,33,22,38,45,12,38,13,45,36,35,40,23,41,10,44,36,42,27,46,24,7,23,12,12,17,11,47,21,36,38,26,29,41,0,35,28,32,51,37,28,13,10,28,43,37,30,59,30,15,19,22,23,17,42,33,9,13,13,31,27,17
19,10,39,6,41,38,30,31,6,38,28,39,8,20,18,10,18,23,2,27,9,6,6,36,30,33,19,14,35,11,29,38,33,33,23,7,17,28,32,25,29,27,5,26,16,19,33,15,16,9,18,3,6,18,8,7,41,9,38,40,8,3,38,38,4,39,19,9,7,32,39,4,22,37,9,15,25,24,33,8,18,27,7,42,39,18,28,26,23,39,9,18,42,18,6,24,39,5,40,32,10,5,10,20,25,43,20,6,15,30,24,26,36,26,39,39,34,38,24,23,17,5,28,20,28,36,0,16,18,28,5,14,31,43,28,15,5,14,30,28,41,23,23,23,23,31,42,32,39,39,39,29,29
15,20,31,20,28,25,19,28,19,25,22,31,18,19,24,15,10,32,17,18,19,20,20,30,16,20,16,23,41,22,23,25,20,29,17,18,22,36,20,11,20,22,13,27,21,7,26,21,22,20,22,15,18,23,18,17,33,11,31,32,19,17,30,30,18,31,15,15,21,28,31,17,19,29,19,21,26,15,22,19,21,25,19,35,32,23,34,13,26,31,19,24,29,15,20,26,31,20,33,28,15,16,18,13,22,34,25,18,24,17,27,13,28,22,32,31,20,30,28,19,21,19,15,9,23,28,16,0,17,32,18,12,20,34,15,25,19,13,38,15,34,19,10,9,15,25,29,24,32,31,34,16,24
8,23,37,21,43,40,34,43,21,40,38,37,15,32,30,21,26,35,17,33,22,21,21,34,32,35,11,26,47,15,27,38,34,31,32,22,30,42,30,27,27,24,16,38,28,17,31,28,29,23,31,16,21,30,21,21,39,13,36,38,22,19,35,36,20,37,9,10,22,30,37,20,32,35,15,28,38,31,31,15,30,40,21,40,37,31,41,28,36,37,22,31,44,14,19,37,37,19,38,44,21,15,25,17,37,41,32,21,27,32,36,28,34,24,37,37,35,36,37,21,6,20,30,24,39,34,18,17,0,41,21,8,29,41,30,28,20,7,44,31,39,21,23,24,21,40,44,30,37,37,37,31,27
39,22,54,28,42,39,25,14,26,42,18,54,33,20,17,20,26,29,28,22,22,27,28,56,34,29,39,25,26,37,48,42,37,54,18,23,19,25,41,27,42,47,27,8,21,38,48,20,18,26,20,28,26,19,25,25,56,31,53,55,25,28,52,53,27,54,39,32,26,52,54,27,19,51,34,20,13,20,44,34,19,14,27,57,54,21,19,30,12,54,23,15,43,39,29,12,54,28,55,16,22,30,19,40,14,55,21,28,26,32,10,30,49,46,54,54,38,53,9,43,43,27,29,27,17,51,28,32,41,0,26,35,42,55,28,22,26,37,28,27,56,43,30,29,41,22,43,47,54,54,59,30,50
20,6,40,5,43,40,28,29,2,40,26,40,10,18,16,8,20,19,6,25,5,4,4,37,31,32,21,10,32,14,31,40,35,35,21,6,16,25,34,27,31,28,8,23,15,21,35,14,14,5,17,7,1,16,4,2,42,12,40,42,4,4,39,39,2,41,21,12,5,34,41,2,20,38,11,14,23,24,34,11,16,25,3,44,41,17,25,28,21,40,5,17,44,20,6,22,40,4,42,30,10,8,8,21,23,44,18,3,10,32,21,28,37,28,41,41,36,39,22,25,20,4,30,22,26,38,5,18,21,26,0,17,32,45,30,11,3,18,27,29,43,25,25,24,25,29,44,33,41,41,40,31,31
7,18,32,19,38,35,29,38,17,35,32,32,15,27,25,16,21,30,15,28,17,18,18,29,26,30,9,22,42,15,23,33,29,27,27,17,25,37,26,21,23,20,11,33,23,12,27,23,24,18,26,12,16,25,16,16,34,8,32,34,17,15,31,31,16,33,9,8,19,26,33,16,27,30,15,23,33,26,26,14,25,35,17,36,33,26,36,23,31,32,17,26,39,10,17,32,32,18,34,38,16,13,20,13,32,36,27,16,22,27,31,23,29,20,33,33,30,31,32,17,12,18,25,19,33,30,14,12,8,36,17,0,24,37,25,23,17,4,39,25,35,17,18,18,17,35,39,25,33,33,32,26,23
22,32,16,33,25,22,24,37,31,16,31,16,31,31,34,31,23,45,30,26,32,33,33,21,13,23,18,36,57,35,11,12,11,25,27,32,33,51,4,17,3,15,26,37,33,19,10,34,33,32,32,28,31,33,31,30,18,25,15,17,32,30,14,15,30,16,22,28,34,24,16,30,30,14,33,34,37,25,4,32,32,35,32,19,16,34,50,16,37,16,32,36,26,17,33,36,16,33,17,37,31,30,34,17,32,16,36,31,37,17,37,15,11,17,16,16,12,15,38,15,30,32,17,20,32,13,30,20,27,42,31,23,0,16,19,37,31,25,54,21,18,14,13,14,12,33,26,8,16,16,27,18,13
34,45,18,46,35,32,36,49,44,23,43,19,44,45,48,43,37,57,43,38,44,45,45,31,25,34,30,49,69,47,23,18,21,37,40,44,46,64,17,29,18,28,39,50,46,33,15,47,46,45,45,41,43,46,43,43,20,37,17,18,44,42,18,18,43,19,35,41,46,36,15,43,43,17,45,47,50,37,14,45,45,49,44,22,18,47,63,28,50,19,44,49,36,29,45,49,18,45,20,48,43,42,47,30,45,4,49,43,49,29,50,27,11,30,19,19,20,17,51,28,43,45,29,33,44,10,42,34,39,55,44,35,17,0,31,50,44,37,66,32,18,26,28,27,24,44,35,15,20,16,38,30,24
27,29,30,31,18,15,7,21,29,17,14,30,28,18,21,22,13,39,27,10,29,31,31,32,9,7,27,34,45,32,24,17,12,36,13,26,19,42,16,4,18,26,23,23,20,19,24,20,19,30,18,25,29,19,28,28,32,22,29,31,30,28,29,29,28,30,27,26,32,34,30,28,16,28,29,20,23,10,18,29,18,22,30,33,30,20,38,6,23,30,26,22,19,26,30,22,30,30,31,20,21,26,24,22,18,30,22,29,34,7,23,4,24,28,30,30,13,29,24,26,32,30,3,10,15,27,27,13,28,28,29,23,18,30,0,31,29,24,44,4,32,24,10,9,22,16,18,22,31,30,38,5,26
26,8,46,13,46,42,29,25,11,43,25,46,19,19,15,10,21,13,15,26,8,12,12,43,35,33,26,9,26,23,36,43,38,41,22,11,17,19,39,29,37,34,14,18,15,26,40,14,15,11,17,15,10,17,10,10,48,18,45,47,10,14,45,45,12,46,26,18,11,39,46,12,21,44,20,14,17,25,40,20,17,19,11,49,46,17,19,31,15,46,11,12,47,26,13,16,46,12,47,26,12,17,8,27,20,50,19,12,10,34,16,31,43,33,46,46,39,45,16,30,29,12,32,24,24,43,15,24,28,20,11,22,38,50,30,0,11,24,22,30,48,30,29,28,31,29,46,39,47,46,46,33,37
21,6,41,3,44,40,28,29,2,40,26,40,10,18,16,8,20,19,5,26,5,3,3,37,32,33,21,10,32,13,31,40,35,35,21,6,16,25,34,27,31,28,9,24,15,21,35,14,15,5,17,7,3,16,4,2,42,13,40,42,4,4,39,40,3,41,21,11,4,34,41,4,20,38,11,14,23,24,35,10,16,25,3,44,41,17,25,28,21,41,5,17,44,20,4,22,41,3,42,31,10,7,8,21,23,45,18,5,11,32,21,28,37,28,41,41,36,40,22,25,19,2,30,22,26,38,5,18,20,26,3,17,33,45,30,11,0,17,27,29,43,25,25,25,25,30,44,34,41,41,40,31,31
7,19,35,18,39,36,30,39,17,36,34,34,13,28,26,17,22,31,14,29,18,18,18,31,28,31,10,22,43,13,25,34,30,29,28,18,26,38,28,23,25,22,11,34,24,13,29,24,24,18,27,12,17,26,17,16,36,9,34,36,18,16,33,33,16,35,10,7,19,28,35,16,28,32,13,23,34,27,28,13,26,35,18,38,35,26,36,24,32,34,18,26,40,13,16,32,34,16,36,40,17,12,20,15,33,38,28,17,23,28,32,24,31,22,35,35,31,33,33,19,11,17,26,20,35,32,14,13,7,36,17,4,26,39,26,23,17,0,40,27,37,19,19,20,19,36,40,28,35,35,34,27,25
43,25,63,30,58,55,41,36,28,57,36,63,36,32,26,25,36,29,31,39,24,30,30,60,48,46,44,27,30,40,54,57,52,58,34,26,28,8,55,42,54,51,31,27,28,44,58,27,27,28,29,32,28,28,27,27,65,35,63,65,28,31,62,62,30,64,44,36,28,57,64,30,33,61,37,27,28,37,57,37,30,30,29,67,64,30,24,44,26,63,26,24,59,43,31,27,63,30,65,37,27,34,22,44,31,67,30,30,28,47,27,44,60,51,64,64,53,62,26,48,46,29,44,39,35,60,31,39,45,28,28,40,55,68,43,22,28,41,0,42,66,48,44,42,48,40,59,56,64,64,63,46,54
29,28,32,31,18,14,4,20,29,17,13,32,30,17,20,21,14,38,28,8,28,30,30,35,10,6,29,33,44,34,27,19,14,38,12,25,18,41,19,6,21,28,24,22,19,21,26,19,18,30,17,26,28,18,27,28,34,24,32,34,29,27,31,31,28,32,29,28,31,37,32,28,15,30,32,19,22,9,21,31,17,21,29,36,33,19,37,9,22,32,25,21,18,29,31,21,32,30,34,19,20,28,23,25,17,32,21,28,33,6,22,6,26,30,33,32,15,31,23,29,34,30,5,13,14,29,27,16,31,27,29,25,20,32,3,30,29,27,43,0,35,27,12,11,24,13,18,25,33,32,40,5,28
32,43,7,44,40,37,38,51,42,29,45,8,42,45,48,42,37,56,41,41,42,43,43,21,28,37,28,47,68,46,21,24,26,32,41,42,46,62,20,32,17,26,37,51,47,32,14,47,47,43,46,39,42,47,41,41,4,35,6,3,42,40,8,7,41,9,33,39,44,30,6,41,44,7,43,48,51,39,18,43,45,49,43,12,8,48,61,30,51,7,42,50,41,27,44,50,6,43,6,51,41,40,45,28,46,17,50,41,47,32,51,29,14,28,6,7,26,7,52,26,41,43,31,34,46,15,40,33,38,56,42,33,18,19,33,48,42,35,64,35,0,24,27,28,22,47,41,15,5,3,31,32,23
15,25,22,26,35,32,30,42,24,27,36,22,24,35,33,24,26,38,23,32,25,26,26,14,21,29,11,29,50,28,12,23,21,13,31,25,32,44,15,24,12,5,19,41,31,15,16,30,31,25,33,21,24,33,24,23,24,18,21,23,25,23,21,21,23,22,15,21,27,12,22,23,34,20,26,30,41,30,16,25,33,40,25,22,22,33,43,22,39,22,25,33,35,10,26,39,22,26,23,42,24,23,27,10,36,26,35,24,30,25,39,22,19,5,22,22,22,21,40,8,23,25,23,23,37,19,23,19,20,43,24,16,14,26,25,30,24,18,47,27,24,0,19,20,7,39,35,15,22,22,17,24,11
21,26,25,27,24,21,16,26,25,19,19,25,25,20,23,21,12,37,24,15,26,27,27,27,11,17,20,30,46,29,19,19,14,29,15,25,21,41,14,8,13,21,20,25,21,13,19,22,21,26,20,22,25,21,25,24,27,19,24,26,26,24,24,24,24,25,21,22,28,28,25,24,18,23,27,22,25,14,15,26,20,24,26,28,25,22,39,7,25,25,25,24,25,19,27,25,25,27,26,25,20,24,23,15,21,27,24,25,31,13,25,9,21,22,25,25,15,24,26,21,27,26,11,8,20,22,24,10,24,31,25,18,13,27,12,30,25,20,43,12,27,19,0,2,14,22,25,18,26,25,33,12,21
22,26,26,27,23,20,15,25,25,18,18,25,24,18,21,19,10,36,23,14,26,27,27,28,10,16,20,30,44,28,20,18,13,30,14,23,20,39,13,7,14,22,19,24,20,13,20,21,20,26,19,21,25,20,25,24,27,18,25,27,26,24,24,25,24,26,22,22,28,29,26,24,17,23,25,21,24,13,16,25,19,22,26,29,26,21,37,6,24,26,23,23,24,19,26,23,26,26,27,24,18,22,21,16,19,27,23,25,31,12,24,8,21,22,26,26,14,25,25,21,27,26,10,7,19,23,23,9,24,29,25,18,14,27,11,28,25,20,42,11,28,19,2,0,15,21,23,19,26,26,33,11,22
15,26,20,27,33,30,28,38,25,25,32,20,25,30,33,24,21,39,24,27,25,26,26,18,19,27,11,30,51,28,10,21,19,18,27,25,32,45,13,20,11,9,20,36,31,11,14,31,32,26,32,22,25,33,24,24,22,18,19,21,25,23,19,19,24,20,16,22,27,17,20,24,30,18,26,31,36,25,14,26,31,35,25,23,20,33,44,19,36,20,25,34,34,10,27,36,20,26,21,37,24,23,28,7,32,24,35,24,30,23,36,19,17,10,20,20,20,19,38,9,24,26,21,19,33,17,23,14,21,42,25,16,12,24,23,31,25,18,47,24,22,7,14,15,0,34,33,13,21,20,21,22,11
38,29,44,32,25,21,10,11,30,24,7,44,36,16,18,23,21,38,32,10,29,31,31,46,21,12,38,34,40,40,39,29,24,48,14,26,16,37,30,16,33,40,30,17,19,30,38,18,16,31,16,31,29,16,28,28,46,31,43,45,30,31,43,43,31,44,38,34,32,47,44,31,15,42,37,18,17,13,33,37,15,15,30,47,45,17,33,20,17,44,26,19,25,38,32,16,44,31,45,10,24,33,24,34,12,44,19,31,34,18,17,18,38,41,44,44,25,43,18,40,43,30,16,20,8,41,31,24,40,22,30,34,32,44,15,31,30,36,40,13,46,38,21,20,33,0,25,37,45,44,52,16,40
42,44,38,47,4,10,21,34,45,14,29,38,44,33,36,38,29,54,43,25,45,46,46,44,17,15,40,49,60,48,33,20,15,47,29,42,34,58,24,20,27,37,39,38,35,34,32,36,34,46,34,41,45,35,43,44,40,38,38,39,46,43,36,37,44,38,42,41,47,46,38,44,32,35,45,36,38,25,26,45,33,37,46,41,38,36,53,20,38,38,42,37,1,39,46,38,38,46,39,32,37,42,40,37,34,35,37,45,50,13,38,17,29,39,38,38,17,37,40,38,48,46,17,27,30,32,42,29,44,44,45,39,26,35,19,47,45,40,60,18,41,36,25,24,34,26,0,30,38,38,49,17,36
23,34,12,35,30,26,29,41,33,18,35,12,33,36,39,33,28,47,32,31,33,34,34,22,17,28,19,38,59,37,12,12,16,27,32,33,37,53,9,22,8,17,28,42,38,23,7,38,38,34,37,30,33,38,32,32,14,26,12,14,33,31,11,11,32,12,24,30,35,25,13,32,35,10,34,39,42,30,6,34,36,40,34,15,12,39,52,20,42,12,33,41,31,18,35,41,12,34,13,41,32,31,36,19,37,15,41,32,38,22,42,20,8,19,12,12,15,11,43,17,32,34,22,25,36,9,31,24,29,47,33,24,8,15,24,39,33,26,55,25,15,15,18,19,13,38,30,0,12,13,28,23,14
30,41,5,42,38,35,36,49,40,26,43,4,40,44,47,40,35,54,39,39,41,42,42,18,26,36,27,45,66,44,20,21,24,29,39,40,45,60,18,30,15,24,35,49,45,30,10,46,45,41,44,37,40,45,40,39,3,33,4,5,41,39,4,3,39,9,31,37,43,27,8,39,42,3,42,46,49,37,16,41,44,48,41,10,8,46,59,28,49,3,41,48,39,26,42,48,4,42,1,49,40,39,43,26,44,19,48,40,46,30,49,28,12,26,3,4,24,5,50,24,39,41,30,32,44,13,39,32,36,54,40,32,16,20,32,46,40,34,62,33,5,22,25,26,21,45,39,12,0,5,28,31,20
30,41,6,42,38,35,36,49,40,27,43,6,40,43,46,39,35,54,39,38,40,41,41,21,26,35,26,45,65,43,19,21,24,32,39,40,44,60,17,29,15,24,35,49,45,30,11,45,45,41,44,37,39,45,39,39,4,33,4,3,40,38,6,6,39,7,31,37,42,30,4,39,42,6,41,46,48,37,16,41,43,47,40,13,6,46,59,28,48,5,40,48,39,25,41,48,5,41,6,48,39,38,43,26,44,15,47,39,45,30,49,27,12,26,4,5,24,5,50,24,39,41,29,32,44,13,38,31,35,54,40,31,16,16,31,46,40,33,62,33,3,22,25,26,20,45,38,13,5,0,31,30,21
31,42,30,43,50,46,45,58,41,41,52,30,41,51,49,41,42,55,40,47,42,42,42,13,36,44,28,46,67,45,21,37,36,14,47,41,49,61,30,38,27,15,36,57,47,31,26,47,48,42,50,38,41,49,40,40,30,34,31,32,42,39,28,29,40,35,32,38,43,11,35,40,50,28,42,47,57,46,30,42,50,55,42,21,34,50,60,37,55,30,41,50,50,26,43,56,31,42,29,57,40,39,44,26,52,40,51,41,46,40,56,36,32,18,30,30,37,31,56,25,40,42,38,39,53,33,39,35,37,60,41,32,28,40,40,47,41,34,63,41,32,18,34,35,22,54,50,29,29,32,0,39,16
30,31,31,34,16,13,8,23,32,15,17,31,32,20,23,24,17,41,31,12,32,33,33,33,8,7,29,36,47,36,25,17,12,37,15,28,21,44,17,8,19,27,27,25,22,22,25,23,21,33,20,29,32,21,30,31,33,25,30,32,32,31,30,30,31,31,30,29,34,35,31,31,18,29,33,22,25,12,19,33,20,24,33,34,31,22,40,8,25,31,28,24,17,28,34,25,31,33,32,22,23,30,27,25,21,31,24,32,37,5,25,3,25,29,31,31,13,30,26,27,36,33,3,14,17,28,30,17,32,31,32,27,19,31,5,33,32,28,47,5,33,25,13,12,23,17,17,23,31,31,39,0,27
20,31,19,32,36,32,32,45,30,27,39,19,30,39,39,30,30,44,29,34,31,32,32,8,23,31,17,35,56,34,6,23,22,15,35,30,38,50,16,25,13,13,25,45,37,20,11,36,37,31,39,27,30,39,29,29,21,23,20,22,31,29,18,18,29,19,21,27,33,13,21,29,38,17,31,36,44,33,16,31,39,43,31,14,20,39,49,24,44,19,31,39,37,16,32,44,20,31,21,45,30,28,33,16,40,24,40,30,36,27,45,23,17,15,20,19,23,20,45,14,29,31,25,28,40,18,28,24,26,49,30,22,14,25,27,36,30,23,52,29,23,12,21,22,11,41,36,14,20,21,15,26,0
