Name: ber-n5-m4-c3-OD-large
Type: GPDPOD-IMC
Commodity type: 4
Compartment num: 3
CapacityHD: 100
VehicleHDs: 2
CapacityOD: 50
VehicleODs: 6
ID Xc Yc DEMAND StartT EndT SerT PairedID
0,52.4517877,13.3258861,[0, 0, 0, 0],0,240,0,0
1,52.5868618,13.2766924,[14, 6, 2, 16],7,127,5,3
2,52.6045615,13.2383862,[14, 6, 2, 24],127,240,5,4
3,52.4650081,13.4905421,[-14, -6, -2, -16],46,166,5,1
4,52.6113618,13.2440892,[-14, -6, -2, -24],135,211,5,2
StartID EndID StartX StartY EndX EndY StartT EndT
5,11,52.4985482,13.5481338,52.4229595,13.5620156,30,477
6,12,52.4257025,13.494234,52.4274721,13.4864184,72,456
7,13,52.4251663,13.5033985,52.6080153,13.2359782,61,508
8,14,52.4875569,13.5408136,52.4841437,13.5698957,0,417
9,15,52.4235133,13.5065682,52.4975848,13.3165477,132,456
10,16,52.4623986,13.419665,52.552494,13.4319103,82,472
edge
0,25,30,19,30,37,20,20,30,20,13,25,19,31,34,11,26
24,0,9,34,11,42,35,35,42,35,27,40,34,11,44,20,21
29,9,0,38,3,46,39,39,46,39,32,45,38,2,48,24,26
20,34,38,0,39,21,11,11,13,11,12,13,10,40,18,20,22
29,10,3,38,0,46,39,39,46,40,32,45,39,3,48,24,26
38,41,46,21,46,0,26,24,17,25,29,21,25,47,7,35,23
21,35,40,10,40,25,0,3,19,3,13,12,3,41,22,22,29
21,35,40,10,40,24,3,0,19,1,13,11,4,41,21,22,29
31,42,46,14,46,16,20,20,0,20,23,21,19,48,14,32,24
21,36,40,11,40,25,3,1,19,0,13,11,5,42,22,22,29
14,28,33,12,33,29,13,13,23,13,0,18,12,34,27,14,22
26,40,45,12,45,19,11,10,19,11,18,0,11,46,16,27,31
21,35,40,10,40,25,3,4,18,5,13,11,0,41,22,21,28
30,10,2,39,3,47,41,41,48,41,33,46,40,0,49,26,28
35,43,48,18,48,7,23,21,14,22,27,18,22,49,0,36,26
11,20,24,21,24,35,22,22,32,22,15,27,21,26,36,0,21
28,23,28,23,28,24,31,31,25,32,23,33,31,29,27,23,0
