Name: ber-n5-m4-c2-OD-medium
Type: GPDPOD-IMC
Commodity type: 4
Compartment num: 2
CapacityHD: 100
VehicleHDs: 2
CapacityOD: 50
VehicleODs: 3
ID Xc Yc DEMAND StartT EndT SerT PairedID
0,52.4517877,13.3258861,[0, 0, 0, 0],0,240,0,0
1,52.4905608,13.5364526,[14, 6, 2, 8],96,216,5,3
2,52.4335833,13.4898091,[7, 2, 1, 8],0,96,5,4
3,52.5741403,13.5151341,[-14, -6, -2, -8],121,203,5,1
4,52.5096045,13.5495112,[-7, -2, -1, -8],33,153,5,2
StartID EndID StartX StartY EndX EndY StartT EndT
5,8,52.6130445,13.4920954,52.4626888,13.3098822,63,558
6,9,52.6087709,13.4335265,52.4522848,13.1454437,76,463
7,10,52.4465095,13.2917093,52.4616545,13.1247583,92,452
edge
0,29,19,37,33,41,37,6,5,36,35
30,0,18,20,10,34,31,32,30,55,55
20,17,0,32,21,43,39,22,21,46,45
37,21,33,0,17,18,16,39,38,57,56
34,10,22,16,0,30,28,36,34,55,55
42,35,44,18,32,0,10,43,40,58,57
36,31,39,16,28,10,0,35,32,50,50
6,31,21,39,35,43,37,0,6,36,35
5,30,20,38,34,40,34,5,0,33,32
35,54,45,56,56,57,51,35,32,0,5
35,54,44,56,55,56,50,34,31,5,0
