Name: ber-n5-m4-c3-OD-medium
Type: GPDPOD-IMC
Commodity type: 4
Compartment num: 3
CapacityHD: 100
VehicleHDs: 2
CapacityOD: 50
VehicleODs: 3
ID Xc Yc DEMAND StartT EndT SerT PairedID
0,52.4517877,13.3258861,[0, 0, 0, 0],0,240,0,0
1,52.4356307,13.4853072,[7, 2, 1, 10],0,240,5,3
2,52.4192615,13.2755279,[14, 6, 2, 16],116,236,5,4
3,52.4578608,13.1453329,[-7, -2, -1, -10],0,240,5,1
4,52.5196412,13.2606392,[-14, -6, -2, -16],142,225,5,2
StartID EndID StartX StartY EndX EndY StartT EndT
5,8,52.4289105,13.4800376,52.6073611,13.2580825,81,471
6,9,52.4938703,13.5493705,52.4322781,13.4878668,0,720
7,10,52.4912853,13.5263029,52.5493431,13.4544507,11,440
edge
0,18,12,36,16,19,36,28,31,19,27
19,0,27,44,25,3,24,17,39,2,29
11,26,0,41,21,27,43,35,36,27,35
35,44,40,0,23,45,61,53,43,44,47
15,24,21,24,0,25,41,34,21,25,25
20,3,27,45,25,0,25,18,40,3,29
37,24,44,61,41,25,0,14,48,23,22
28,17,35,53,33,18,14,0,44,16,18
29,38,34,42,20,39,47,42,0,38,30
20,2,28,45,26,3,23,16,40,0,30
27,28,34,46,24,29,23,18,30,29,0
