Name: ber-n5-m4-c2-OD-large
Type: GPDPOD-IMC
Commodity type: 4
Compartment num: 2
CapacityHD: 100
VehicleHDs: 2
CapacityOD: 50
VehicleODs: 6
ID Xc Yc DEMAND StartT EndT SerT PairedID
0,52.4517877,13.3258861,[0, 0, 0, 0],0,240,0,0
1,52.5763944,13.278284,[14, 6, 2, 34],0,116,5,3
2,52.4317645,13.4885052,[14, 6, 2, 26],72,192,5,4
3,52.4543636,13.3710025,[-14, -6, -2, -34],36,156,5,1
4,52.4879873,13.5408243,[-14, -6, -2, -26],95,209,5,2
StartID EndID StartX StartY EndX EndY StartT EndT
5,11,52.6087709,13.4335265,52.4522848,13.1454437,76,463
6,12,52.6096924,13.252677,52.4260036,13.6739588,0,579
7,13,52.6099933,13.2396654,52.5470411,13.1443436,0,720
8,14,52.4985482,13.5481338,52.4229595,13.5620156,30,477
9,15,52.4257025,13.494234,52.4274721,13.4864184,72,456
10,16,52.545092,13.1906944,52.5162192,13.6364342,12,552
edge
0,25,19,7,30,37,31,31,37,20,27,36,42,31,25,19,44
24,0,34,26,42,25,13,13,42,35,17,34,56,23,40,34,48
20,35,0,16,18,39,41,40,24,3,36,46,27,40,11,3,32
7,28,16,0,27,34,33,33,34,17,29,38,39,33,22,16,41
31,42,19,27,0,34,48,47,17,20,47,57,29,51,21,19,23
36,25,39,33,33,0,30,30,33,40,35,50,55,42,42,39,38
30,12,40,32,48,29,0,6,47,41,26,44,62,33,46,40,54
30,13,39,31,47,30,6,0,47,40,22,40,62,29,46,40,53
38,42,25,34,17,33,47,47,0,26,48,61,29,54,21,25,15
21,36,3,17,19,40,41,41,25,0,37,46,28,41,12,3,33
26,17,35,27,46,36,26,23,49,36,0,21,58,9,42,36,55
35,33,45,37,55,51,44,40,60,46,22,0,67,23,51,45,67
43,58,28,40,30,55,64,63,30,29,59,69,0,63,22,28,35
31,25,41,33,51,43,34,31,55,42,10,24,63,0,47,41,62
26,41,10,22,19,42,46,46,19,11,42,51,22,46,0,11,27
21,35,3,17,18,39,41,41,25,3,37,46,27,40,11,0,33
45,48,33,41,23,38,53,53,15,34,54,67,35,60,29,33,0
