Name: ber-n10-m4-c3-OD-small
Type: GPDPOD-IMC
Commodity type: 4
Compartment num: 3
CapacityHD: 100
VehicleHDs: 4
CapacityOD: 50
VehicleODs: 2
ID Xc Yc DEMAND StartT EndT SerT PairedID
0,52.4517877,13.3258861,[0, 0, 0, 0],0,240,0,0
1,52.4817488,13.5347576,[7, 2, 1, 9],125,240,5,6
2,52.4257025,13.494234,[14, 6, 2, 36],72,192,5,7
3,52.4843541,13.522605,[14, 6, 2, 11],0,100,5,8
4,52.4896443,13.5177319,[7, 2, 1, 11],87,207,5,9
5,52.5045443,13.4905095,[14, 6, 2, 19],70,190,5,10
6,52.4900815,13.5294448,[-7, -2, -1, -9],134,211,5,1
7,52.4274721,13.4864184,[-14, -6, -2, -36],80,200,5,2
8,52.6254697,13.3067828,[-14, -6, -2, -11],49,169,5,3
9,52.399889,13.3946661,[-7, -2, -1, -11],125,223,5,4
10,52.5637878,13.390152,[-14, -6, -2, -19],104,214,5,5
StartID EndID StartX StartY EndX EndY StartT EndT
11,13,52.573885,13.2213694,52.4750367,13.548083,8,548
12,14,52.439686,13.5028879,52.5200301,13.3026896,19,469
edge
0,28,20,27,29,27,27,19,31,17,27,30,20,35,15
29,0,18,5,6,11,4,17,44,31,29,49,14,10,34
21,17,0,16,18,20,16,3,41,18,33,41,6,24,26
29,5,18,0,3,9,4,17,44,31,28,49,14,12,33
30,7,19,4,0,9,6,19,44,32,29,50,15,14,33
29,11,23,9,9,0,9,22,37,32,22,44,19,17,27
29,4,18,4,5,9,0,17,42,31,27,48,14,10,32
21,16,3,16,17,20,16,0,41,17,33,40,5,23,25
30,44,41,43,44,38,42,40,0,44,20,23,40,51,20
17,30,18,29,31,31,29,17,46,0,37,45,20,37,30
26,29,33,27,29,23,27,33,20,37,0,28,32,35,16
30,48,40,48,49,45,48,40,24,44,29,0,40,55,21
21,13,6,12,14,16,12,5,41,20,32,40,0,20,25
36,10,25,11,13,17,10,24,51,38,35,56,21,0,40
15,33,25,32,33,27,32,25,20,29,16,20,25,40,0
