Name: ber-n60-m4-c3-OD-medium
Type: GPDPOD-IMC
Commodity type: 4
Compartment num: 3
CapacityHD: 100
VehicleHDs: 16
CapacityOD: 50
VehicleODs: 30
ID Xc Yc DEMAND StartT EndT SerT PairedID
0,52.4517877,13.3258861,[0, 0, 0, 0],0,240,0,0
1,52.4371772,13.4658802,[7, 2, 1, 9],20,140,5,31
2,52.422847,13.422781,[14, 6, 2, 11],114,234,5,32
3,52.417581,13.4009207,[7, 2, 1, 12],51,171,5,33
4,52.4213016,13.1575329,[3, 1, 6, 3],64,184,5,34
5,52.5397424,13.5002961,[14, 6, 2, 18],40,160,5,35
6,52.4236675,13.4712276,[7, 2, 1, 12],55,175,5,36
7,52.6059082,13.2374783,[14, 6, 2, 10],28,148,5,37
8,52.4938703,13.5493705,[3, 1, 0, 5],0,240,5,38
9,52.43691,13.4962049,[7, 2, 1, 5],0,99,5,39
10,52.450453,13.4470665,[14, 6, 2, 34],56,176,5,40
11,52.606512,13.2589195,[14, 6, 2, 19],81,201,5,41
12,52.6167231,13.2297019,[14, 6, 2, 34],3,123,5,42
13,52.5104992,13.2497311,[14, 6, 2, 21],0,240,5,43
14,52.625354,13.2420837,[14, 6, 2, 28],0,94,5,44
15,52.5062198,13.1838641,[7, 2, 1, 13],12,132,5,45
16,52.4927163,13.5137877,[14, 6, 2, 7],23,143,5,46
17,52.4251663,13.5033985,[14, 6, 2, 25],61,181,5,47
18,52.4360677,13.4894009,[14, 6, 2, 21],41,161,5,48
19,52.4911239,13.4800456,[14, 6, 2, 17],48,168,5,49
20,52.6096924,13.252677,[7, 2, 1, 7],0,114,5,50
21,52.495953,13.5107692,[7, 2, 1, 17],58,178,5,51
22,52.4160947,13.4991712,[7, 2, 1, 11],0,240,5,52
23,52.4257025,13.494234,[14, 6, 2, 36],72,192,5,53
24,52.5257578,13.5875732,[14, 6, 2, 12],85,205,5,54
25,52.481499,13.2905647,[3, 1, 0, 6],12,132,5,55
26,52.4314692,13.4864004,[14, 6, 2, 17],124,240,5,56
27,52.4041088,13.4955498,[7, 2, 1, 17],0,110,5,57
28,52.5023344,13.4496642,[14, 6, 2, 27],0,113,5,58
29,52.4326493,13.4969351,[3, 1, 6, 3],5,125,5,59
30,52.6105417,13.2394849,[14, 6, 2, 31],42,162,5,60
31,52.4864565,13.5158714,[-7, -2, -1, -9],43,163,5,1
32,52.4295421,13.3413099,[-14, -6, -2, -11],134,232,5,2
33,52.5561123,13.3908413,[-7, -2, -1, -12],87,207,5,3
34,52.5536897,13.3722206,[-3, -1, -6, -3],97,216,5,4
35,52.5257847,13.2382346,[-14, -6, -2, -18],87,207,5,5
36,52.6058473,13.2237116,[-7, -2, -1, -12],105,210,5,6
37,52.6300921,13.2879298,[-14, -6, -2, -10],49,169,5,7
38,52.4322781,13.4878668,[-3, -1, 0, -5],0,240,5,8
39,52.4094959,13.5241,[-7, -2, -1, -5],15,135,5,9
40,52.4556379,13.5817774,[-14, -6, -2, -34],87,207,5,10
41,52.4919902,13.262796,[-14, -6, -2, -19],109,225,5,11
42,52.4162703,13.3556408,[-14, -6, -2, -34],62,182,5,12
43,52.5826853,13.341171,[-14, -6, -2, -21],0,240,5,13
44,52.6050842,13.2375804,[-14, -6, -2, -28],17,137,5,14
45,52.5722915,13.2802809,[-7, -2, -1, -13],46,166,5,15
46,52.445441,13.4986863,[-14, -6, -2, -7],44,164,5,16
47,52.6080153,13.2359782,[-14, -6, -2, -25],107,210,5,17
48,52.4369434,13.7128454,[-14, -6, -2, -21],88,194,5,18
49,52.476681,13.5092996,[-14, -6, -2, -17],65,185,5,19
50,52.4260036,13.6739588,[-7, -2, -1, -7],73,193,5,20
51,52.4268701,13.4602077,[-7, -2, -1, -17],85,205,5,21
52,52.5534562,13.4463303,[-7, -2, -1, -11],0,240,5,22
53,52.4274721,13.4864184,[-14, -6, -2, -36],80,200,5,23
54,52.4036492,13.4151511,[-14, -6, -2, -12],130,222,5,24
55,52.6457986,13.3023966,[-3, -1, 0, -6],51,171,5,25
56,52.4362532,13.4889261,[-14, -6, -2, -17],132,219,5,26
57,52.6307245,13.2953941,[-7, -2, -1, -17],59,179,5,27
58,52.5124345,13.1770357,[-14, -6, -2, -27],40,160,5,28
59,52.5707958,13.4425,[-3, -1, -6, -3],40,160,5,29
60,52.4260394,13.587318,[-14, -6, -2, -31],99,207,5,30
StartID EndID StartX StartY EndX EndY StartT EndT
61,91,52.4626789,13.5239581,52.5072158,13.6102962,0,435
62,92,52.4353195,13.1966406,52.4991757,13.6194518,48,501
63,93,52.4875569,13.5408136,52.4841437,13.5698957,0,417
64,94,52.545092,13.1906944,52.5162192,13.6364342,12,552
65,95,52.5890467,13.3741401,52.5412079,13.6254838,0,483
66,96,52.6173252,13.4945523,52.618849,13.4942687,85,445
67,97,52.4575206,13.4991186,52.4070929,13.6528362,48,489
68,98,52.498343,13.6234811,52.45099,13.4469987,14,506
69,99,52.6079581,13.4151594,52.5744059,13.2204185,91,451
70,100,52.6128083,13.2200872,52.4877495,13.5667269,83,449
71,101,52.4217253,13.5388728,52.4221335,13.3417295,0,480
72,102,52.5215931,13.2562716,52.5470126,13.5694664,64,478
73,103,52.6115016,13.2447857,52.5283096,13.1967646,105,465
74,104,52.5855199,13.4073566,52.526416,13.1948665,84,480
75,105,52.4893958,13.5121263,52.4350081,13.4785181,0,435
76,106,52.4465095,13.2917093,52.4616545,13.1247583,92,452
77,107,52.4925644,13.5090673,52.5548837,13.1606257,0,522
78,108,52.4337183,13.4839426,52.5665884,13.3052383,59,536
79,109,52.4192643,13.4825244,52.4335003,13.5445653,106,466
80,110,52.4353736,13.4814957,52.6070266,13.2990105,82,475
81,111,52.4235133,13.5065682,52.4975848,13.3165477,132,456
82,112,52.5762826,13.4334327,52.554923,13.417146,90,459
83,113,52.4907049,13.524218,52.4835717,13.5179176,121,478
84,114,52.4372729,13.4717877,52.4030611,13.5267823,0,420
85,115,52.6060969,13.2363266,52.5283892,13.4024879,0,450
86,116,52.5187586,13.4887459,52.4560076,13.363978,37,487
87,117,52.4721013,13.2973022,52.586391,13.304001,85,481
88,118,52.5838936,13.3333935,52.5695624,13.3260515,65,452
89,119,52.4306507,13.478281,52.4799371,13.4810998,135,450
90,120,52.6087709,13.4335265,52.4522848,13.1454437,76,463
edge
0,18,18,15,22,31,21,30,36,19,16,31,31,16,32,27,30,20,20,25,31,29,22,20,41,10,19,26,23,18,31,28,8,26,24,18,31,32,19,25,30,15,10,25,30,25,20,31,46,23,42,19,27,19,18,35,20,33,25,29,32,23,19,30,27,30,42,19,41,37,33,22,16,30,31,29,6,30,19,21,18,20,30,28,17,31,28,9,25,19,37,40,40,34,44,43,41,39,16,30,34,10,37,24,25,18,35,32,22,24,28,11,27,26,26,21,7,24,23,19,36
19,0,9,12,33,27,6,39,25,8,6,39,40,25,40,35,20,8,6,19,39,20,7,7,30,19,5,11,18,7,39,18,18,30,29,27,40,41,5,15,19,23,18,33,38,33,7,39,35,14,30,5,28,5,12,43,7,42,34,30,20,12,28,19,35,36,43,9,30,39,41,12,25,38,34,19,21,20,5,6,4,9,31,18,2,39,24,19,33,4,37,30,30,24,34,36,42,28,6,39,23,19,30,33,33,3,44,40,31,14,36,20,27,17,16,23,14,32,31,12,45
18,9,0,6,35,32,9,42,31,13,12,42,43,27,43,38,26,13,12,23,42,26,12,11,36,21,11,16,23,12,42,24,15,33,31,30,42,43,11,20,25,26,12,36,41,36,13,42,41,20,36,8,31,11,6,46,12,44,36,33,26,18,31,26,38,39,45,15,36,41,44,17,27,41,37,25,21,26,10,11,10,14,34,24,8,42,29,21,36,9,40,36,36,30,40,42,45,34,12,41,29,14,36,35,36,9,46,43,34,19,39,23,30,23,21,26,14,35,34,18,47
13,11,6,0,33,34,12,40,34,15,14,40,41,26,41,36,28,16,15,25,41,28,14,14,39,20,13,18,24,14,40,27,11,31,29,28,41,42,13,22,28,24,9,34,39,34,15,40,43,23,39,10,31,13,6,44,15,43,35,33,28,21,29,28,36,36,46,18,39,42,42,20,26,39,37,27,18,29,12,14,12,16,34,26,10,40,30,19,34,11,41,38,38,32,42,45,45,36,14,40,32,11,38,34,34,12,45,41,32,21,37,21,31,25,23,25,10,33,32,20,46
25,33,36,36,0,45,36,35,51,34,32,35,36,21,37,31,45,35,35,40,36,44,37,35,55,19,35,41,38,33,35,44,27,31,28,23,36,37,35,40,45,19,31,30,34,29,35,36,61,39,57,36,37,35,38,39,35,38,30,39,47,38,8,45,31,34,49,34,56,42,37,38,21,34,36,44,21,45,34,37,33,36,39,43,32,35,43,20,29,34,42,55,56,49,59,57,49,55,32,35,49,28,51,29,29,34,40,37,27,39,32,21,33,41,42,33,26,28,27,35,41
32,28,32,35,44,0,29,38,17,25,26,38,39,33,39,43,12,27,27,14,38,11,29,27,14,31,26,33,14,25,38,14,34,17,19,34,39,38,26,31,23,34,36,25,37,32,23,38,39,18,38,30,11,26,35,38,27,37,42,13,28,18,39,16,39,23,25,19,19,23,40,28,32,37,21,14,34,13,27,28,28,27,15,12,26,38,7,31,27,28,21,17,20,18,22,16,25,36,26,43,17,36,10,40,40,28,52,45,29,25,35,27,14,16,33,14,28,30,26,18,53
21,6,9,12,36,28,0,42,26,7,9,42,43,28,44,38,21,7,7,22,43,21,5,5,32,22,5,9,21,5,42,19,19,33,32,30,43,44,5,13,20,26,18,37,41,36,9,43,35,16,30,4,31,4,12,46,7,45,37,34,20,13,31,21,38,39,46,11,31,42,44,11,28,41,38,20,24,21,5,4,6,7,35,19,5,42,27,22,36,4,41,31,30,24,35,37,46,28,9,42,24,20,31,36,36,6,47,43,34,12,39,23,31,18,15,26,17,35,34,15,48
30,38,41,41,34,38,41,0,48,39,36,9,5,24,9,30,43,40,40,38,7,41,42,40,48,24,39,46,34,38,3,45,35,23,20,23,3,16,39,45,50,24,38,16,1,14,40,2,66,44,62,40,29,39,43,19,40,17,28,30,52,43,29,47,21,21,38,39,50,28,5,43,22,3,24,44,29,43,39,41,38,40,29,43,37,1,37,25,15,39,29,49,51,49,53,50,38,60,37,15,48,37,44,24,24,38,38,25,14,44,12,25,25,44,46,25,31,12,15,39,39
37,25,31,34,50,17,26,48,0,22,26,48,49,42,50,52,14,23,24,20,49,13,24,24,12,36,24,28,20,22,48,16,38,29,31,43,49,50,23,23,12,41,40,37,47,42,20,49,29,18,28,28,24,24,34,50,24,49,51,26,18,15,46,15,50,35,38,18,12,35,50,19,41,47,33,16,38,15,24,25,25,23,28,14,24,48,15,36,38,25,35,11,13,6,15,18,37,26,26,53,5,40,14,49,49,26,61,55,40,16,45,36,26,16,24,24,33,41,37,21,62
19,8,13,16,33,24,7,39,22,0,9,40,40,25,41,35,17,5,4,18,40,16,6,5,27,19,4,10,18,3,39,15,21,31,29,27,40,41,4,10,16,24,22,34,39,33,4,40,31,12,26,8,29,4,16,44,4,42,34,31,16,9,28,16,35,36,43,6,27,39,41,8,25,38,35,16,21,17,5,6,5,5,32,14,7,39,22,19,33,5,38,27,27,20,31,33,43,24,9,39,20,23,27,33,34,6,44,41,31,9,36,20,28,13,11,23,16,32,31,12,45
16,6,10,13,30,27,9,36,25,8,0,36,37,22,38,32,20,9,9,17,37,19,11,10,30,16,9,15,16,8,36,18,16,27,26,24,37,38,9,14,20,21,18,31,35,30,9,37,35,13,31,8,25,9,13,40,9,39,31,27,21,12,25,19,32,33,39,9,30,36,38,12,22,35,31,19,18,20,8,10,8,10,28,17,6,36,22,16,30,7,34,30,30,24,34,36,39,29,1,36,24,18,30,30,30,8,41,38,28,13,33,17,24,15,16,20,11,29,28,11,42
29,37,40,40,33,37,40,9,47,38,35,0,8,23,8,33,42,39,39,37,4,40,41,39,47,23,38,45,33,37,7,44,34,22,19,22,9,15,38,44,49,23,37,15,9,12,39,8,65,43,61,39,28,38,42,18,39,16,31,29,51,42,28,46,25,20,37,38,49,27,9,42,21,6,23,43,28,42,38,40,37,39,28,42,36,9,36,24,14,38,28,48,50,48,52,49,37,58,35,19,47,36,43,26,27,37,41,29,13,43,11,24,24,43,45,24,30,11,14,38,42
31,39,42,42,35,39,42,5,49,40,37,8,0,25,6,32,44,41,41,39,7,42,43,41,49,25,40,47,35,39,4,46,36,24,21,25,5,13,40,46,51,25,39,17,5,15,41,4,67,45,63,41,30,40,44,17,41,15,31,31,53,44,30,48,24,23,39,40,51,29,3,44,23,4,26,45,30,44,40,42,39,41,30,44,38,5,38,26,17,40,30,50,52,50,54,51,39,61,38,17,49,38,45,26,26,39,41,28,15,45,13,26,26,45,47,26,32,13,16,40,42
16,24,27,27,19,33,27,24,42,25,22,25,25,0,26,12,36,26,26,30,25,35,28,26,43,10,26,32,26,24,25,35,21,20,18,5,25,26,25,31,36,7,24,19,24,19,26,25,52,30,48,26,26,25,29,29,26,27,11,28,38,29,15,36,14,24,38,25,44,31,27,29,5,24,25,35,15,36,25,27,24,26,28,34,23,25,31,11,19,25,31,43,45,40,47,45,38,46,23,20,40,23,39,10,12,25,21,19,16,30,22,11,23,32,32,21,17,18,17,25,22
31,40,42,42,36,40,43,8,50,40,38,8,6,26,0,36,44,42,41,39,7,43,44,42,50,26,41,47,35,40,7,47,37,24,22,25,9,10,41,46,52,25,39,18,9,15,41,8,67,45,63,42,30,41,45,14,41,12,35,31,53,44,31,49,28,23,40,41,52,30,9,44,23,6,27,46,31,44,40,43,40,42,31,45,38,9,38,27,17,41,31,50,52,50,55,52,40,61,38,21,50,39,45,30,30,40,45,32,15,46,14,27,27,46,48,27,32,14,17,41,46
26,34,37,37,30,43,37,30,52,35,33,34,32,12,36,0,46,36,36,40,34,45,38,36,54,20,36,42,37,34,31,45,31,30,28,13,30,36,35,41,46,17,34,29,29,25,36,30,62,40,58,36,36,36,39,39,36,37,4,38,48,39,25,46,12,33,48,35,54,41,30,39,15,32,35,45,25,46,35,38,34,37,38,44,33,30,41,21,28,35,41,53,55,50,57,55,48,56,33,18,50,34,49,8,7,35,15,16,26,40,32,21,33,42,42,31,27,28,26,36,13
31,20,27,29,45,12,22,42,14,17,20,43,43,36,44,47,0,20,20,12,43,3,22,20,16,31,19,25,12,18,43,5,33,24,25,38,43,44,19,24,16,35,35,32,42,37,16,43,32,10,31,23,19,19,29,44,20,44,45,22,21,11,40,9,44,30,34,12,17,31,45,20,36,42,28,4,33,3,20,21,20,20,24,4,19,43,11,31,33,21,30,15,17,15,19,22,33,29,21,48,15,35,15,43,44,21,56,49,34,18,40,31,21,9,25,18,27,36,31,15,56
21,8,14,16,35,26,7,41,23,5,10,41,42,27,42,37,19,0,5,21,41,19,5,3,30,21,4,9,20,3,41,17,23,32,31,29,42,43,4,9,17,25,22,35,40,35,7,41,32,14,27,9,30,4,16,45,5,44,36,33,17,11,30,19,37,38,45,8,28,41,43,6,27,40,37,18,23,19,5,6,6,1,33,17,7,41,24,21,35,6,40,29,27,21,33,35,44,25,11,41,21,24,29,35,35,7,46,42,33,9,38,22,30,16,10,25,17,34,33,14,47
21,6,12,15,34,26,7,40,24,5,10,41,41,26,42,37,19,5,0,20,41,19,7,5,30,20,3,11,20,3,41,17,22,32,30,28,41,42,3,11,18,25,21,35,40,35,7,41,33,14,28,8,30,4,15,45,1,43,35,32,18,11,30,19,36,37,44,8,29,40,42,9,26,39,36,18,22,19,3,6,3,5,33,17,5,40,24,20,34,4,39,29,28,22,33,35,44,26,10,40,22,23,29,34,35,5,45,42,32,10,38,21,29,16,12,25,17,34,32,14,46
25,18,23,25,39,15,21,37,20,18,17,38,38,30,39,40,11,20,20,0,38,9,22,20,22,25,20,26,5,18,38,13,27,20,20,31,38,39,19,24,22,29,29,27,37,32,16,38,37,12,34,20,17,20,25,39,20,39,39,20,24,15,34,17,39,26,32,12,22,28,39,21,29,37,24,12,27,11,19,21,18,20,20,13,17,38,11,24,28,19,27,21,23,21,25,27,31,32,17,42,20,29,21,37,37,19,49,44,29,18,35,23,17,12,26,13,21,31,26,8,50
30,39,41,41,35,39,42,7,49,39,37,4,7,25,7,34,43,41,40,38,0,42,43,41,49,25,40,46,34,39,6,46,36,23,21,24,8,14,40,45,51,24,38,16,8,14,40,7,66,44,62,41,30,40,44,18,40,16,33,30,52,43,30,48,26,22,39,40,51,28,8,43,22,5,25,45,30,43,40,42,39,41,30,44,37,8,37,26,16,40,29,49,51,50,54,51,39,60,37,19,49,38,44,28,28,39,43,30,14,45,12,26,26,45,47,26,32,12,16,40,44
30,20,26,29,44,11,21,41,13,17,20,41,42,35,42,45,2,19,19,11,41,0,21,19,15,30,19,25,10,18,41,5,32,22,23,36,41,42,19,23,16,35,34,30,40,35,15,41,32,10,31,22,17,19,29,42,19,42,43,20,21,10,39,8,42,28,32,12,15,30,43,20,34,40,26,4,32,2,20,21,20,20,22,4,19,41,10,30,31,20,28,14,16,14,18,20,32,29,20,46,14,34,14,41,42,21,54,47,32,18,38,29,19,8,25,16,27,34,29,14,54
24,8,13,16,37,29,6,43,24,7,11,44,44,29,45,40,21,6,7,23,44,21,0,5,31,23,6,6,23,5,44,20,23,35,33,31,44,45,6,9,18,28,22,38,43,38,9,44,33,17,28,8,33,5,16,48,8,46,38,35,18,14,33,21,40,41,47,11,29,43,45,7,29,43,39,20,25,22,7,4,7,5,36,19,7,44,27,23,38,5,42,29,28,22,33,37,47,26,11,43,22,23,32,37,38,7,48,45,35,10,41,24,32,18,11,28,20,37,36,17,49
21,7,12,15,35,26,5,41,24,4,10,41,42,27,42,37,19,3,5,21,41,19,4,0,30,21,3,8,20,3,41,17,22,32,30,29,42,43,3,10,18,25,21,35,40,35,7,41,33,14,28,7,30,3,15,45,5,43,35,32,18,11,30,19,37,38,45,8,29,41,43,8,26,40,36,18,23,19,4,5,5,3,33,17,6,41,24,21,35,4,40,29,28,22,33,35,44,26,10,40,22,23,29,35,35,5,46,42,33,10,38,22,30,16,12,25,17,34,33,14,46
41,31,37,40,54,15,32,49,12,28,31,49,50,43,50,53,16,30,30,21,49,15,31,30,0,41,30,35,21,28,49,17,43,28,30,44,50,49,29,30,18,44,45,36,48,43,26,49,34,21,35,33,22,30,40,49,30,48,52,24,25,21,49,19,51,35,34,23,11,32,51,27,42,48,32,18,43,16,30,32,31,31,26,15,30,49,16,41,38,31,31,8,11,12,11,8,34,33,31,54,12,45,9,50,50,31,62,56,41,24,46,38,26,19,32,25,38,42,37,25,63
10,19,21,21,18,31,22,24,36,19,17,25,25,10,26,21,31,21,20,25,25,29,22,21,41,0,20,26,23,19,25,29,16,20,18,12,25,26,20,25,31,9,18,19,24,19,20,25,46,24,42,21,26,20,24,29,20,27,19,28,32,23,14,30,21,23,38,20,41,31,26,23,10,24,25,30,8,31,19,22,19,21,28,28,17,25,29,4,19,20,31,40,41,35,45,43,38,40,17,24,35,17,37,18,19,19,29,26,16,25,22,6,23,26,27,19,11,18,17,20,30
21,5,11,14,35,26,5,41,24,5,9,41,42,26,42,37,19,5,3,21,41,19,5,3,30,20,0,9,20,3,41,18,21,32,30,29,41,42,2,11,18,25,20,35,40,35,7,41,33,15,28,7,30,2,14,45,3,43,35,32,18,12,30,19,37,38,45,9,29,41,43,9,26,40,36,18,23,20,2,5,2,5,33,17,4,41,25,20,35,3,39,29,29,22,33,36,44,26,9,40,22,22,29,34,35,3,45,42,33,10,38,22,29,16,13,25,17,34,33,14,46
27,11,16,19,40,32,9,46,28,10,14,47,48,32,48,43,25,9,11,26,47,24,5,8,35,26,9,0,26,9,47,23,26,38,36,35,47,48,9,14,22,31,25,41,46,41,12,47,37,20,32,11,36,8,19,51,11,49,41,38,22,17,36,24,43,44,50,14,33,47,49,12,32,46,42,23,29,25,10,7,11,9,39,22,10,47,30,26,41,8,45,34,32,26,38,41,50,30,14,46,26,27,35,40,41,10,51,48,39,14,44,28,35,21,15,31,23,40,39,20,52
23,19,22,25,36,13,22,34,20,18,17,34,35,26,35,36,12,20,20,6,34,10,22,20,21,22,20,26,0,19,34,14,24,16,16,27,34,35,20,24,22,27,27,23,33,28,16,34,38,13,35,21,13,20,25,35,20,35,35,16,25,15,32,18,35,22,28,12,22,24,36,21,25,33,20,13,24,12,19,22,19,21,17,14,17,34,9,22,24,20,23,20,23,21,25,26,28,33,17,38,20,27,19,33,33,19,45,40,25,19,31,19,14,13,26,9,19,27,22,9,46
19,7,12,15,32,24,6,38,21,2,8,39,39,24,40,35,16,4,4,18,39,16,6,4,27,18,3,10,18,0,39,15,20,30,28,26,39,40,3,9,15,23,21,33,38,33,4,39,30,12,25,7,28,3,15,43,4,41,33,30,15,9,28,16,35,36,42,6,26,38,40,6,24,38,34,15,20,17,4,5,5,4,31,14,6,39,22,18,33,5,37,26,26,20,31,33,42,23,8,38,19,22,27,32,33,6,43,40,30,8,36,19,27,13,10,23,15,32,31,12,44
30,38,41,41,34,38,41,3,48,39,37,7,4,24,7,31,43,40,40,38,6,42,42,40,49,24,40,46,34,38,0,45,35,23,21,24,4,14,39,45,50,24,38,17,3,14,40,2,66,44,62,41,29,40,43,18,40,16,29,30,52,43,30,47,22,22,39,39,50,28,5,43,22,2,25,45,29,43,39,42,38,41,29,43,37,3,37,25,16,39,30,49,51,49,53,50,38,60,37,16,48,38,44,25,25,39,39,26,14,44,12,25,26,44,46,26,31,12,16,40,40
29,19,25,28,43,14,20,44,16,16,19,45,45,35,46,45,5,18,18,14,45,5,20,18,18,29,18,24,14,16,45,0,31,26,27,37,45,46,17,22,15,33,33,34,44,39,14,45,30,9,30,21,21,17,28,46,18,45,44,24,20,9,38,7,45,32,36,11,18,33,46,19,35,44,30,2,31,5,18,19,19,18,26,3,18,45,13,29,35,19,32,17,19,14,21,23,35,27,19,49,14,33,17,43,43,19,54,51,36,16,42,30,23,7,24,20,26,38,33,13,55
8,18,15,13,24,33,19,36,38,21,17,37,38,22,38,33,32,22,22,27,37,31,22,21,43,16,21,26,25,21,37,31,0,30,27,24,37,38,21,27,32,21,5,31,36,31,22,37,48,26,44,18,30,20,15,41,22,39,31,32,34,25,21,32,33,35,44,21,43,40,39,25,22,36,36,31,9,32,20,21,20,23,33,30,18,37,31,14,31,19,39,42,43,37,47,45,44,42,17,36,36,4,39,30,31,19,41,38,28,26,34,17,29,28,29,24,8,30,29,22,42
25,31,33,33,29,18,34,22,30,31,29,22,23,19,24,29,25,33,32,21,23,23,34,33,29,19,32,38,17,31,22,27,29,0,4,19,23,22,32,37,37,19,32,10,21,16,31,23,52,27,49,33,9,32,35,22,32,22,28,11,39,29,24,29,24,9,21,27,32,15,24,35,17,21,9,26,24,25,31,34,31,33,10,25,29,22,17,20,11,32,14,31,33,31,35,30,21,47,29,27,30,32,24,24,25,31,38,29,14,33,19,18,5,26,39,8,24,15,10,23,39
24,30,32,32,28,19,33,21,30,30,28,21,22,18,23,28,25,31,31,20,22,24,33,31,29,18,31,37,17,30,21,27,28,4,0,17,22,22,31,36,36,18,31,9,20,15,30,22,52,27,49,32,10,31,34,22,31,21,27,12,39,29,23,29,23,8,22,26,32,16,23,34,16,20,10,27,23,25,30,33,30,32,12,25,28,21,17,19,10,30,15,31,33,31,35,31,22,46,28,26,31,30,24,23,24,30,37,28,13,32,18,17,7,26,38,8,23,14,10,23,38
18,26,29,29,22,34,29,24,43,27,25,24,25,5,25,13,37,28,28,32,24,36,30,28,45,12,28,34,28,26,24,37,23,19,17,0,24,25,27,33,38,11,26,18,23,18,28,24,54,32,50,28,25,28,31,28,28,26,12,27,40,31,17,38,10,23,37,27,45,31,26,31,3,23,24,37,17,37,27,29,26,28,27,36,25,24,32,13,18,27,31,44,46,42,48,46,37,48,25,16,42,26,40,8,8,27,22,15,16,32,21,13,22,34,34,22,19,17,16,28,23
30,39,42,41,35,39,42,3,49,40,37,9,5,25,9,30,44,41,40,39,8,42,43,41,49,25,40,46,35,39,4,46,36,23,21,24,0,16,40,46,51,24,38,16,3,14,40,3,66,44,62,41,30,40,44,20,41,18,28,30,52,44,30,48,21,22,39,40,51,28,3,43,22,5,25,45,30,43,40,42,39,41,30,44,38,3,37,26,16,40,30,49,52,50,54,51,39,60,37,15,49,38,44,24,24,39,38,25,14,45,13,26,26,45,47,26,32,12,16,40,39
31,40,43,42,36,38,43,16,50,41,38,16,14,26,11,36,45,42,41,40,15,43,44,42,49,26,41,47,36,40,14,47,37,23,21,25,16,0,41,47,52,25,39,14,15,16,41,15,67,45,63,42,29,41,45,5,42,3,35,29,53,45,31,49,29,19,36,41,52,25,16,44,23,13,22,46,31,44,41,43,40,42,29,45,39,16,37,27,14,41,26,50,53,51,55,50,36,61,38,25,50,39,44,30,31,40,45,35,16,46,7,27,26,46,48,27,33,14,17,41,46
20,5,11,14,34,25,6,40,23,4,9,41,41,26,42,36,18,4,3,20,41,18,5,3,29,20,2,9,19,2,40,17,21,32,30,28,41,42,0,10,17,25,20,35,40,34,6,41,32,14,27,7,30,3,14,45,3,43,35,32,17,11,29,18,36,37,44,8,28,40,42,8,26,39,36,17,22,19,1,5,2,5,33,16,4,40,24,20,34,3,39,28,28,22,33,35,44,25,9,40,21,22,28,34,35,3,45,42,32,10,38,21,29,15,12,24,17,33,32,14,46
26,15,20,23,39,30,13,45,22,10,15,46,46,31,47,42,23,9,11,25,46,23,10,11,30,25,11,14,24,9,46,21,27,37,35,33,46,47,10,0,16,30,29,40,45,40,12,46,31,18,26,15,35,11,22,50,11,48,40,37,16,15,35,23,42,43,49,13,27,45,48,5,31,45,41,22,27,24,11,13,12,9,38,21,14,46,29,25,40,12,44,28,27,21,32,35,49,24,15,45,20,29,32,39,40,13,50,47,37,9,43,27,34,20,4,30,22,39,38,18,51
31,20,26,28,45,23,20,51,13,16,20,51,52,36,52,47,16,17,18,22,51,16,18,18,18,30,18,22,22,17,51,15,32,34,36,39,51,52,18,17,0,35,34,42,50,45,15,51,17,12,18,22,30,18,29,54,18,53,45,32,9,9,40,14,47,40,44,12,13,42,53,14,36,50,38,15,33,17,19,20,19,17,34,14,18,51,22,30,43,19,41,14,12,8,17,21,44,16,20,50,10,35,22,44,45,20,55,52,43,11,48,32,31,14,18,29,27,44,42,16,56
15,23,26,26,18,34,26,25,41,24,21,25,26,7,26,18,35,25,25,30,25,34,27,25,44,9,24,31,27,23,25,33,20,20,18,11,26,27,24,30,35,0,23,19,24,19,25,25,51,29,47,25,27,24,28,29,25,28,16,29,37,28,13,35,19,24,39,24,45,32,27,28,9,24,26,34,14,35,24,26,23,25,28,33,22,25,32,10,19,24,32,43,45,39,48,46,38,44,21,24,39,22,39,16,17,23,26,24,17,29,22,10,23,31,31,21,16,18,17,24,27
10,18,12,10,28,36,18,39,40,22,19,39,40,25,41,35,34,22,21,29,40,33,21,20,45,19,20,25,28,20,39,33,5,32,30,27,40,41,20,28,34,23,0,34,38,33,22,40,50,28,45,17,32,19,12,43,21,42,34,35,35,27,25,34,35,37,47,23,45,43,41,26,25,38,38,33,13,34,19,20,19,23,35,32,17,39,34,17,33,18,42,44,45,38,49,48,46,43,19,39,38,4,42,33,33,18,44,41,31,28,36,20,32,30,30,26,11,32,31,24,45
24,33,35,35,29,26,36,16,37,33,31,16,17,19,18,29,32,35,34,27,17,31,37,35,36,19,34,40,24,33,17,34,30,10,9,18,17,14,34,39,43,18,32,0,15,10,34,16,59,34,56,35,17,34,38,14,34,14,28,17,46,36,24,36,24,7,25,33,39,16,18,37,16,16,12,34,24,32,33,36,33,35,16,32,31,16,24,20,3,34,17,38,40,38,42,38,25,53,31,24,38,32,31,24,24,33,38,29,9,39,11,20,13,33,41,15,25,7,5,30,39
29,37,40,40,33,37,40,1,47,38,36,9,5,23,9,29,42,39,39,37,7,41,41,39,48,23,39,45,33,38,3,45,34,22,20,23,3,16,39,44,49,23,37,15,0,13,39,2,65,43,61,40,28,39,42,18,39,17,28,29,51,42,29,46,21,20,38,38,49,27,4,42,21,4,24,44,28,42,38,41,37,40,28,42,36,1,36,24,14,38,28,48,50,48,52,49,37,59,36,14,48,37,43,23,23,38,38,25,13,43,11,24,25,43,46,25,30,11,15,39,39
24,32,35,34,28,32,35,13,42,33,30,14,15,18,15,25,37,34,34,32,14,35,36,34,42,18,33,40,28,32,14,39,29,17,14,17,14,15,33,39,44,18,31,10,13,0,34,14,60,37,56,34,23,33,37,18,34,16,23,23,46,37,23,41,18,15,32,33,44,23,15,36,16,13,18,38,23,37,33,35,32,34,23,37,31,13,31,19,9,33,24,43,45,43,47,44,32,53,30,20,42,31,38,19,19,32,33,23,7,38,11,19,19,38,40,19,25,7,9,33,34
21,7,13,16,34,22,9,40,20,4,10,41,41,26,42,37,15,7,7,17,41,15,9,7,26,20,6,12,16,5,41,13,22,31,30,28,41,42,6,12,14,25,22,35,40,35,0,41,30,10,25,9,28,6,16,45,7,43,35,30,15,7,30,15,36,37,43,4,25,39,42,10,26,39,35,14,22,15,7,8,7,7,32,13,6,40,20,20,35,8,38,25,25,19,29,31,42,23,10,40,18,24,25,34,35,7,45,42,32,9,38,21,28,12,13,23,17,34,32,10,46
30,39,41,41,35,39,42,2,49,39,37,8,4,25,8,30,43,41,40,38,6,42,43,41,49,25,40,46,34,39,2,46,36,23,21,24,3,15,40,45,51,24,38,16,2,14,40,0,66,44,62,41,29,40,44,19,40,17,29,30,52,43,30,48,22,22,39,40,51,28,4,43,22,3,25,45,30,43,39,42,39,41,30,44,37,2,37,26,16,40,29,49,51,49,54,51,39,60,37,15,49,38,44,24,25,39,39,26,14,45,12,26,26,45,47,26,31,12,16,40,40
46,35,41,44,60,39,35,66,28,32,36,66,67,52,68,62,31,32,33,38,67,31,33,33,34,46,33,37,37,32,66,30,48,49,51,54,67,68,33,32,16,50,50,57,65,60,30,67,0,28,31,37,45,33,44,70,33,69,61,48,22,24,55,30,62,56,60,27,28,57,68,29,52,65,54,30,48,32,34,35,34,32,50,29,34,66,37,46,59,34,56,30,28,24,33,37,60,29,36,66,26,50,38,60,60,35,71,68,58,26,63,47,47,29,33,44,43,59,57,31,72
30,19,26,28,44,18,21,45,18,16,19,45,46,36,47,46,11,19,19,14,46,11,21,19,22,30,18,24,14,17,45,9,32,26,28,38,46,47,18,23,16,34,34,34,44,39,15,46,32,0,30,22,22,18,28,47,19,46,44,24,20,10,39,11,46,33,37,11,22,34,47,20,35,44,30,10,32,12,19,20,19,19,26,9,18,45,15,30,35,20,33,21,23,16,25,27,36,28,20,49,16,34,21,43,44,20,55,51,37,17,42,31,24,4,24,21,26,38,34,14,55
43,31,37,40,57,39,31,63,28,27,33,64,64,49,65,59,32,28,29,36,64,31,28,29,36,43,28,33,35,27,63,30,45,49,50,51,64,65,28,28,18,48,46,56,63,57,26,64,31,27,0,32,44,28,40,68,29,66,58,47,17,24,52,30,59,55,59,25,30,56,65,24,49,62,53,31,45,32,29,30,30,28,49,29,30,63,37,43,57,30,55,32,30,26,35,39,59,8,33,63,27,47,38,57,58,31,68,65,55,21,60,44,46,28,29,42,40,56,55,29,69
20,5,8,11,35,29,4,41,27,8,8,42,42,27,43,37,22,8,8,21,42,22,7,7,33,21,6,11,21,7,41,20,18,32,31,29,42,43,7,15,22,26,17,36,40,35,9,42,36,17,31,0,30,6,11,46,8,44,36,33,21,14,30,22,37,38,45,12,32,41,43,12,27,40,37,21,23,23,6,6,6,9,34,20,4,41,26,21,35,4,40,32,32,26,36,38,45,29,8,41,26,19,32,35,35,6,46,43,33,14,38,22,30,19,16,25,16,34,33,15,47
28,28,31,33,37,11,32,30,24,29,26,30,31,27,31,37,19,31,31,16,30,17,33,31,22,26,31,37,14,30,30,21,30,9,12,26,31,30,31,35,30,26,33,17,29,24,27,30,46,21,45,31,0,31,34,30,31,29,35,5,35,25,32,23,31,15,17,23,26,14,32,32,24,29,13,20,30,18,30,33,29,32,7,19,28,30,11,28,18,30,13,25,27,25,29,23,17,43,27,35,24,32,17,32,32,30,46,37,21,30,27,24,5,21,37,11,25,22,18,20,47
21,5,11,13,34,26,4,40,23,4,9,41,41,26,42,37,18,4,4,20,41,18,4,3,29,20,2,8,20,2,41,17,20,32,30,28,41,42,3,11,17,25,19,35,40,35,6,41,32,14,27,6,30,0,13,45,5,43,35,32,17,11,30,18,37,38,44,8,28,40,42,8,26,40,36,17,22,19,3,3,4,5,33,16,4,41,24,20,35,3,39,28,28,22,33,35,44,25,9,40,21,21,29,34,35,4,45,42,32,10,38,21,29,15,12,25,17,34,33,14,46
18,12,6,7,36,35,12,44,34,16,14,44,45,30,45,40,28,16,15,26,45,28,15,14,39,24,14,18,25,14,44,27,15,35,33,32,45,46,14,22,28,28,12,38,43,38,16,44,44,23,39,11,33,13,0,48,15,47,39,36,29,21,33,28,40,40,48,18,39,44,46,20,30,43,40,27,21,29,13,14,13,16,37,26,11,44,31,23,38,11,43,38,39,32,43,45,48,37,14,44,32,14,39,38,38,12,49,45,36,21,41,25,33,25,24,28,14,37,36,21,50
34,42,45,45,38,38,45,19,50,43,41,19,17,28,14,39,45,44,44,40,18,43,46,44,49,28,44,50,36,43,18,47,39,23,21,28,20,5,44,49,54,28,42,14,18,18,44,19,70,46,66,45,29,44,47,0,44,5,37,29,56,47,34,49,32,18,36,43,52,25,20,47,26,17,22,46,33,44,43,46,43,45,29,45,41,19,37,29,13,43,26,50,52,51,55,50,35,64,41,27,50,42,44,33,33,43,47,37,18,48,10,30,26,46,51,27,35,15,16,42,48
21,6,12,15,34,26,7,40,24,5,10,41,41,26,42,37,19,5,1,20,41,19,7,5,30,20,3,11,20,3,41,17,22,32,30,28,41,42,3,11,18,25,21,35,40,35,7,41,33,14,28,8,30,4,15,45,0,43,35,32,18,11,30,19,37,38,44,9,29,40,42,9,26,40,36,18,22,20,3,6,3,5,33,17,5,41,25,20,35,4,39,29,28,22,33,35,44,26,10,40,22,23,29,34,35,5,45,42,32,10,38,21,29,16,13,25,17,34,33,14,46
32,41,44,43,37,38,44,17,49,42,39,17,16,27,13,37,44,43,42,40,17,43,45,43,48,27,42,48,36,41,16,47,38,23,21,26,18,3,42,48,53,26,40,14,16,17,42,17,68,46,64,43,29,42,46,4,43,0,36,29,54,46,32,48,30,18,35,42,51,24,18,45,24,15,21,46,32,44,42,44,41,43,28,44,40,17,36,28,13,42,26,50,52,50,54,50,35,62,39,26,50,40,44,31,32,41,46,36,17,47,8,28,25,45,49,27,34,14,16,42,47
24,33,35,35,28,42,36,28,50,33,31,32,31,11,34,4,45,35,34,39,33,43,37,35,52,19,34,40,35,33,29,43,30,28,26,11,28,35,34,39,45,16,32,27,28,23,34,29,60,38,56,35,35,34,38,37,34,36,0,37,46,37,23,44,11,32,47,34,53,40,29,37,13,30,34,44,24,44,34,36,33,35,36,43,31,28,40,20,27,34,40,51,53,49,56,54,46,54,31,16,49,32,47,6,5,33,12,14,25,39,30,19,31,41,41,29,26,26,25,34,14
30,31,33,35,38,13,34,29,26,31,29,30,31,28,31,38,21,34,33,18,30,20,35,34,24,28,33,39,16,32,30,23,32,10,13,27,30,29,33,38,33,27,35,17,29,24,30,30,49,23,48,33,5,33,36,29,33,29,37,0,38,27,33,25,32,13,13,26,28,11,32,35,25,29,10,23,32,21,32,35,32,34,3,21,30,30,13,29,18,32,10,27,29,27,31,26,12,46,29,36,26,35,19,33,33,32,47,38,21,32,27,25,6,23,39,12,27,22,17,22,48
33,21,27,30,47,29,21,53,18,17,23,54,54,39,55,49,22,18,19,26,54,22,18,19,26,33,18,23,25,17,53,20,35,39,40,41,54,55,18,18,9,38,36,46,53,47,16,54,22,17,17,22,34,18,30,58,19,56,48,37,0,14,42,20,49,45,49,15,21,47,55,14,39,52,43,21,35,22,19,20,20,18,39,20,20,53,27,33,47,20,45,23,21,17,26,30,49,15,23,53,17,37,28,47,48,21,58,55,45,11,51,34,36,19,19,32,30,47,45,19,59
24,14,20,23,38,17,15,44,15,11,14,44,45,30,46,40,10,13,13,15,45,10,15,13,21,24,12,19,15,11,44,9,26,27,29,32,45,46,12,17,9,28,28,35,43,38,9,45,25,5,23,16,23,12,23,48,13,47,39,25,13,0,33,10,40,34,38,5,20,35,46,14,30,43,32,9,26,11,13,14,14,13,27,8,12,44,16,24,36,14,34,20,19,13,24,27,37,21,14,44,13,28,20,38,38,14,49,45,36,11,41,25,25,7,18,22,21,37,35,9,50
19,28,31,30,7,40,31,30,46,29,26,30,31,15,31,26,40,30,30,34,30,39,32,30,50,14,29,36,32,28,30,38,21,25,23,17,31,31,29,35,40,14,25,24,29,24,29,30,55,33,51,30,31,29,33,34,30,32,24,33,41,33,0,40,26,29,44,29,50,37,32,32,15,29,30,39,15,40,29,31,28,30,33,38,27,30,37,15,24,29,37,49,50,44,53,52,43,49,26,29,44,22,45,23,24,28,34,31,22,34,27,15,28,36,36,27,21,23,22,29,35
31,21,27,29,45,16,22,47,15,17,21,47,48,37,49,47,8,20,20,18,48,8,22,20,19,31,19,26,18,18,47,7,33,28,30,39,48,49,19,24,14,35,35,36,46,41,16,48,30,11,29,23,23,19,30,49,20,48,45,25,19,11,40,0,47,34,37,12,20,35,49,21,37,46,32,8,33,9,20,21,21,20,27,6,19,47,14,31,37,21,34,18,20,14,23,25,37,27,21,51,14,35,19,45,45,21,56,52,39,18,44,32,25,9,25,23,27,40,36,15,57
26,34,37,37,30,40,37,22,50,35,33,27,24,13,28,12,45,36,36,39,26,43,38,36,50,20,36,42,35,34,23,45,31,25,22,10,22,30,35,41,46,19,34,23,21,18,36,22,62,40,58,36,31,36,39,32,36,31,10,33,48,39,25,46,0,28,43,35,52,36,22,39,12,23,30,45,25,44,35,38,34,36,32,44,33,22,39,21,23,35,36,51,53,50,55,52,42,56,33,10,50,34,46,6,6,35,21,7,21,40,25,21,27,42,42,27,27,21,21,36,21
29,36,39,38,33,24,39,21,36,37,34,21,22,23,23,33,30,38,38,27,22,29,40,38,34,23,38,44,23,36,22,33,34,9,9,22,22,19,38,43,42,22,36,7,20,15,36,22,58,32,55,38,14,38,41,19,38,18,32,13,45,35,28,35,28,0,21,32,38,11,23,41,21,20,8,32,28,30,37,40,36,39,13,30,35,21,22,24,9,37,12,36,38,36,41,36,21,53,34,30,36,36,29,28,29,37,42,33,14,39,16,24,11,32,45,14,29,12,9,29,43
43,43,45,48,48,26,46,38,39,44,41,38,39,38,40,49,33,46,46,31,39,32,48,46,34,38,45,52,29,44,39,36,45,22,24,38,39,35,45,50,45,38,47,26,37,32,42,38,61,36,60,45,18,45,48,35,46,35,47,13,50,40,44,38,43,21,0,38,41,13,40,47,36,38,16,35,43,33,45,47,44,46,15,33,43,38,25,39,27,44,11,39,41,39,41,35,1,58,41,46,39,47,28,44,44,44,57,48,30,44,33,37,18,35,52,24,39,30,26,35,58
20,9,15,18,34,19,11,40,18,6,9,40,41,26,41,36,12,8,8,13,40,12,10,9,23,20,8,14,12,7,40,11,22,27,27,28,41,41,8,13,12,24,24,33,39,34,4,40,28,7,24,12,24,8,18,44,8,42,34,27,14,5,29,12,36,33,39,0,23,35,42,10,25,39,31,11,22,13,9,10,9,9,28,10,8,40,18,20,34,9,34,22,22,16,26,28,39,22,10,39,16,24,22,33,34,10,45,41,32,8,37,21,24,9,14,19,16,33,32,6,45
42,30,36,39,55,19,31,50,12,27,31,50,51,44,52,54,16,28,29,22,51,15,29,29,11,41,29,33,22,27,50,18,43,31,33,45,51,52,28,28,13,45,45,39,49,44,26,51,29,22,30,33,26,29,39,51,29,51,53,28,21,20,50,20,52,37,40,23,0,37,52,24,43,49,35,18,43,17,29,31,30,28,30,16,29,50,17,41,40,30,37,5,3,10,7,12,39,28,31,55,11,45,16,51,51,31,63,57,42,21,47,38,28,20,29,26,38,43,39,26,64
36,38,40,42,41,22,41,27,35,39,36,28,29,31,29,41,29,40,40,27,28,28,42,40,32,31,40,46,23,39,28,32,39,15,16,30,28,25,40,45,41,30,42,16,26,23,38,28,57,32,56,40,13,40,43,24,40,24,40,10,46,36,36,34,35,11,14,34,37,0,29,43,28,27,7,31,36,29,39,42,39,41,10,29,37,27,21,32,17,39,4,35,37,35,39,32,13,54,36,36,35,42,26,36,36,39,50,41,23,40,22,31,13,31,47,18,34,19,18,30,51
32,40,43,43,36,40,43,5,50,41,38,9,3,26,9,30,45,42,42,40,8,43,44,42,50,26,41,48,36,40,5,47,37,25,23,26,3,16,41,47,52,26,40,18,4,16,42,4,68,46,64,42,31,41,45,20,42,18,29,32,54,45,31,49,22,23,40,41,52,30,0,45,24,6,27,46,31,45,41,43,40,42,31,45,39,4,39,27,17,41,31,51,53,51,55,52,40,62,39,15,50,39,46,24,24,40,39,26,16,46,14,27,27,46,48,27,33,14,18,41,40
24,13,18,20,37,27,11,43,18,8,13,44,44,29,45,40,20,6,9,22,44,20,7,8,25,23,9,12,21,7,44,18,25,35,33,31,44,45,8,5,12,28,27,38,43,38,10,44,27,15,22,13,33,8,20,48,9,46,38,35,12,12,33,19,40,41,47,10,23,43,46,0,29,43,39,19,25,20,9,10,10,7,36,18,12,44,25,23,38,10,42,24,23,16,28,31,47,20,13,43,16,27,27,37,38,11,48,45,35,5,41,24,32,17,6,28,20,37,36,15,49
16,24,27,27,20,33,27,22,42,25,23,22,23,5,23,15,35,26,26,30,23,34,28,26,43,10,26,32,26,25,22,35,21,18,15,4,23,24,26,31,36,9,24,16,21,16,26,22,52,30,48,27,24,26,29,26,26,25,13,26,38,29,15,36,12,21,36,25,44,29,24,29,0,21,23,35,15,35,25,28,25,27,25,34,23,22,30,11,16,25,29,42,44,41,47,45,35,46,23,18,40,24,38,9,10,25,24,17,14,30,19,11,20,32,33,20,17,15,14,26,24
29,37,40,40,33,37,40,3,47,38,36,6,5,23,6,32,42,39,39,37,5,40,41,39,48,23,39,45,33,37,2,44,34,22,20,23,5,13,38,44,49,23,37,15,4,13,39,3,65,43,61,39,28,39,42,17,39,15,30,29,51,42,28,46,23,21,38,38,49,27,6,42,21,0,24,44,28,42,38,40,37,39,28,42,36,4,36,24,15,38,29,48,50,48,52,49,37,59,36,17,47,37,43,25,26,38,40,27,13,43,11,24,24,43,45,24,30,11,15,39,41
30,35,37,39,35,20,38,24,33,36,33,25,26,25,26,35,28,37,37,25,25,27,39,37,31,25,37,43,21,36,25,31,35,9,10,24,25,22,37,42,40,24,38,12,24,19,35,25,56,30,53,37,12,37,40,22,37,21,34,9,43,33,30,32,29,8,16,31,35,8,26,40,22,24,0,30,30,28,36,39,36,38,8,28,34,24,20,26,13,36,8,34,36,34,38,33,15,51,33,32,34,38,26,30,30,36,44,35,17,37,19,25,9,30,44,14,30,17,13,27,45
30,19,25,28,43,14,21,43,16,16,19,44,44,35,45,46,4,18,18,13,44,4,20,19,18,29,18,24,13,17,44,2,31,25,26,37,44,45,18,22,15,34,33,33,43,38,14,44,31,9,30,21,20,18,28,45,18,44,44,23,20,9,39,8,45,31,35,11,18,32,45,19,35,43,29,0,31,4,19,20,19,19,25,4,18,44,13,29,34,19,31,17,19,14,21,23,35,28,19,49,14,34,17,43,44,20,54,50,35,17,41,30,22,7,24,19,26,37,32,14,55
6,20,22,20,17,33,23,30,38,21,18,31,31,16,32,27,32,22,22,27,31,31,24,22,43,8,21,28,25,20,31,30,9,26,24,18,31,32,21,27,32,15,13,25,30,25,22,31,47,25,44,22,29,21,21,35,22,33,25,31,33,25,14,32,27,29,44,21,43,37,32,24,16,30,31,31,0,32,21,23,20,22,32,30,19,31,30,7,25,21,37,42,42,36,46,45,43,41,18,30,36,10,39,24,25,20,35,32,22,26,28,11,29,28,28,23,10,24,23,21,36
32,21,27,30,45,13,23,42,15,18,21,42,43,36,43,46,2,20,20,12,42,2,22,21,16,31,20,26,12,19,42,4,33,23,24,37,43,43,20,25,17,36,35,31,41,36,16,42,33,11,32,24,19,20,30,43,20,43,45,21,22,11,41,9,43,29,33,13,17,31,44,21,35,41,27,3,33,0,21,22,21,21,23,5,20,42,11,31,32,21,30,15,17,15,20,22,33,30,21,47,15,36,15,43,43,22,55,49,33,19,39,30,20,9,26,17,28,35,30,15,56
20,5,10,13,34,26,5,40,24,5,8,40,41,26,41,36,19,5,3,20,40,19,6,4,30,20,2,10,19,3,40,18,20,31,29,28,41,42,1,11,18,24,19,34,39,34,7,40,33,15,28,6,29,3,13,44,3,42,34,31,18,12,29,19,36,37,44,9,29,40,42,9,25,39,35,18,22,20,0,5,1,5,32,17,3,40,25,20,34,2,39,29,29,22,33,36,43,26,9,39,22,21,29,34,34,2,45,41,32,10,37,21,29,16,13,24,16,33,32,13,45
22,6,11,14,36,27,4,42,25,6,10,42,43,28,43,38,20,6,6,22,43,20,4,4,31,22,5,7,21,4,42,18,21,33,32,30,43,44,5,12,19,26,20,36,41,36,8,42,34,15,29,6,31,3,14,46,6,45,37,34,19,12,31,20,38,39,46,10,30,42,44,10,28,41,38,19,24,20,5,0,6,6,34,18,5,42,26,22,36,4,41,30,29,23,34,36,45,27,10,42,23,22,30,36,36,6,47,43,34,11,39,23,31,17,14,26,19,35,34,15,48
19,4,10,13,33,27,6,39,24,5,8,39,40,25,41,35,20,6,3,19,40,20,7,5,30,19,2,11,18,4,39,18,20,30,29,27,40,41,2,12,19,23,19,34,38,33,7,40,34,14,29,6,29,4,13,43,3,42,34,31,19,12,28,19,35,36,43,9,29,39,41,10,25,38,35,19,21,20,1,6,0,6,32,18,3,39,24,19,33,3,38,30,29,23,34,36,43,27,9,39,23,21,30,33,33,3,44,41,31,11,36,20,28,17,13,23,16,32,31,12,45
21,9,14,17,35,26,7,41,23,5,11,42,42,27,43,37,19,1,5,21,42,19,5,3,30,21,5,9,20,3,41,18,23,33,31,29,42,43,5,9,17,26,23,36,41,35,7,42,32,15,27,9,31,5,17,46,5,44,36,33,17,12,30,19,37,38,45,9,28,41,43,7,27,40,37,18,23,20,6,6,6,0,34,17,8,41,25,21,35,6,40,29,28,22,33,36,45,25,11,41,21,25,29,35,35,7,46,43,33,10,38,22,30,16,11,25,18,34,33,14,47
32,32,35,37,38,15,36,30,28,33,30,30,31,28,31,39,23,35,35,20,30,21,37,35,26,28,35,41,18,34,30,25,34,11,13,28,31,29,35,40,35,28,37,17,29,24,32,30,50,25,50,35,7,35,38,29,35,28,37,3,40,29,34,27,33,13,14,28,30,10,32,36,26,29,9,24,33,23,34,37,34,36,0,23,32,30,15,29,18,34,9,29,31,29,33,27,14,48,31,36,28,36,21,34,34,34,47,38,22,34,26,27,8,25,41,13,29,22,18,24,48
29,19,25,28,43,12,20,43,14,16,19,44,45,35,45,45,5,18,18,14,44,5,20,18,16,29,17,24,14,16,44,4,31,24,26,37,44,45,17,22,14,33,33,33,43,38,14,44,30,9,29,21,19,17,28,45,18,45,44,22,19,9,38,7,45,31,34,10,16,31,46,19,35,43,29,4,31,5,18,19,19,18,23,0,17,44,11,29,34,19,30,15,17,14,19,21,33,27,19,49,14,33,15,43,43,19,54,50,35,16,41,30,22,7,23,19,26,37,32,13,55
18,2,8,11,32,26,5,38,24,7,6,38,39,24,39,34,18,8,5,18,38,18,6,6,29,18,4,10,17,6,38,17,18,29,27,26,39,39,4,14,18,22,17,32,37,32,6,38,34,13,29,4,27,4,11,42,5,40,32,29,19,11,27,18,34,35,42,8,29,38,40,12,23,37,33,17,20,19,3,6,3,8,30,16,0,38,23,18,32,3,37,28,28,22,33,35,41,27,6,37,22,19,28,31,32,2,43,39,30,12,35,19,27,15,15,22,14,31,30,11,43
30,38,41,41,34,38,41,1,48,39,36,9,5,24,9,30,43,40,40,38,7,41,42,40,48,24,39,46,34,38,3,45,35,23,21,24,3,16,39,45,50,24,38,16,1,14,40,2,66,44,62,40,29,39,43,19,40,17,28,30,52,43,29,47,21,21,38,39,50,28,4,43,22,4,25,44,29,43,39,41,38,40,29,43,37,0,37,25,15,39,29,49,51,49,53,50,38,60,37,15,48,37,44,24,24,38,38,26,14,44,12,25,25,44,46,25,31,12,16,39,39
29,22,27,30,42,7,25,36,15,22,21,37,37,31,38,41,10,24,24,9,37,8,26,24,17,29,24,30,9,22,37,12,31,16,18,32,37,37,24,28,22,32,33,24,36,31,20,37,37,14,37,25,10,24,30,36,24,36,40,13,27,16,37,14,38,22,25,16,17,22,38,25,30,36,20,11,31,10,23,26,23,25,15,10,21,37,0,29,25,23,21,16,18,16,20,19,25,35,21,42,15,33,13,38,38,23,50,43,28,22,34,25,13,14,30,13,25,29,25,13,51
9,19,21,21,20,32,22,26,36,19,17,26,27,12,28,22,31,21,20,25,27,29,23,21,41,4,20,26,23,19,26,29,14,22,19,14,27,28,20,25,31,11,17,21,25,20,20,27,46,24,42,21,27,20,24,30,20,29,21,29,32,23,15,30,22,25,40,20,41,33,28,23,12,25,27,30,7,31,19,22,19,21,30,29,17,26,29,0,20,20,33,41,41,35,45,44,40,40,17,26,35,16,37,20,20,19,31,28,18,25,23,7,25,27,27,20,11,19,18,20,32
24,32,35,35,28,27,35,15,39,33,30,15,17,18,17,28,33,34,34,29,16,32,36,34,38,18,34,40,25,32,16,36,29,12,10,18,16,14,33,39,44,18,32,3,14,10,34,16,60,35,56,34,18,33,37,13,34,13,27,18,46,37,23,38,23,9,27,33,41,17,17,37,16,15,13,35,23,33,33,35,32,34,17,33,31,15,26,19,0,33,18,39,41,39,44,39,26,54,31,23,39,31,33,23,24,33,37,28,9,38,11,19,15,35,40,16,25,6,4,31,38
20,3,9,12,34,27,4,40,25,6,7,40,41,26,41,36,20,6,4,20,40,20,5,4,31,20,3,8,19,4,40,19,19,31,29,28,41,41,3,12,19,24,18,34,39,34,8,40,34,15,29,4,29,2,12,44,4,42,34,31,19,13,29,20,36,37,44,10,30,40,42,10,25,39,35,19,22,21,2,4,3,6,32,18,2,40,25,20,34,0,39,30,30,23,34,36,43,27,7,39,23,19,30,33,34,2,45,41,32,11,37,21,29,17,14,24,16,33,32,13,45
36,37,39,42,41,21,40,29,34,38,35,30,31,31,32,41,29,40,39,26,30,27,42,40,31,30,39,45,23,38,30,31,38,14,16,30,30,27,39,45,40,30,41,18,29,24,37,30,56,31,55,39,12,39,42,27,40,26,39,10,45,35,36,33,35,13,11,33,36,4,31,42,28,29,7,30,35,28,39,41,38,40,9,29,37,29,21,31,19,38,0,35,37,35,38,32,10,53,35,38,34,41,25,36,36,38,50,40,22,39,24,30,12,31,46,18,33,22,18,29,50
41,30,36,39,54,17,32,49,11,27,30,49,50,43,50,53,15,29,29,21,49,14,30,30,8,40,29,34,20,28,49,17,42,29,31,44,49,50,29,29,14,43,44,38,48,43,25,49,31,20,32,33,24,29,39,50,30,50,51,27,23,20,49,18,50,36,38,22,5,36,51,25,42,48,34,17,42,15,30,31,30,29,28,14,29,49,16,40,39,31,35,0,6,9,6,9,38,30,30,54,9,45,15,49,50,31,62,55,40,22,46,37,27,18,30,24,37,42,37,24,62
41,30,36,39,55,19,31,51,13,27,31,51,52,45,52,55,17,28,29,23,51,16,28,29,12,41,28,33,23,27,51,19,43,32,33,46,52,52,28,28,12,45,45,40,50,45,25,51,29,23,30,32,26,28,39,52,29,52,54,29,21,19,50,21,52,38,40,23,3,38,53,24,44,50,36,19,43,17,29,30,30,28,31,17,29,51,18,41,41,30,37,6,0,11,8,13,40,28,31,56,11,45,17,52,52,30,64,58,42,21,48,39,29,21,29,26,38,44,39,26,65
35,24,30,33,49,17,25,49,6,21,25,49,50,41,50,51,15,21,23,21,49,14,22,23,12,35,22,27,21,21,49,14,37,30,31,43,50,51,22,22,8,39,39,38,48,43,19,49,24,17,25,26,24,22,33,50,23,50,50,27,16,13,44,14,51,36,39,16,10,36,51,18,41,48,34,15,37,16,23,24,23,22,29,14,23,49,16,35,39,24,35,9,11,0,13,17,38,23,25,54,2,39,15,49,49,24,60,56,41,15,46,36,27,15,23,25,32,42,37,20,61
45,35,41,43,58,21,36,53,15,31,35,53,54,47,54,57,19,33,34,25,53,18,34,34,11,45,33,38,25,32,53,21,47,34,35,48,54,54,33,33,18,47,49,42,52,47,30,53,34,25,35,37,28,33,44,54,34,54,56,31,26,25,53,23,54,40,41,26,7,39,55,29,46,52,38,21,47,19,34,35,35,33,33,19,33,53,20,45,43,35,38,6,7,13,0,8,40,33,35,58,13,49,16,54,54,35,66,60,44,26,50,41,31,23,34,28,41,46,41,29,67
44,37,43,46,56,16,38,50,18,34,37,50,51,45,51,56,21,36,36,26,50,21,37,36,8,43,36,41,26,34,50,23,46,29,31,46,51,50,35,36,21,46,48,37,49,44,32,50,37,27,39,39,23,36,46,50,36,49,54,25,30,27,52,25,52,36,34,29,12,32,52,33,44,49,33,24,46,22,36,38,37,36,27,21,36,50,19,43,39,37,31,9,13,17,9,0,34,37,37,55,17,48,9,52,53,37,64,57,42,30,47,40,27,25,37,26,40,42,38,30,65
42,43,45,47,48,25,46,37,38,43,41,38,39,38,40,48,33,46,45,31,38,32,47,46,34,38,45,51,28,44,38,35,44,21,23,37,38,35,45,50,45,38,47,25,37,32,42,38,61,35,60,45,17,45,48,35,45,34,47,13,50,39,43,37,43,21,1,38,40,13,40,47,36,37,15,35,43,33,44,47,44,46,14,33,42,38,25,39,26,44,11,39,41,39,41,34,0,58,41,46,38,47,28,43,44,44,57,48,30,44,32,37,18,35,51,24,39,30,26,34,58
41,29,35,38,55,37,29,61,26,25,31,62,62,47,63,57,30,26,27,34,62,30,26,27,34,41,26,31,33,25,61,28,43,47,48,49,62,63,26,26,16,46,44,54,61,55,24,62,29,25,8,30,42,26,38,66,27,64,56,45,15,22,50,28,57,53,57,23,28,54,63,22,47,60,51,29,43,30,27,28,28,26,47,28,28,61,35,41,55,28,53,30,28,24,33,37,57,0,31,61,25,45,36,55,56,29,66,63,53,19,59,42,44,27,27,40,38,54,53,27,67
16,6,10,13,30,26,9,36,25,8,2,36,37,22,38,32,19,9,9,17,37,19,11,9,30,16,9,15,16,8,36,18,16,27,26,24,37,38,9,14,19,20,18,31,35,30,9,37,35,13,31,8,25,9,13,40,9,39,31,27,21,12,25,19,32,33,39,8,30,35,38,12,22,35,31,18,18,20,8,10,8,10,28,17,6,36,22,16,30,7,34,29,30,24,34,36,39,29,0,36,23,18,30,30,30,8,41,37,28,13,33,17,24,15,16,20,11,29,28,11,42
30,38,41,41,34,44,41,15,54,39,36,20,18,20,22,18,48,40,40,43,19,47,42,40,54,24,40,46,39,38,16,49,35,28,26,16,15,25,39,45,50,24,38,24,14,20,40,16,66,44,62,40,35,40,43,28,40,26,17,37,52,43,29,50,10,30,47,39,56,36,15,43,18,17,33,49,29,48,39,41,38,40,36,48,37,15,42,25,24,39,37,54,56,54,59,56,46,60,37,0,54,38,49,12,12,39,27,14,22,44,21,25,31,46,46,31,31,20,24,39,28
35,24,30,32,49,17,24,48,5,20,24,49,49,40,50,51,15,21,22,20,49,14,22,22,12,34,22,26,20,21,48,14,36,29,31,43,49,50,22,21,9,39,38,37,48,42,19,49,25,16,26,26,24,22,33,50,22,49,49,26,16,13,44,13,50,36,38,16,11,36,50,18,40,47,33,14,37,15,23,24,23,21,28,13,22,48,15,34,39,23,35,9,11,2,13,17,38,24,24,53,0,39,15,48,49,24,59,55,40,15,46,36,27,15,22,24,31,41,37,20,60
10,20,14,12,25,36,20,39,40,23,19,39,40,25,40,35,35,24,23,29,39,33,23,22,45,17,22,27,28,22,39,33,4,32,30,27,40,41,22,29,35,23,4,33,38,33,24,39,50,28,46,19,33,21,14,43,23,42,34,35,36,27,22,34,35,37,47,24,45,43,41,27,25,38,38,34,10,35,21,22,21,25,36,32,19,39,34,16,33,20,42,45,45,39,49,48,47,44,19,39,39,0,42,33,33,20,44,40,31,29,36,20,32,30,31,26,11,32,31,24,45
38,31,37,40,51,10,33,44,14,28,31,44,45,40,46,50,16,30,30,21,45,15,32,30,9,37,30,36,20,29,44,17,40,23,25,41,45,44,30,33,22,40,43,32,43,38,26,45,38,21,37,33,17,30,40,44,30,44,48,20,27,21,46,19,46,30,27,23,17,25,46,29,39,43,26,18,40,16,31,32,31,31,22,15,30,44,14,38,33,31,24,15,17,15,16,10,27,35,31,49,15,43,0,46,47,32,59,51,36,26,41,34,21,19,34,21,35,37,32,24,59
24,32,35,35,27,40,35,23,49,33,30,28,26,10,30,8,43,34,34,37,28,42,36,34,51,18,33,40,34,32,25,42,29,25,23,7,23,30,33,39,44,16,32,24,23,18,34,24,60,38,56,34,31,33,37,33,34,31,7,33,46,37,23,44,6,28,43,33,51,36,24,37,9,25,30,43,23,43,33,35,32,34,33,42,31,24,38,19,24,33,36,50,52,48,54,52,43,54,31,12,48,31,46,0,3,32,17,11,21,38,26,19,28,40,40,28,25,22,21,33,18
24,32,35,35,27,40,35,23,49,33,30,28,26,11,30,7,43,34,34,37,28,42,36,34,51,18,33,40,33,32,24,42,29,25,23,7,23,30,33,39,44,16,32,24,23,18,34,24,60,38,56,34,31,33,37,33,34,31,6,33,46,37,23,44,6,28,43,33,51,36,24,37,9,25,30,43,23,43,33,35,32,34,33,42,31,24,38,19,23,33,36,50,52,48,54,52,43,53,30,12,48,31,46,2,0,32,16,11,21,38,26,19,28,40,40,28,25,22,21,33,17
19,3,9,12,33,27,6,39,25,7,8,40,40,25,41,35,20,7,5,19,40,20,7,5,31,19,3,10,19,5,39,18,19,31,29,27,40,41,4,13,20,24,18,34,39,33,7,40,35,15,30,6,29,4,12,44,5,42,34,31,20,12,28,20,35,36,43,10,30,39,41,11,25,38,35,19,21,20,3,6,3,7,32,18,2,39,24,19,33,2,38,30,30,24,34,36,43,28,8,39,24,20,30,33,34,0,44,41,31,12,37,20,28,17,14,23,16,32,31,13,45
35,43,46,46,38,52,46,39,61,44,42,43,41,21,45,15,55,45,45,49,43,54,47,45,63,29,45,51,46,43,40,54,40,39,37,22,38,45,44,50,55,26,43,38,38,33,45,39,71,49,67,45,45,45,48,48,45,46,12,47,57,48,34,55,21,42,57,44,63,50,39,48,24,40,44,54,34,55,44,47,43,45,47,53,42,39,50,30,37,44,50,62,64,59,66,64,57,65,42,27,59,43,58,17,16,44,0,24,35,49,41,30,42,51,51,40,36,37,35,45,5
31,40,42,42,35,45,43,25,55,40,38,31,28,19,32,16,50,42,41,44,30,49,43,42,56,25,41,47,40,40,27,50,37,30,28,15,25,35,41,46,52,25,39,29,25,23,41,26,67,45,63,42,36,41,45,38,41,36,14,38,53,44,30,51,7,33,48,41,57,41,26,44,17,27,35,50,30,50,40,43,40,42,38,49,38,26,44,27,28,41,41,56,58,56,60,57,48,61,38,14,55,39,51,11,12,40,24,0,26,46,31,27,33,47,48,33,32,27,26,41,26
22,30,33,33,26,30,33,14,40,31,28,14,15,16,16,26,34,32,32,29,14,33,34,32,40,16,31,38,25,30,14,37,27,14,12,15,15,16,31,37,42,16,29,9,13,7,32,14,58,36,54,32,21,31,35,18,32,17,25,21,44,35,21,39,21,14,30,31,42,23,16,34,14,13,17,36,21,34,31,33,30,32,21,34,29,14,28,17,9,31,23,40,42,40,45,42,30,51,28,22,40,29,35,21,22,30,35,26,0,36,11,17,17,36,38,17,23,7,7,31,36
24,13,18,21,38,23,12,44,16,8,14,44,45,30,46,40,16,8,10,18,45,16,9,10,24,24,9,14,17,8,44,15,26,32,32,32,45,46,9,9,10,28,27,39,43,38,8,45,25,11,20,13,29,9,21,48,10,47,39,31,10,9,33,16,40,38,44,7,21,40,46,5,30,43,36,15,26,17,10,11,10,9,33,14,12,44,22,24,38,11,39,22,21,15,26,29,43,18,14,44,14,28,26,38,38,11,49,46,36,0,41,25,29,13,10,25,21,37,36,11,50
27,35,38,38,31,35,38,12,45,36,34,12,13,21,14,32,40,37,37,35,12,39,39,37,46,21,37,43,31,36,12,43,32,20,18,21,13,8,37,42,47,21,35,11,11,11,37,12,63,41,59,38,26,37,40,10,37,9,30,27,49,40,27,44,25,16,33,36,48,22,14,40,19,11,19,42,26,40,36,39,36,38,26,40,34,12,34,22,11,36,23,46,48,46,50,47,33,57,34,20,46,35,41,26,26,36,41,30,11,41,0,23,23,42,44,23,28,9,13,37,41
11,20,23,23,20,27,23,25,36,21,18,25,26,11,27,21,30,22,22,24,26,28,24,22,38,6,21,28,20,20,25,30,17,19,16,13,26,27,21,27,32,11,19,20,24,19,22,26,48,26,44,22,23,21,25,29,22,28,20,25,34,25,16,32,21,23,37,21,38,31,27,25,11,24,25,31,10,30,21,23,20,22,25,30,19,25,25,6,19,21,30,37,39,36,41,39,36,41,18,25,36,19,33,19,20,20,30,27,17,26,22,0,21,28,28,15,13,18,17,21,31
27,28,31,33,33,15,32,26,27,30,26,26,27,23,27,33,22,31,31,18,26,20,33,31,25,23,31,37,14,29,26,24,30,5,8,22,27,26,30,36,33,22,33,13,25,20,28,26,49,23,47,30,5,31,34,26,31,25,32,6,37,27,28,26,28,10,18,25,29,13,28,33,20,25,8,23,28,21,30,33,29,32,7,22,28,26,14,24,15,30,13,28,30,28,32,27,18,45,26,31,27,32,21,28,29,30,42,33,18,31,23,21,0,23,38,8,24,19,14,21,43
28,17,23,26,41,16,18,43,15,14,17,44,44,33,45,43,9,16,16,13,44,8,18,16,19,27,16,22,12,15,44,7,29,25,26,35,44,45,16,20,14,32,31,33,43,38,12,44,30,4,28,19,20,16,26,45,16,44,42,23,18,7,37,8,43,31,35,9,20,32,46,17,33,43,29,7,29,9,17,18,17,17,25,6,16,44,13,27,34,17,31,18,21,14,23,25,35,26,17,47,14,31,19,41,42,17,52,49,35,14,41,28,22,0,22,19,24,37,32,11,53
25,14,19,22,39,31,13,45,23,9,15,45,46,31,47,41,23,10,11,25,46,23,11,11,30,25,10,15,24,9,45,22,27,36,35,33,46,47,10,4,17,29,28,40,44,39,11,46,32,19,27,14,35,10,22,49,11,48,40,37,17,16,34,23,41,42,49,13,28,45,47,6,31,44,41,22,27,24,11,12,11,10,38,21,13,45,29,25,39,12,44,29,27,21,33,36,49,25,15,45,21,29,32,39,39,12,50,47,37,9,42,26,34,20,0,29,22,38,37,19,51
22,23,25,27,32,14,26,25,24,25,21,26,26,21,27,31,18,26,26,13,26,17,28,26,25,19,25,32,10,24,26,21,24,8,8,22,26,27,25,31,29,21,26,14,25,20,23,26,44,20,42,25,10,25,28,27,26,26,30,12,31,22,27,23,27,14,24,19,26,19,27,28,20,25,14,20,23,18,25,27,24,26,12,19,23,26,13,19,16,24,18,24,26,24,29,26,23,39,21,30,24,26,20,28,28,24,40,32,17,25,23,16,7,20,32,0,18,19,14,16,41
7,15,15,12,26,28,17,32,33,16,12,33,33,18,34,28,27,17,17,22,33,26,19,17,38,12,17,23,20,16,32,26,8,24,22,20,33,34,17,22,27,17,11,27,32,26,17,33,43,21,39,16,25,17,15,37,17,35,27,27,29,20,21,27,28,30,39,16,38,35,34,20,18,31,30,26,11,27,16,19,16,18,28,25,14,32,26,10,26,16,34,37,38,32,42,40,39,37,13,32,31,11,34,26,27,16,37,34,24,21,30,13,24,23,24,18,0,25,24,17,38
23,32,34,34,28,31,35,12,42,32,30,12,13,18,14,28,36,33,33,31,12,35,35,34,41,17,33,39,27,32,12,39,29,16,14,17,12,14,33,38,43,17,31,7,11,7,33,12,59,37,55,34,22,33,37,15,33,15,26,22,45,36,23,41,21,12,31,33,44,20,14,36,15,11,17,38,22,36,32,35,32,34,21,36,30,12,30,18,6,33,21,42,44,42,47,43,30,53,30,20,42,31,37,22,23,32,37,27,7,37,9,19,18,38,40,19,24,0,8,33,37
22,30,33,32,26,26,33,15,37,31,28,16,17,16,17,26,31,32,32,26,16,30,34,32,37,16,31,38,22,30,16,34,27,11,9,15,16,17,31,37,42,15,29,5,15,10,32,16,58,33,54,32,17,31,35,16,32,16,25,17,44,35,21,36,21,9,26,31,39,18,18,34,14,15,13,33,21,31,31,33,30,32,17,32,29,16,25,17,4,31,19,37,39,38,42,38,26,51,28,23,37,29,32,21,22,30,35,26,7,36,13,17,14,33,38,14,23,8,0,29,36
20,12,18,21,34,19,15,40,22,12,12,40,41,26,42,36,14,14,14,9,41,13,16,14,25,20,14,20,8,12,40,13,22,23,23,28,41,42,13,18,16,25,24,29,39,34,10,41,31,8,28,15,20,14,21,42,14,41,35,23,18,9,29,15,36,29,35,6,26,31,42,15,26,39,27,14,22,14,13,16,12,14,24,13,11,40,14,20,31,13,30,24,26,20,29,31,35,26,12,40,20,24,24,34,34,13,45,42,32,12,37,21,20,11,20,15,17,33,29,0,46
35,44,46,46,39,53,47,39,61,44,42,43,42,22,45,13,56,46,45,50,44,54,48,46,63,30,45,51,46,44,40,54,41,39,37,22,39,46,45,50,56,27,43,38,39,34,45,40,71,49,67,46,46,45,49,48,45,47,14,48,57,48,34,55,22,43,58,45,64,51,40,48,24,41,45,55,35,55,45,47,44,46,47,54,42,39,51,31,38,45,51,62,64,60,67,65,57,65,42,28,60,43,58,17,16,44,5,26,36,50,41,30,42,52,52,40,37,37,36,45,0
