Name: ber-n15-m4-c3-OD-large
Type: GPDPOD-IMC
Commodity type: 4
Compartment num: 3
CapacityHD: 100
VehicleHDs: 6
CapacityOD: 50
VehicleODs: 18
ID Xc Yc DEMAND StartT EndT SerT PairedID
0,52.4517877,13.3258861,[0, 0, 0, 0],0,240,0,0
1,52.4870209,13.5320217,[14, 6, 2, 32],103,223,5,8
2,52.5890467,13.3741401,[7, 2, 1, 8],0,99,5,9
3,52.4756926,13.5415492,[3, 6, 1, 4],47,167,5,10
4,52.4905608,13.5364526,[14, 6, 2, 8],96,216,5,11
5,52.6011431,13.244155,[14, 6, 2, 16],57,177,5,12
6,52.4316787,13.5113971,[14, 6, 2, 26],92,212,5,13
7,52.5257578,13.5875732,[14, 6, 2, 12],85,205,5,14
8,52.537683,13.5869203,[-14, -6, -2, -32],126,200,5,1
9,52.5412079,13.6254838,[-7, -2, -1, -8],41,161,5,2
10,52.5554649,13.5562327,[-3, -6, -1, -4],72,192,5,3
11,52.5741403,13.5151341,[-14, -6, -2, -8],121,203,5,4
12,52.4945874,13.3972483,[-14, -6, -2, -16],94,214,5,5
13,52.5545406,13.2063996,[-14, -6, -2, -26],136,213,5,6
14,52.4036492,13.4151511,[-14, -6, -2, -12],130,222,5,7
StartID EndID StartX StartY EndX EndY StartT EndT
15,33,52.5397424,13.5002961,52.5257847,13.2382346,40,541
16,34,52.4985482,13.5481338,52.4229595,13.5620156,30,477
17,35,52.481499,13.2905647,52.6457986,13.3023966,12,489
18,36,52.4337183,13.4839426,52.5665884,13.3052383,59,536
19,37,52.422847,13.422781,52.4295421,13.3413099,114,474
20,38,52.4721013,13.2973022,52.586391,13.304001,85,481
21,39,52.4465095,13.2917093,52.4616545,13.1247583,92,452
22,40,52.4983444,13.5128148,52.4379012,13.4644458,4,451
23,41,52.4393384,13.5531586,52.6086512,13.2338073,43,544
24,42,52.4334632,13.4886692,52.5757263,13.4456462,0,720
25,43,52.5090707,13.5007129,52.4351044,13.5125438,55,493
26,44,52.4688722,13.5107503,52.4370552,13.3267241,5,458
27,45,52.4255718,13.4717532,52.5523995,13.4351778,21,483
28,46,52.6162206,13.2296805,52.4257713,13.4866372,39,534
29,47,52.4213016,13.1575329,52.5536897,13.3722206,64,520
30,48,52.4893958,13.5121263,52.4350081,13.4785181,0,435
31,49,52.413744,13.2661427,52.4309904,13.3996006,0,444
32,50,52.6169806,13.2285353,52.5467829,13.2363721,47,491
edge
0,27,30,28,29,28,20,41,40,43,38,37,14,28,18,31,37,10,19,18,9,6,30,24,20,29,22,20,32,22,29,13,32,18,25,35,22,8,24,35,18,31,31,22,5,26,19,24,18,14,23
28,0,31,4,2,42,15,16,18,22,17,20,23,45,26,13,13,28,17,24,28,30,7,13,16,9,6,18,45,42,4,37,45,36,17,45,36,30,37,53,18,45,23,16,30,21,16,27,18,28,40
29,31,0,35,33,19,39,34,32,36,29,23,22,28,41,24,34,23,37,39,24,28,29,39,38,26,33,38,22,33,32,35,23,22,41,19,14,34,12,42,36,22,14,40,31,13,38,9,37,38,22
30,4,35,0,6,45,15,16,18,22,20,23,25,47,29,16,10,30,19,26,30,32,10,9,19,12,9,21,48,44,8,40,48,38,14,49,39,32,40,55,20,48,26,17,33,24,18,30,20,30,42
30,2,32,6,0,43,17,17,19,23,17,20,24,47,28,13,14,30,19,25,29,32,8,15,18,10,8,20,46,44,6,39,46,38,19,46,37,32,38,55,20,46,24,18,32,22,18,27,20,29,42
28,42,19,45,43,0,38,46,45,48,42,37,29,16,41,36,45,22,37,39,23,27,39,42,38,36,40,38,5,32,42,34,5,21,43,17,12,33,9,36,36,3,29,40,31,25,37,18,36,38,18
21,14,38,15,16,39,0,27,29,33,28,32,19,38,18,24,21,21,7,15,21,23,19,7,6,21,10,8,42,35,16,31,42,29,9,45,33,23,34,46,10,42,34,3,24,29,6,31,8,19,33
41,16,35,16,17,47,27,0,5,8,12,18,28,51,40,15,11,41,30,37,41,43,15,21,30,14,20,32,50,54,18,51,50,44,27,49,41,43,42,62,31,49,26,29,44,24,29,30,31,41,46
40,17,32,18,19,44,29,5,0,8,9,15,27,49,42,12,13,40,32,39,40,42,16,23,31,16,22,34,47,53,19,50,47,43,28,46,38,42,39,61,33,47,23,31,43,21,31,27,33,43,44
44,22,36,22,23,48,33,8,7,0,12,19,30,52,46,16,17,43,36,43,43,46,20,27,36,20,26,38,51,56,24,53,51,46,33,50,42,46,42,64,37,50,27,35,46,25,35,31,37,47,47
38,16,29,19,17,42,29,11,8,12,0,10,24,46,40,10,15,37,30,37,38,40,15,26,30,14,20,32,45,50,18,48,45,40,31,44,36,40,37,58,31,45,19,29,40,18,30,25,31,41,41
37,20,23,23,21,37,32,19,16,19,10,0,24,43,42,12,22,36,34,39,37,39,18,31,34,18,24,36,41,47,21,47,41,37,35,37,32,39,32,56,34,40,13,33,40,13,33,22,35,41,38
15,22,22,24,23,29,20,28,27,30,25,24,0,30,22,18,25,15,18,19,15,17,19,23,19,17,18,19,32,29,21,25,32,22,25,34,23,17,24,39,16,32,18,21,18,14,18,15,18,19,26
27,44,29,46,46,16,38,51,50,53,48,42,31,0,40,41,50,21,36,38,22,26,44,42,37,41,40,37,21,31,46,33,21,11,43,31,22,32,22,22,35,19,35,39,30,31,37,23,36,37,7
18,25,40,27,27,42,18,39,41,45,40,42,22,41,0,35,35,24,13,6,23,21,30,22,14,31,22,11,45,36,27,25,45,32,23,48,36,15,37,49,11,45,37,19,18,32,13,33,12,8,36
32,13,23,16,14,36,25,14,13,16,11,12,18,40,35,0,16,31,27,32,31,34,11,25,27,10,17,29,39,44,14,41,39,34,28,38,29,34,30,52,27,38,14,26,34,12,26,19,28,35,35
38,13,34,10,15,45,21,11,13,17,15,21,25,49,36,15,0,38,26,33,38,40,12,15,25,12,18,27,48,52,15,47,48,42,21,48,38,40,40,60,27,47,26,24,40,24,25,29,27,37,44
10,27,23,29,29,22,21,41,40,43,38,36,15,21,24,31,38,0,19,21,4,8,30,25,20,30,23,21,26,18,30,14,26,12,26,29,16,16,18,29,18,25,29,22,13,25,20,18,19,20,17
20,16,37,17,18,38,7,30,32,36,30,33,18,37,13,26,25,20,0,10,20,22,21,11,2,22,12,5,41,34,18,29,41,28,12,44,32,20,33,45,5,40,33,8,22,28,4,29,2,14,32
18,23,39,24,24,40,15,36,38,42,37,40,19,39,6,32,33,21,10,0,21,21,27,19,11,28,19,8,43,35,25,25,43,30,20,46,34,15,35,46,9,42,34,16,18,30,10,31,9,7,34
9,28,25,29,29,24,21,41,40,44,38,37,15,23,24,32,38,4,19,21,0,7,30,25,20,30,23,21,27,20,30,14,27,14,26,30,18,14,19,31,18,27,30,22,12,26,20,19,19,20,18
6,29,29,30,31,28,22,43,42,45,40,39,16,27,21,33,39,8,21,22,7,0,32,26,22,31,24,22,32,17,31,9,32,18,27,35,22,9,24,35,20,31,33,24,7,28,21,24,20,19,23
31,7,29,10,8,39,20,15,16,20,15,18,19,44,31,11,12,31,22,28,31,33,0,19,21,5,11,23,43,45,6,41,43,36,22,43,33,33,35,54,22,42,22,21,34,19,21,24,22,32,39
26,13,39,9,15,43,7,21,23,27,25,31,23,42,22,24,15,25,11,20,25,27,19,0,11,20,11,13,46,39,16,35,47,33,6,50,37,27,39,50,14,46,34,9,28,30,10,33,13,24,37
21,16,38,17,17,38,6,29,31,35,30,33,18,37,14,26,25,20,2,11,20,22,20,11,0,22,12,6,41,34,18,30,42,28,11,45,32,21,34,45,6,41,33,7,23,29,3,30,4,15,33
31,8,27,11,9,38,20,13,15,19,14,17,18,42,32,10,10,31,22,29,31,33,4,19,22,0,12,24,41,44,7,41,41,35,23,41,31,33,33,53,23,40,19,21,34,17,21,22,23,32,37
23,6,33,8,8,41,10,20,22,26,21,24,18,40,22,17,18,23,12,19,23,25,11,11,12,13,0,14,44,37,8,33,44,31,13,47,35,25,36,48,13,44,26,11,26,23,11,28,13,23,35
20,17,38,19,19,39,8,31,33,37,32,35,19,38,11,28,27,21,5,8,21,23,22,12,5,24,14,0,42,35,19,29,42,29,13,45,33,18,34,46,5,42,34,9,20,29,3,31,5,12,33
31,45,23,48,46,5,42,49,48,51,46,40,32,21,44,39,48,25,40,42,26,30,42,46,41,39,43,41,0,35,45,37,1,25,47,17,15,36,13,41,39,4,32,43,34,29,40,22,40,41,23
25,42,34,44,44,33,36,55,54,57,52,47,30,32,38,45,53,19,34,36,20,21,45,40,35,44,38,35,36,0,44,20,36,23,41,39,27,27,28,40,33,36,40,37,26,36,35,28,34,35,27
30,4,31,8,6,41,17,18,19,23,18,21,21,46,28,14,15,29,19,25,29,31,6,16,18,8,8,20,45,43,0,39,45,37,19,45,35,31,37,54,19,44,24,18,32,21,18,26,20,29,41
13,37,36,38,38,35,30,50,49,53,47,46,24,34,25,41,47,14,28,25,14,9,39,34,29,39,32,29,38,17,39,0,38,25,35,41,29,13,30,41,27,37,40,31,11,36,29,30,28,23,29
31,45,23,48,46,5,42,50,48,51,46,41,32,21,44,39,48,25,40,42,26,30,43,46,41,39,44,41,1,35,46,37,0,25,47,17,15,36,13,41,39,4,32,43,34,29,40,22,40,41,23
18,35,23,36,37,22,29,45,43,46,41,36,22,11,31,34,42,12,27,29,13,17,37,33,28,33,30,28,25,22,37,24,25,0,34,28,16,23,17,22,26,24,29,30,21,24,27,17,27,28,14
26,16,41,12,18,44,8,25,26,31,29,33,24,43,23,26,19,26,12,20,26,28,21,6,11,22,12,13,47,40,18,35,47,34,0,50,38,28,39,51,15,46,36,10,28,32,11,35,13,24,38
34,46,18,49,47,17,45,49,47,50,44,37,34,31,47,38,49,28,43,45,29,33,43,49,44,40,47,44,17,38,46,40,17,28,50,0,18,39,15,47,42,18,30,46,37,28,44,21,43,44,26
22,35,14,39,37,12,32,40,38,42,36,31,22,21,35,30,38,16,31,33,17,21,33,36,32,30,34,32,15,26,36,28,15,15,37,18,0,27,7,35,30,14,23,34,25,19,31,12,30,32,15
8,29,35,31,31,35,23,43,42,45,40,39,17,34,15,33,40,16,20,15,14,9,32,27,21,32,25,18,38,24,31,13,38,24,28,41,28,0,30,41,18,37,33,24,5,29,20,27,19,12,29
23,37,12,41,39,10,34,41,40,43,38,32,24,22,37,31,40,17,32,34,18,22,35,38,33,32,36,34,13,28,38,30,13,17,39,15,7,29,0,37,31,12,23,35,26,21,33,14,32,33,15
35,52,42,53,54,37,46,63,61,64,59,56,39,22,48,52,60,29,44,46,30,34,54,50,45,51,48,45,41,38,54,41,41,22,51,48,35,40,37,0,43,39,48,47,38,44,44,37,44,45,25
19,17,36,18,19,37,10,31,32,36,31,34,16,36,11,27,27,18,5,9,18,21,22,14,6,23,13,5,40,33,19,28,40,27,15,43,31,18,32,43,0,39,31,11,20,27,5,28,4,13,31
30,44,22,48,46,3,41,49,47,51,45,40,31,19,44,39,47,25,39,41,26,30,42,45,40,39,43,41,4,35,45,37,4,24,46,19,14,36,12,39,38,0,31,42,33,28,40,21,39,40,21
32,23,14,27,24,29,33,25,24,27,19,13,18,34,37,15,26,29,34,34,30,33,21,34,34,18,27,34,32,39,24,41,32,28,36,30,23,33,23,48,32,31,0,34,34,7,34,14,33,36,29
23,15,40,16,17,40,3,29,31,35,29,32,20,39,19,25,24,22,8,16,22,24,20,9,7,21,11,10,43,36,17,32,44,30,11,47,34,24,36,47,11,43,35,0,25,31,7,32,10,20,35
5,29,33,31,31,32,23,43,42,45,40,39,17,31,18,33,40,13,21,18,12,7,32,27,22,32,25,20,35,22,31,11,35,22,28,38,26,5,27,39,20,34,33,24,0,29,22,26,21,15,26
28,22,14,25,23,26,30,24,22,25,19,13,14,30,33,13,24,25,30,30,26,29,19,30,30,16,25,30,29,35,22,37,29,24,33,28,20,30,21,44,28,29,6,31,30,0,30,10,29,32,26
21,16,38,17,18,39,6,30,31,35,30,33,19,38,13,26,25,21,4,10,21,23,21,11,4,22,12,3,42,35,18,31,42,29,12,45,33,20,34,46,5,42,34,8,22,29,0,31,4,14,33
24,26,8,29,27,19,32,29,28,31,26,21,15,23,34,19,29,18,30,32,19,23,24,33,31,20,27,32,22,28,27,30,22,17,35,22,13,28,14,37,29,22,13,33,27,9,31,0,30,31,19
19,17,36,18,19,37,8,31,32,36,31,34,17,36,12,27,27,19,3,9,19,21,22,13,4,23,13,5,40,33,19,29,40,27,14,44,31,19,32,44,4,40,32,10,22,28,4,29,0,13,31
14,27,37,29,29,39,20,41,43,47,42,41,19,38,9,35,37,21,15,8,20,19,31,24,16,31,23,13,42,34,29,23,42,29,25,45,33,12,34,46,13,41,35,21,14,31,15,30,14,0,33
23,40,25,42,42,19,34,47,46,49,44,38,27,7,36,37,46,17,32,34,18,22,40,38,33,37,36,33,24,27,42,29,24,14,39,28,17,28,17,25,31,22,31,35,26,26,33,19,32,33,0
