Name: ber-n10-m4-c2-OD-medium
Type: GPDPOD-IMC
Commodity type: 4
Compartment num: 2
CapacityHD: 100
VehicleHDs: 4
CapacityOD: 50
VehicleODs: 5
ID Xc Yc DEMAND StartT EndT SerT PairedID
0,52.4517877,13.3258861,[0, 0, 0, 0],0,240,0,0
1,52.450453,13.4470665,[14, 6, 2, 34],56,176,5,6
2,52.4353195,13.1966406,[7, 2, 1, 10],48,168,5,7
3,52.6118749,13.2366104,[14, 6, 2, 14],27,147,5,8
4,52.5762826,13.4334327,[7, 2, 1, 7],90,210,5,9
5,52.5073389,13.5182123,[3, 1, 0, 6],0,113,5,10
6,52.4556379,13.5817774,[-14, -6, -2, -34],87,207,5,1
7,52.4991757,13.6194518,[-7, -2, -1, -10],103,199,5,2
8,52.4932429,13.1813556,[-14, -6, -2, -14],71,191,5,3
9,52.554923,13.417146,[-7, -2, -1, -7],105,213,5,4
10,52.5005844,13.5240143,[-3, -1, 0, -6],9,129,5,5
StartID EndID StartX StartY EndX EndY StartT EndT
11,16,52.4293697,13.2811135,52.4510461,13.5258691,74,497
12,17,52.4354195,13.4733428,52.607578,13.2383568,0,720
13,18,52.6109019,13.241661,52.5399943,13.4544275,0,720
14,19,52.4000124,13.559954,52.4061823,13.3884865,61,526
15,20,52.4835609,13.5003318,52.510713,13.4533062,86,476
edge
0,16,19,30,30,30,30,40,28,27,29,10,18,30,29,25,24,31,25,17,23
16,0,25,36,28,21,20,30,34,24,19,22,7,36,19,15,14,36,22,16,18
19,26,0,29,33,40,40,50,27,28,39,13,28,29,39,35,34,30,33,31,33
29,36,29,0,29,40,50,50,33,25,41,33,37,1,49,41,44,2,30,42,33
32,30,34,29,0,20,35,31,40,8,21,37,33,29,40,22,32,30,11,39,17
32,21,41,40,21,0,17,14,47,19,4,37,21,40,25,9,16,41,14,33,10
31,20,40,50,34,17,0,12,48,31,16,36,19,50,17,14,11,51,27,31,21
41,31,50,50,31,14,12,0,57,29,15,47,30,50,28,22,21,51,24,42,21
27,34,26,33,39,46,48,56,0,34,47,31,35,32,47,43,42,32,38,40,39
27,26,28,25,7,19,33,30,35,0,20,32,29,25,37,20,28,26,7,35,13
31,20,40,41,22,5,16,15,48,20,0,36,20,41,24,11,16,42,15,32,12
9,22,13,33,36,35,35,46,32,32,35,0,23,33,35,30,29,34,30,20,29
19,7,28,38,31,21,19,30,37,28,19,24,0,38,18,15,11,39,26,14,20
29,36,29,1,29,40,49,50,32,25,41,32,37,0,49,41,44,2,30,42,33
30,20,39,50,40,25,16,26,48,37,23,36,18,50,0,20,15,51,33,30,27
29,19,38,41,23,10,16,22,47,20,10,34,18,41,23,0,14,42,15,30,10
25,14,34,44,32,16,11,21,42,28,14,30,12,44,17,11,0,45,24,23,18
30,37,30,2,29,40,50,51,32,26,42,33,38,2,50,42,44,0,31,42,33
27,25,32,30,9,15,29,25,39,6,16,32,27,30,34,16,25,31,0,33,9
17,17,32,43,38,33,31,41,41,34,31,20,14,43,29,27,23,44,32,0,29
24,19,33,33,15,10,23,21,39,12,11,29,20,33,26,9,18,34,7,29,0
