Name: ber-n45-m4-c3-OD-medium
Type: GPDPOD-IMC
Commodity type: 4
Compartment num: 3
CapacityHD: 100
VehicleHDs: 16
CapacityOD: 50
VehicleODs: 23
ID Xc Yc DEMAND StartT EndT SerT PairedID
0,52.4517877,13.3258861,[0, 0, 0, 0],0,240,0,0
1,52.4721013,13.2973022,[14, 6, 2, 20],85,205,5,23
2,52.576313,13.2248422,[14, 6, 2, 18],11,131,5,24
3,52.4471834,13.4529372,[14, 6, 2, 33],0,101,5,25
4,52.5041733,13.4497759,[14, 6, 2, 24],5,125,5,26
5,52.606512,13.2589195,[14, 6, 2, 19],81,201,5,27
6,52.4024818,13.5095673,[14, 6, 2, 11],0,99,5,28
7,52.6173252,13.4945523,[14, 6, 2, 21],85,205,5,29
8,52.6045615,13.2383862,[14, 6, 2, 24],127,240,5,30
9,52.4911116,13.5129825,[14, 6, 2, 8],130,240,5,31
10,52.5073389,13.5182123,[3, 1, 0, 6],0,113,5,32
11,52.4878429,13.521729,[7, 2, 1, 6],111,231,5,33
12,52.6096924,13.252677,[7, 2, 1, 7],0,114,5,34
13,52.5106201,13.6271378,[14, 6, 2, 36],1,121,5,35
14,52.4953961,13.5103282,[14, 6, 2, 19],131,240,5,36
15,52.495953,13.5107692,[7, 2, 1, 17],58,178,5,37
16,52.4251663,13.5033985,[14, 6, 2, 25],61,181,5,38
17,52.5912597,13.474295,[14, 6, 2, 24],63,183,5,39
18,52.4353736,13.4814957,[7, 2, 1, 15],82,202,5,40
19,52.6222012,13.2418927,[7, 2, 1, 17],0,104,5,41
20,52.4354195,13.4733428,[14, 6, 2, 24],0,240,5,42
21,52.5342816,13.3496463,[14, 6, 2, 35],90,210,5,43
22,52.498343,13.6234811,[14, 6, 2, 32],14,134,5,44
23,52.586391,13.304001,[-14, -6, -2, -20],109,217,5,1
24,52.4484795,13.3729598,[-14, -6, -2, -18],52,172,5,2
25,52.6350995,13.2966483,[-14, -6, -2, -33],46,166,5,3
26,52.5714697,13.3435558,[-14, -6, -2, -24],32,152,5,4
27,52.4919902,13.262796,[-14, -6, -2, -19],109,225,5,5
28,52.5869354,13.2828903,[-14, -6, -2, -11],58,178,5,6
29,52.618849,13.4942687,[-14, -6, -2, -21],91,198,5,7
30,52.6113618,13.2440892,[-14, -6, -2, -24],135,211,5,8
31,52.4335535,13.4860376,[-14, -6, -2, -8],159,220,5,9
32,52.5005844,13.5240143,[-3, -1, 0, -6],9,129,5,10
33,52.4128852,13.512384,[-7, -2, -1, -6],137,214,5,11
34,52.4260036,13.6739588,[-7, -2, -1, -7],73,193,5,12
35,52.4911726,13.4092382,[-14, -6, -2, -36],42,162,5,13
36,52.4997603,13.425228,[-14, -6, -2, -19],150,221,5,14
37,52.4268701,13.4602077,[-7, -2, -1, -17],85,205,5,15
38,52.6080153,13.2359782,[-14, -6, -2, -25],107,210,5,16
39,52.4097978,13.5304868,[-14, -6, -2, -24],113,215,5,17
40,52.6070266,13.2990105,[-7, -2, -1, -15],126,213,5,18
41,52.532919,13.555719,[-7, -2, -1, -17],49,169,5,19
42,52.607578,13.2383568,[-14, -6, -2, -24],0,240,5,20
43,52.6477343,13.5020246,[-14, -6, -2, -35],130,194,5,21
44,52.45099,13.4469987,[-14, -6, -2, -32],58,178,5,22
StartID EndID StartX StartY EndX EndY StartT EndT
45,68,52.4478418,13.4766442,52.4757545,13.1286745,0,516
46,69,52.4883287,13.2859527,52.5399415,13.4418086,0,474
47,70,52.4931256,13.4746783,52.4524105,13.3534839,81,528
48,71,52.431731,13.4874223,52.5501478,13.2684209,0,498
49,72,52.5257578,13.5875732,52.4036492,13.4151511,85,496
50,73,52.4306507,13.478281,52.4799371,13.4810998,135,450
51,74,52.5962372,13.3884412,52.4878073,13.5958536,0,531
52,75,52.4273146,13.4919611,52.5687696,13.3779297,75,495
53,76,52.5187586,13.4887459,52.4560076,13.363978,37,487
54,77,52.4293697,13.2811135,52.4510461,13.5258691,74,497
55,78,52.4352535,13.4622307,52.5697274,13.3219033,0,483
56,79,52.4236675,13.4712276,52.6058473,13.2237116,55,520
57,80,52.6032737,13.2222716,52.5433147,13.2422928,116,476
58,81,52.4334632,13.4886692,52.5757263,13.4456462,0,720
59,82,52.4356307,13.4853072,52.4578608,13.1453329,0,720
60,83,52.602186,13.2441879,52.5420988,13.1303154,47,527
61,84,52.573885,13.2213694,52.4750367,13.548083,8,548
62,85,52.6186288,13.4228084,52.4709148,13.5706322,0,501
63,86,52.4217253,13.5388728,52.4221335,13.3417295,0,480
64,87,52.4353195,13.1966406,52.4991757,13.6194518,48,501
65,88,52.5931358,13.2742196,52.6304672,13.2890824,0,411
66,89,52.6167231,13.2297019,52.4162703,13.3556408,3,540
67,90,52.4220365,13.4834054,52.5753959,13.482817,84,453
edge
0,9,34,16,23,31,25,42,30,29,30,28,31,42,29,29,20,37,18,31,18,20,41,24,7,35,24,15,24,41,30,19,29,24,42,16,18,19,31,24,28,36,31,44,16,17,11,23,19,41,19,32,20,28,10,18,21,32,20,18,29,30,38,22,19,26,31,21,32,24,5,21,18,19,37,26,7,24,21,31,21,31,36,33,35,32,10,40,32,10,32
9,0,30,17,24,26,26,40,25,30,31,29,27,43,30,29,21,36,19,26,18,17,41,19,13,30,20,11,20,40,25,20,30,25,42,17,19,21,27,25,23,37,27,42,17,18,5,24,20,41,20,28,21,29,10,19,22,28,20,19,25,26,36,23,15,21,27,22,28,24,11,17,24,20,38,22,11,25,17,27,17,30,31,29,36,33,16,41,28,17,33
33,28,0,40,38,15,48,42,9,48,44,47,14,54,45,45,43,37,42,15,41,27,54,15,36,22,20,27,12,41,12,43,45,48,65,37,36,44,10,48,15,47,10,44,40,41,26,40,43,52,42,24,44,40,36,42,44,9,43,42,8,7,34,46,33,12,12,45,27,32,35,19,46,43,55,24,34,48,18,10,14,34,31,23,56,55,41,54,20,41,38
17,16,40,0,16,37,12,40,36,18,21,17,37,31,20,19,9,36,7,37,6,25,30,30,13,41,30,21,30,40,36,7,19,13,31,13,13,6,37,13,34,27,37,43,3,7,18,15,8,30,5,34,9,22,22,4,8,38,8,8,35,36,36,12,26,32,37,8,38,22,15,27,13,11,27,30,12,13,27,37,27,29,42,39,24,22,19,30,38,19,30
23,23,38,17,0,35,26,29,33,13,11,14,35,23,10,10,21,24,19,34,19,18,22,27,21,36,22,27,28,28,33,20,13,25,35,10,5,21,35,24,31,19,35,31,18,16,24,5,20,22,20,23,21,9,28,19,22,36,20,19,33,39,25,22,32,30,35,22,42,10,23,28,26,9,24,19,20,17,23,35,30,17,46,42,23,23,28,23,36,28,18
29,24,14,35,33,0,44,37,8,44,39,43,4,50,41,40,39,33,37,7,37,22,49,11,32,18,16,23,8,37,6,38,40,43,61,32,31,39,8,43,11,42,8,40,35,36,21,35,38,47,38,20,39,36,32,37,40,10,39,37,9,19,29,42,28,7,8,40,38,28,31,18,42,38,51,19,30,43,13,9,18,30,41,35,51,50,36,50,15,37,34
26,26,49,12,26,46,0,50,45,23,25,22,46,34,24,24,8,45,10,46,10,34,32,39,21,50,39,30,39,49,45,9,23,5,31,22,23,10,46,12,43,32,46,53,14,12,27,24,9,34,8,44,8,29,31,10,9,47,9,10,44,46,46,11,35,41,47,7,47,32,24,36,18,19,29,39,22,16,37,47,37,39,51,49,29,24,26,32,47,24,38
43,39,41,41,29,38,51,0,37,35,31,34,39,41,32,32,46,10,44,39,44,29,41,30,40,35,24,38,31,1,38,45,32,50,60,31,29,45,38,50,33,30,38,9,41,41,37,30,45,34,44,18,46,25,47,43,46,39,46,44,36,46,12,47,44,33,39,47,54,20,42,33,48,35,42,20,39,42,27,39,36,12,58,53,43,42,47,41,35,47,15
29,24,9,35,34,8,44,37,0,44,39,43,7,50,41,40,39,33,37,7,37,22,49,11,32,18,16,23,8,37,3,38,40,44,61,32,31,39,2,43,11,42,2,40,36,37,22,35,38,47,38,20,39,36,32,37,40,4,39,38,2,14,29,42,28,8,5,40,34,28,31,18,42,38,51,19,30,43,13,3,18,30,38,30,51,51,36,50,15,37,34
30,30,47,19,14,44,24,35,43,0,7,3,44,18,4,4,19,30,19,44,19,28,17,37,28,45,32,34,37,34,43,18,6,23,30,20,17,22,44,22,41,14,44,39,20,17,31,12,18,17,20,31,19,12,35,20,21,45,18,19,42,49,33,20,39,39,45,20,51,18,30,38,28,14,19,28,26,15,32,45,40,24,55,52,13,13,34,18,45,34,20
32,31,44,21,12,41,25,31,40,7,0,6,42,14,4,4,20,27,21,41,21,25,14,34,29,42,29,35,35,31,40,20,4,25,32,19,15,23,41,24,38,10,41,35,21,18,33,10,20,13,21,28,21,8,37,22,23,42,20,20,39,46,29,21,41,36,42,22,50,15,31,35,30,15,15,25,28,16,30,42,37,20,54,51,14,15,36,14,42,35,16
28,28,48,17,15,45,22,35,44,3,7,0,45,18,6,6,17,30,18,45,17,29,17,38,26,46,33,32,38,34,44,17,5,21,28,22,19,20,45,20,42,14,45,39,18,15,29,14,16,17,18,32,17,12,33,18,19,46,17,17,43,48,32,18,37,40,46,18,49,19,28,38,27,12,18,29,24,13,33,45,39,24,53,51,11,11,32,18,46,32,20
30,26,14,37,35,4,46,39,7,45,41,45,0,51,42,42,41,35,39,6,39,24,51,12,33,17,18,24,10,39,5,40,42,45,62,34,33,41,7,45,12,44,7,42,37,38,23,37,40,49,40,21,41,37,34,39,42,9,40,39,8,19,31,43,30,9,7,42,39,29,32,19,44,40,52,21,32,45,15,8,20,32,43,36,53,52,38,51,15,38,35
43,42,54,32,23,51,35,40,50,18,13,17,51,0,16,16,30,36,32,51,32,35,5,44,40,52,38,45,44,40,50,31,15,32,33,29,25,34,51,30,48,13,51,45,32,29,42,21,31,9,32,38,32,17,48,33,34,52,31,31,49,56,38,27,51,46,51,33,60,25,42,45,41,26,9,35,39,24,39,51,47,30,64,60,25,13,46,5,52,46,26
31,30,44,20,11,41,25,33,40,4,4,6,42,16,0,1,20,28,21,41,20,25,16,34,29,42,29,35,35,32,40,20,5,24,31,18,14,23,42,23,38,12,41,37,21,18,32,10,19,15,21,29,20,10,36,21,22,43,20,20,39,46,30,21,40,36,42,21,50,16,30,36,30,14,17,25,27,16,30,42,37,21,54,51,14,14,35,16,42,35,18
30,30,44,20,11,41,24,32,40,4,4,5,41,16,1,0,19,28,20,41,20,25,15,34,28,42,29,35,34,32,40,19,4,24,31,17,14,22,41,23,38,12,41,36,20,17,31,9,19,15,20,28,20,10,36,21,21,42,19,19,39,46,30,20,39,36,42,21,50,15,30,35,29,14,17,25,27,15,29,41,37,21,54,50,13,14,34,16,42,34,18
21,21,44,10,21,41,8,45,40,18,20,17,41,30,19,19,0,40,6,41,7,29,28,34,19,45,35,25,34,44,40,5,18,6,27,17,18,9,41,8,38,27,41,48,11,9,22,19,4,30,6,39,3,24,26,8,7,42,5,5,39,41,41,6,30,36,42,6,42,27,21,31,16,14,24,34,17,11,32,42,32,34,46,44,24,19,24,27,42,22,33
38,35,38,37,25,34,47,10,33,31,26,30,35,37,28,28,42,0,40,34,39,24,36,26,36,32,20,34,27,9,33,41,28,46,56,27,25,41,35,45,29,26,34,15,37,37,33,25,41,30,40,14,42,21,43,39,42,36,41,40,33,42,13,43,39,29,35,43,50,16,38,29,44,30,38,16,35,38,23,35,32,8,53,48,38,38,43,37,32,43,11
19,19,42,6,19,39,10,43,38,19,21,18,40,32,20,20,6,39,0,39,3,27,29,32,17,43,33,23,33,43,38,2,19,10,29,16,16,6,40,11,36,27,39,46,9,5,20,18,2,30,3,37,5,24,25,5,6,41,2,3,38,39,39,10,28,34,40,6,41,25,19,30,13,12,26,32,16,12,30,40,30,32,44,42,25,21,21,29,41,19,33
30,25,15,37,35,7,45,39,7,45,41,44,6,51,42,42,40,35,39,0,38,24,51,13,33,13,18,24,11,38,5,40,42,45,62,34,33,41,6,45,13,44,6,42,37,38,23,37,40,49,39,22,41,37,33,39,41,8,40,39,8,20,31,43,30,10,5,42,40,29,32,19,43,40,52,21,31,45,15,8,21,31,44,37,53,52,38,51,11,38,35
19,19,42,5,19,39,10,43,38,19,21,17,39,31,20,19,7,38,3,39,0,27,30,32,15,43,33,23,32,42,38,4,19,10,30,15,16,5,39,13,36,27,39,46,7,5,20,17,4,30,2,37,6,24,24,3,6,40,4,4,37,39,39,11,28,34,40,6,40,25,18,29,12,12,27,32,15,11,30,40,30,32,44,42,24,22,20,30,40,18,33
20,16,26,25,18,23,34,28,22,29,25,28,24,35,26,26,29,24,27,23,27,0,35,16,22,26,13,15,17,27,22,28,26,33,50,16,16,29,24,33,20,28,23,30,26,26,14,20,28,33,28,18,29,22,24,27,30,25,29,27,21,24,24,32,21,18,24,30,32,14,21,13,32,24,36,11,20,31,12,24,15,18,35,30,37,36,26,35,25,27,21
42,41,54,31,22,50,32,40,49,17,13,17,51,4,16,15,28,35,30,50,30,35,0,43,39,51,38,45,44,39,49,29,14,29,30,29,25,33,51,27,47,14,50,44,31,28,42,21,29,11,30,37,29,17,47,31,31,52,29,29,48,55,38,24,50,45,51,30,60,24,41,45,39,26,7,34,38,21,39,51,46,29,63,60,25,12,45,3,51,45,25
23,18,15,30,28,12,38,31,11,38,34,37,12,44,35,35,33,26,32,13,31,17,44,0,26,15,9,17,6,30,11,33,35,38,55,27,26,34,12,38,9,36,12,33,30,31,16,30,33,41,33,13,34,30,26,32,35,13,33,32,10,20,23,36,23,7,13,35,33,22,25,12,37,33,45,13,24,38,8,12,14,23,37,31,46,45,31,44,14,31,28
7,13,38,12,22,35,22,40,33,27,28,26,35,40,27,27,18,36,16,35,16,22,39,28,0,38,28,19,28,40,33,17,28,23,40,14,17,15,35,22,32,35,35,43,13,15,16,21,17,39,16,34,18,27,15,14,16,36,18,17,33,34,36,21,24,30,35,18,36,22,5,25,13,18,36,27,4,22,25,35,25,29,39,37,33,31,10,39,36,10,31
34,29,22,40,37,18,49,36,17,47,42,46,17,53,44,44,44,32,42,13,42,27,53,15,37,0,17,28,14,36,15,43,44,49,66,37,36,44,17,48,10,44,17,39,41,42,27,39,43,49,43,18,44,38,37,42,45,19,44,43,17,27,27,47,33,14,16,45,44,30,36,23,47,43,54,21,35,48,18,18,24,31,47,41,55,54,42,53,4,42,34
23,18,20,30,23,17,38,24,16,33,28,32,18,39,30,29,33,20,32,17,31,13,38,9,26,17,0,17,10,24,16,33,29,38,54,22,21,34,17,38,14,30,17,28,30,31,16,25,33,35,32,11,34,23,26,32,35,18,33,32,15,25,20,36,23,12,18,35,33,15,25,12,36,28,40,6,24,36,6,18,15,17,37,32,40,39,31,39,16,31,21
15,10,28,21,28,25,30,39,24,34,35,33,25,45,34,34,25,35,23,25,23,16,45,18,18,29,18,0,18,38,24,24,34,29,47,21,23,25,25,29,22,39,25,41,21,22,7,28,24,44,24,26,25,32,18,23,26,26,25,23,23,24,34,28,13,20,26,26,23,26,17,15,28,24,42,20,16,29,16,26,15,30,27,26,40,37,22,45,26,23,33
24,19,12,30,28,9,39,31,8,38,34,38,10,45,36,35,34,27,32,11,32,17,44,6,27,14,10,17,0,31,10,33,35,38,56,27,26,34,9,38,7,37,9,35,30,31,16,30,33,42,33,15,34,30,27,32,35,10,34,32,7,17,25,36,23,4,11,35,31,22,26,13,37,33,46,13,25,38,8,10,11,24,35,28,46,45,31,45,12,31,28
42,39,41,41,29,38,51,1,37,35,30,34,38,41,32,32,46,10,44,38,43,28,40,30,40,35,24,38,31,0,37,45,31,50,60,31,29,45,38,49,32,30,38,8,41,41,37,29,45,34,44,18,46,25,47,43,46,39,45,44,36,46,12,47,43,33,39,47,54,20,42,33,48,34,42,20,39,42,27,38,36,12,57,52,42,42,47,41,35,47,15
29,24,11,35,34,6,44,38,3,44,39,43,5,50,41,41,39,33,37,5,37,22,49,11,32,16,16,23,10,37,0,38,40,44,61,32,31,40,3,43,11,42,2,41,36,37,22,36,39,48,38,20,39,36,32,37,40,6,39,38,4,17,30,42,29,9,5,40,37,28,31,18,42,39,51,20,30,43,13,5,19,30,40,33,51,51,37,50,14,37,34
20,20,43,7,20,40,9,44,39,18,20,17,41,31,19,19,5,40,2,40,4,28,29,33,17,44,34,24,34,43,39,0,18,9,28,16,17,6,41,10,37,27,40,47,9,6,21,19,1,30,3,38,4,24,25,5,6,42,1,2,38,40,40,9,29,35,41,5,41,26,20,30,14,13,25,33,17,11,31,41,31,33,45,43,24,20,21,28,42,20,33
31,31,45,20,14,42,25,32,41,6,5,5,42,15,5,5,20,28,21,42,20,26,15,35,29,43,30,35,35,31,41,20,0,24,31,21,17,23,42,23,39,11,42,36,21,18,32,13,19,14,21,29,20,9,36,21,22,43,19,20,40,47,30,21,40,37,43,21,51,16,31,36,30,15,16,26,27,16,30,43,38,21,55,52,14,14,35,15,43,35,17
26,25,49,12,25,46,5,49,44,23,25,21,46,32,24,23,7,45,10,46,10,34,29,39,22,50,39,30,39,49,45,9,23,0,28,22,23,11,46,9,43,31,46,52,14,13,27,24,9,32,8,43,9,29,31,10,9,47,9,9,44,45,46,8,35,41,46,8,47,31,25,36,18,19,26,39,22,15,36,46,36,38,50,48,28,21,26,29,47,24,37
43,43,67,32,36,64,32,59,62,31,33,30,64,33,32,31,28,55,30,64,31,51,30,56,41,67,55,48,57,59,62,29,31,29,0,38,37,32,64,27,60,35,64,63,33,29,44,34,28,36,30,55,29,37,49,31,31,65,29,29,62,63,57,24,52,59,64,30,65,42,43,54,40,29,27,52,40,22,54,64,54,48,68,66,33,23,47,30,65,46,46
17,16,37,13,11,34,23,31,33,20,18,21,35,30,17,17,18,27,16,34,16,16,30,27,14,37,23,21,28,31,33,17,19,23,37,0,6,17,34,22,31,25,34,34,13,16,18,11,17,29,17,25,18,17,22,15,19,35,18,17,32,36,27,21,26,29,35,19,38,13,16,26,20,12,31,20,13,19,23,35,27,20,42,39,29,27,21,30,36,21,21
19,18,36,14,6,32,24,29,31,16,15,18,33,26,14,13,19,24,17,32,17,16,25,25,17,35,21,23,26,28,31,18,16,24,36,6,0,18,33,23,29,21,32,31,14,16,19,8,18,24,18,23,19,12,24,16,19,34,19,18,31,36,25,22,28,27,33,20,39,11,18,26,21,10,27,18,15,17,21,33,27,18,42,39,26,26,23,26,34,23,19
20,21,45,6,21,42,10,45,40,21,23,20,42,34,22,22,8,41,6,41,5,29,32,34,15,45,35,26,35,45,40,6,21,11,31,17,18,0,42,14,38,30,42,48,8,7,22,20,7,33,4,39,7,26,26,4,4,43,7,7,40,41,41,12,30,37,42,6,43,27,17,32,11,15,29,34,16,14,32,42,32,34,46,44,27,24,19,32,43,17,35
30,26,10,37,35,8,46,39,2,45,41,45,6,51,42,42,41,35,39,6,38,24,51,12,33,17,18,24,10,39,3,40,42,45,62,34,33,41,0,45,12,44,1,42,37,38,23,37,40,49,40,21,41,37,34,39,42,4,40,39,4,16,31,43,30,9,4,42,36,29,32,19,44,40,52,21,31,45,15,3,19,31,39,32,53,52,38,51,15,38,35
25,25,49,14,24,45,12,49,44,21,24,20,46,29,23,22,8,45,11,45,13,33,26,38,23,49,39,30,39,49,44,11,22,9,26,22,22,14,46,0,42,28,46,52,15,15,26,23,10,29,12,43,10,28,31,14,13,47,10,11,44,45,45,4,34,40,46,12,47,31,25,36,22,18,23,38,22,13,36,46,36,38,50,48,26,18,29,26,47,28,36
27,22,15,34,32,12,42,33,11,42,38,41,12,48,39,39,37,29,36,13,35,21,48,9,30,10,14,21,8,33,11,37,39,42,59,31,29,38,12,42,0,41,12,35,34,35,20,34,37,46,36,15,38,34,30,36,38,13,37,36,10,20,24,40,27,7,13,39,37,26,29,16,40,37,49,17,28,41,12,13,17,28,41,35,50,49,35,48,7,35,31
38,38,48,28,19,44,33,29,43,14,10,13,45,13,13,12,28,25,29,44,28,29,14,37,36,44,30,40,37,29,43,28,11,31,35,25,22,31,45,29,41,0,44,35,29,26,37,18,27,6,29,30,28,13,43,29,30,46,27,28,42,49,29,26,46,39,45,29,55,16,38,39,38,23,15,27,34,23,33,45,40,21,59,55,22,15,42,15,44,43,16
30,25,10,37,35,8,45,39,2,45,40,44,6,51,42,42,40,34,38,6,38,23,50,12,33,17,17,24,9,38,3,39,42,45,62,33,32,41,1,44,12,44,0,41,37,38,23,37,40,49,39,21,41,37,33,39,41,4,40,39,3,15,30,43,30,9,4,42,35,29,32,19,43,40,52,21,31,44,15,4,19,31,39,32,52,52,38,51,15,38,35
46,42,44,45,33,41,54,10,39,40,35,39,41,46,37,37,49,16,47,41,47,31,46,33,44,38,29,41,35,9,40,48,37,54,65,34,32,49,41,53,35,36,41,0,45,46,40,34,49,41,48,20,50,30,50,47,50,42,49,48,39,49,15,51,46,36,42,51,57,23,46,38,52,39,47,24,43,46,32,41,40,19,60,55,48,47,50,46,37,51,22
16,16,39,4,17,36,14,39,35,19,21,17,37,31,20,19,9,35,8,36,7,24,30,29,12,40,30,20,30,39,35,9,19,14,31,12,13,8,37,14,33,27,36,42,0,7,17,15,9,30,7,33,10,22,21,6,9,38,9,8,34,36,36,12,25,31,37,10,37,21,14,26,13,11,27,29,11,14,27,37,27,28,41,39,24,22,18,30,38,18,30
18,18,41,7,16,38,12,42,37,17,19,15,39,29,18,17,9,38,5,38,4,26,28,31,16,42,32,22,32,42,37,6,17,13,28,15,15,7,39,15,35,25,38,45,8,0,19,15,6,28,6,36,9,21,23,5,8,40,6,5,37,38,38,13,27,33,39,9,39,24,18,28,14,9,25,31,15,10,29,39,29,31,43,41,22,20,21,28,40,20,30
11,5,27,18,25,24,27,37,22,31,32,30,24,42,31,31,22,33,20,24,20,15,42,17,15,28,17,8,17,37,23,21,31,26,44,18,20,22,24,26,21,36,24,40,18,19,0,25,21,41,21,25,22,29,12,20,23,25,22,20,22,23,33,25,13,19,24,23,25,24,14,14,25,21,39,19,13,26,14,24,14,28,28,26,37,34,18,42,25,20,31
24,24,40,16,5,37,24,31,36,12,10,13,37,22,9,9,19,27,18,37,17,20,22,30,22,38,25,28,30,31,36,19,12,24,34,11,8,20,37,23,34,18,37,34,16,14,25,0,19,21,19,26,20,10,29,18,21,38,19,18,35,42,27,20,33,32,38,21,45,13,24,31,25,8,23,21,21,15,25,38,32,20,48,45,21,22,28,22,38,28,19
21,21,44,7,21,41,8,45,40,18,21,17,41,31,19,19,5,40,2,41,4,29,29,34,17,45,34,25,34,44,40,1,19,9,28,17,18,7,41,11,38,27,41,47,9,6,22,19,0,30,3,39,4,25,26,5,5,42,2,2,39,40,41,9,30,36,42,5,42,27,20,31,14,14,26,34,17,11,32,42,31,34,46,43,24,21,22,29,42,20,33
41,41,52,31,21,49,34,34,48,17,12,16,49,9,15,15,30,30,31,49,31,34,11,42,39,49,35,44,42,34,48,30,13,32,35,28,24,33,49,30,46,7,49,40,31,28,41,20,30,0,31,35,30,16,47,31,32,50,30,30,47,54,34,27,49,44,50,31,59,21,41,44,40,25,12,32,38,24,38,50,45,26,62,59,24,14,45,11,49,45,21
20,20,43,5,20,40,8,44,39,19,22,18,40,32,20,20,6,39,3,40,3,28,30,33,15,44,33,24,33,43,39,2,20,8,29,16,17,4,40,12,37,28,40,46,7,5,21,18,3,31,0,38,5,25,25,3,4,41,3,4,38,40,40,10,29,35,41,4,41,26,18,30,12,13,27,33,16,12,31,41,30,33,45,42,25,22,19,30,41,18,34
32,27,24,35,24,21,45,18,20,32,28,31,21,38,29,29,40,14,38,21,37,17,38,13,33,18,11,25,15,18,20,39,29,44,55,25,23,39,21,44,15,29,21,21,35,36,24,26,39,34,38,0,40,22,35,37,40,22,39,38,19,29,11,42,31,16,22,41,42,14,33,21,42,29,39,8,32,37,14,21,23,13,45,40,40,39,39,38,18,39,16
21,21,45,9,21,42,8,45,40,18,21,17,42,31,20,19,3,41,5,42,6,29,29,34,19,45,35,26,35,45,40,4,19,9,28,18,18,7,42,10,38,27,42,48,11,9,22,20,4,30,5,39,0,25,27,7,6,43,4,5,40,41,41,9,30,37,42,5,43,27,21,32,15,14,26,34,18,11,32,42,32,34,46,44,24,21,23,29,43,21,33
29,29,40,21,9,37,29,25,36,12,7,11,37,18,9,8,24,21,23,37,22,21,17,29,27,36,23,32,30,25,36,24,8,29,37,16,12,25,37,28,34,12,37,29,21,19,29,8,24,17,23,22,24,0,34,23,25,38,24,23,35,42,22,25,37,32,37,26,46,9,29,31,30,13,19,19,25,20,25,37,33,14,50,47,19,19,33,18,36,33,12
9,10,37,22,29,34,30,47,33,34,35,33,35,47,34,34,25,43,23,34,23,24,46,27,14,38,28,18,28,47,33,24,35,30,47,21,24,25,34,29,31,41,34,50,22,23,12,29,25,46,24,35,26,34,0,24,26,36,25,24,32,34,43,28,13,29,35,27,35,29,12,24,22,25,43,29,14,29,25,35,25,36,39,37,40,38,11,46,36,14,38
18,19,42,4,19,39,10,43,38,20,22,19,40,33,21,21,9,38,5,39,4,27,31,32,13,43,33,24,33,42,38,6,20,11,31,15,16,4,40,14,36,29,40,46,6,6,20,18,6,31,4,37,7,24,24,0,5,41,6,6,38,39,39,13,28,34,40,7,41,25,16,30,10,13,28,32,15,13,30,40,30,32,44,42,26,23,18,31,41,16,33
21,22,45,7,22,42,8,46,41,20,22,19,43,33,21,21,7,42,6,42,6,30,31,35,16,46,36,26,36,46,41,5,20,9,30,18,19,4,43,12,39,29,42,49,9,8,23,21,5,32,4,40,5,27,27,5,0,44,6,6,40,42,42,11,31,37,43,4,43,28,18,32,12,15,27,35,17,13,33,43,33,35,47,45,26,22,20,30,44,18,35
31,26,9,38,36,10,46,40,4,46,42,45,9,52,43,43,41,36,40,8,39,25,52,13,34,19,18,25,10,39,6,41,43,46,63,35,34,42,4,46,13,45,4,42,38,39,24,38,41,50,40,22,42,38,34,40,43,0,41,40,5,14,32,44,31,10,5,43,34,30,33,20,44,41,53,22,32,46,16,1,20,32,38,30,54,53,39,52,17,39,36
21,20,44,8,20,41,9,44,39,18,20,17,41,31,19,19,5,40,2,41,4,29,29,34,18,45,34,25,34,44,40,1,18,9,28,17,18,7,41,10,38,27,41,47,10,6,22,19,2,29,3,38,4,24,26,6,6,42,0,2,39,40,41,9,30,36,41,5,42,26,20,31,14,14,25,34,17,11,31,41,31,33,45,43,24,20,22,28,42,20,33
19,19,43,7,19,40,10,43,38,18,20,17,40,31,19,19,5,39,3,40,4,27,29,32,17,43,33,24,33,43,38,2,18,9,28,16,16,7,40,10,37,27,40,46,9,5,21,18,2,30,4,37,5,24,25,5,7,41,2,0,38,39,39,9,28,35,40,6,41,25,19,30,14,13,25,32,16,11,30,40,30,32,44,42,24,20,22,28,41,20,33
28,23,8,35,33,9,43,37,2,43,39,42,7,49,40,40,38,32,37,8,36,22,49,10,31,17,15,22,7,36,4,38,40,43,60,32,31,39,4,43,10,42,3,39,35,36,21,35,38,47,37,19,39,35,31,37,39,5,38,37,0,13,29,41,28,7,6,40,33,27,30,17,41,38,50,19,29,43,13,4,17,29,37,30,51,50,36,49,15,36,33
30,25,7,36,40,20,45,47,14,49,46,48,20,56,48,47,40,43,38,21,38,25,56,20,33,27,26,24,18,46,17,39,47,45,62,36,37,41,16,44,21,49,16,49,37,38,23,42,40,54,39,29,40,43,33,38,41,14,40,39,14,0,39,43,30,17,18,41,24,35,32,16,43,40,57,29,31,44,23,15,11,38,27,20,55,53,38,57,25,38,41
39,35,34,38,26,31,47,12,29,33,28,32,31,39,30,30,42,13,40,31,40,24,39,23,37,27,20,33,25,12,30,41,30,47,58,27,25,42,31,46,24,29,31,15,38,39,32,27,42,34,41,10,43,23,43,40,43,32,42,41,29,39,0,44,39,26,32,44,50,16,39,29,45,32,40,15,36,39,23,31,32,12,53,48,41,40,43,39,27,44,15
24,23,47,13,22,44,11,47,43,19,21,18,44,25,20,20,6,43,10,44,12,32,23,37,21,48,37,28,37,47,43,9,19,8,22,20,21,13,44,4,41,25,44,50,13,13,25,20,8,25,10,41,9,25,29,12,11,45,9,9,42,43,44,0,33,39,44,10,45,29,23,34,20,15,20,37,20,11,34,44,34,36,49,46,23,15,27,23,45,27,34
19,15,33,26,33,30,35,44,29,39,40,38,30,51,39,39,30,40,28,30,28,21,50,23,23,34,23,14,23,43,29,29,39,34,51,26,28,30,30,34,27,45,30,46,26,27,12,33,29,50,29,31,30,37,13,28,31,31,29,28,28,29,39,32,0,25,31,31,31,31,21,20,33,29,47,25,21,34,21,31,20,35,35,32,45,42,22,50,31,25,37
25,20,12,32,30,9,40,34,8,40,35,39,9,46,37,37,35,29,34,10,33,18,46,7,28,14,12,19,4,33,9,34,37,40,57,29,27,36,9,40,7,39,9,36,32,33,18,32,35,44,34,16,36,32,28,34,36,10,35,34,7,17,26,38,25,0,11,37,34,24,27,14,38,35,47,16,26,39,10,10,14,26,38,32,48,47,33,46,12,33,30
31,26,12,37,35,8,46,39,5,46,41,45,7,52,43,42,41,35,39,5,39,24,51,13,34,16,18,25,11,39,5,40,42,45,63,34,33,41,4,45,13,44,4,43,38,39,24,37,40,49,40,22,41,38,34,39,42,5,41,39,6,17,32,44,30,11,0,42,37,30,33,20,44,40,53,21,32,45,15,5,21,32,41,34,53,52,38,52,14,39,36
21,21,44,7,21,41,6,45,40,18,20,17,41,31,19,19,5,40,5,41,5,29,29,34,17,45,34,25,34,44,40,4,18,7,28,17,18,5,41,10,38,27,41,47,9,7,22,19,3,29,3,39,3,24,26,5,4,42,4,5,39,41,41,9,30,36,42,0,42,27,19,31,13,14,25,34,17,11,32,42,31,34,46,43,24,20,21,28,42,19,33
31,26,27,38,42,39,46,53,34,51,49,49,39,60,50,50,41,50,40,40,39,31,60,33,34,44,33,23,31,53,37,41,51,46,63,37,39,42,35,46,37,54,35,56,38,39,24,44,41,59,40,41,42,46,34,40,42,34,41,40,33,23,49,44,30,34,37,43,0,41,33,25,44,41,59,35,32,46,30,35,21,45,8,20,56,54,39,60,41,39,47
25,25,32,24,11,29,33,20,28,18,14,18,30,24,16,15,28,16,26,29,26,14,24,22,23,29,15,25,22,20,28,27,15,33,43,13,11,27,30,32,26,15,29,23,23,23,24,12,28,20,27,15,28,9,30,26,29,31,28,27,27,34,16,29,31,24,30,30,42,0,25,24,31,17,25,12,21,24,18,30,25,9,45,40,26,25,29,24,29,30,10
5,11,36,15,24,33,24,42,32,30,31,29,34,42,30,29,21,38,19,33,18,21,41,26,5,37,27,17,27,42,32,20,30,25,42,16,19,17,34,25,30,37,33,45,16,18,14,24,20,41,18,34,21,29,12,16,19,35,20,19,32,33,38,23,22,28,34,21,35,24,0,24,16,20,38,29,6,25,24,34,24,31,38,36,36,33,10,41,35,10,33
20,15,19,27,29,19,35,34,18,39,35,38,20,45,37,36,30,29,28,19,28,13,45,12,23,23,13,14,13,33,18,29,36,35,52,25,26,31,20,34,16,38,19,37,27,28,13,31,30,43,29,20,31,32,23,29,31,21,30,29,18,15,30,33,20,14,20,32,25,24,22,0,33,30,46,16,21,34,10,20,5,26,29,23,45,43,28,45,21,28,30
18,23,47,13,26,44,18,48,43,28,30,26,45,40,29,28,16,44,13,44,12,31,39,37,13,48,38,28,38,48,43,13,28,18,39,20,21,11,44,22,41,36,44,51,14,14,25,25,14,39,11,42,15,31,22,10,12,45,14,14,42,44,44,20,33,39,45,14,45,30,15,34,0,21,36,36,14,20,35,45,35,37,49,47,33,31,14,39,46,12,38
20,20,44,12,9,40,19,35,39,14,14,13,41,26,13,13,14,31,12,40,12,24,26,33,18,42,28,25,34,35,39,13,14,19,28,12,10,15,41,18,37,22,40,38,12,9,21,7,14,25,13,29,14,14,26,13,15,42,14,13,39,40,31,15,29,35,41,15,42,17,20,31,21,0,23,25,17,10,29,41,31,24,45,43,20,18,24,26,42,24,23
38,38,55,27,24,52,29,41,51,19,14,18,52,9,17,17,24,37,27,52,27,36,7,45,36,53,40,42,45,41,51,26,16,26,27,31,27,29,52,24,49,15,52,46,28,25,39,22,25,12,27,39,26,19,43,28,28,53,25,26,50,57,39,21,47,47,52,27,59,26,38,46,36,23,0,36,35,18,40,52,48,31,63,61,22,9,42,7,53,42,27
25,20,24,30,19,21,39,20,19,29,24,28,21,35,26,26,34,16,32,21,32,11,34,13,27,20,6,19,13,19,19,33,26,39,51,20,18,34,21,38,17,26,21,23,30,31,18,21,34,31,33,9,34,20,28,32,35,22,34,33,19,28,16,37,25,16,21,35,35,12,27,15,37,25,36,0,25,32,9,21,18,12,39,34,36,36,33,35,20,33,17
7,10,36,12,21,33,22,39,31,26,27,25,33,39,26,26,17,35,16,33,15,20,38,25,4,36,26,17,26,39,31,17,27,22,39,13,16,16,33,22,30,33,33,42,13,15,14,21,17,38,16,32,18,26,14,15,17,34,17,16,31,32,35,20,21,28,33,19,34,21,6,23,15,17,35,26,0,21,23,33,23,28,37,35,32,30,11,38,34,11,30
25,25,48,14,17,45,16,42,44,14,16,12,45,24,15,14,11,38,12,45,12,32,21,38,23,49,36,29,38,42,44,11,14,15,21,19,18,14,45,15,42,22,45,46,15,10,26,15,10,24,12,37,11,20,30,12,13,46,11,11,43,45,39,13,34,40,46,12,46,25,25,35,21,10,18,33,21,0,36,46,35,31,50,47,19,13,29,21,46,27,29
21,16,18,28,23,15,36,27,13,33,29,33,15,39,31,30,31,23,30,15,29,12,39,7,24,18,6,15,8,27,13,31,30,36,53,22,21,32,15,36,12,32,15,31,28,29,14,25,31,37,30,14,32,26,24,30,32,16,31,30,13,23,23,34,21,10,15,33,31,18,23,10,34,29,41,9,22,36,0,15,13,20,35,30,41,40,29,40,16,29,24
30,26,10,37,35,9,46,39,3,45,41,45,8,51,43,42,41,35,39,8,39,24,51,12,34,19,18,24,10,39,5,40,42,45,62,34,33,41,3,45,13,44,4,42,37,38,23,37,40,49,40,21,41,37,34,39,42,1,40,39,4,15,31,43,30,9,5,42,35,29,32,20,44,40,52,21,32,45,15,0,20,32,39,31,53,52,38,52,17,38,36
20,16,14,27,30,19,36,37,18,40,36,39,20,47,38,38,31,32,29,21,29,15,47,14,23,24,16,14,11,36,20,30,38,35,52,26,27,31,20,35,18,40,19,40,27,28,13,32,30,45,30,23,31,33,24,29,32,21,30,29,18,11,32,33,20,14,21,32,21,25,22,6,34,30,48,19,22,35,13,20,0,28,25,18,46,43,28,47,22,28,31
32,30,34,30,18,31,40,12,30,24,20,23,31,30,21,21,35,8,33,31,33,18,30,23,29,30,17,28,24,12,30,34,21,39,49,20,18,34,31,38,28,20,31,18,30,30,27,18,34,25,33,13,35,14,37,32,35,32,34,33,29,37,12,36,34,26,32,36,45,9,31,26,37,23,31,12,28,31,20,32,28,0,48,43,32,31,36,30,30,36,9
35,30,31,41,46,43,50,57,38,54,53,53,43,64,54,54,45,53,43,44,43,35,63,37,38,47,37,26,35,57,40,44,54,50,67,41,43,45,39,49,41,57,39,60,42,43,28,48,45,63,44,45,45,50,38,43,46,38,45,44,37,27,53,48,34,38,41,46,7,45,37,29,48,45,63,39,36,49,34,39,25,48,0,25,60,58,43,64,45,43,51
33,28,23,39,43,37,48,52,31,52,50,51,36,61,51,51,43,48,41,37,41,30,60,31,36,42,32,26,28,52,33,42,51,48,65,39,40,43,32,47,35,55,32,55,40,41,26,45,42,60,42,40,43,47,36,41,44,31,43,42,30,20,48,46,32,32,34,44,20,40,35,23,46,42,60,34,34,47,29,31,18,43,24,0,58,56,41,61,39,41,46
36,36,56,25,23,53,30,42,51,13,15,12,53,25,14,13,25,38,26,53,26,37,25,45,34,54,40,40,46,42,51,25,13,29,33,30,27,28,53,27,49,21,53,47,26,23,37,22,24,24,26,40,25,19,41,26,27,54,25,25,51,56,40,24,45,48,53,26,57,26,36,46,35,20,22,37,33,21,41,53,47,31,61,59,0,15,40,26,54,40,28
33,33,55,23,24,52,24,41,51,13,14,12,52,13,14,14,20,37,22,52,22,36,13,45,31,53,39,38,45,41,51,21,13,21,23,27,26,24,52,19,49,15,52,46,23,20,34,22,20,14,22,39,21,18,39,23,23,53,21,21,50,53,39,16,42,47,52,22,55,26,33,44,31,18,9,36,30,13,40,52,44,31,58,56,15,0,37,12,53,37,27
10,16,42,18,28,39,26,47,38,34,35,33,39,46,34,33,24,43,21,39,20,27,45,32,9,43,33,23,33,47,38,21,34,27,46,21,23,19,39,29,36,41,39,50,19,22,18,28,22,45,20,40,23,34,11,18,20,40,22,22,37,39,43,27,22,34,40,22,40,29,10,29,14,24,42,33,11,28,30,40,30,36,44,42,40,37,0,45,41,4,37
41,41,54,30,23,51,32,40,50,18,14,17,51,5,17,16,28,36,30,51,30,35,3,44,39,52,39,45,44,40,50,29,15,29,30,30,26,32,51,27,48,15,51,45,31,28,42,22,28,12,30,38,29,18,47,31,31,52,29,29,49,56,39,24,50,46,52,30,60,25,41,45,39,26,7,35,38,21,39,52,47,30,64,61,26,12,45,0,52,45,26
31,27,20,38,36,16,47,36,15,46,42,45,15,52,43,43,42,31,40,11,40,25,52,14,34,4,16,25,12,35,14,41,43,46,63,35,34,42,15,46,7,43,15,38,38,39,24,38,41,48,41,18,42,37,35,40,43,17,41,40,15,25,26,44,31,11,14,43,41,29,33,21,45,41,53,20,33,46,16,17,22,30,45,39,54,53,39,52,0,39,33
10,17,42,18,28,39,24,47,38,34,35,32,40,46,34,33,22,43,19,39,18,27,45,32,9,43,33,23,33,46,38,20,34,25,45,21,23,17,40,28,36,41,39,50,19,20,20,28,20,45,18,40,21,34,14,16,18,41,20,20,37,39,43,26,25,34,40,20,40,29,10,29,12,24,42,33,11,27,30,40,30,36,44,42,39,37,4,45,41,0,37
33,32,39,30,18,36,38,15,35,21,16,20,36,27,19,19,33,11,32,36,31,22,26,28,31,34,22,32,28,15,35,33,17,38,46,21,19,34,36,37,31,16,36,21,30,28,31,17,33,21,32,16,34,12,38,32,34,37,33,32,34,41,15,34,38,31,37,35,48,10,33,30,38,22,28,17,29,29,24,36,32,9,52,47,28,28,37,27,34,37,0
