Name: ber-n30-m4-c2-OD-large
Type: GPDPOD-IMC
Commodity type: 4
Compartment num: 2
CapacityHD: 100
VehicleHDs: 10
CapacityOD: 50
VehicleODs: 36
ID Xc Yc DEMAND StartT EndT SerT PairedID
0,52.4517877,13.3258861,[0, 0, 0, 0],0,240,0,0
1,52.4688722,13.5107503,[7, 2, 1, 5],5,125,5,16
2,52.6109019,13.241661,[7, 2, 1, 18],0,240,5,17
3,52.4623986,13.419665,[7, 2, 1, 9],82,202,5,18
4,52.4351219,13.460394,[14, 6, 2, 21],48,168,5,19
5,52.4436468,13.4973469,[14, 6, 2, 25],0,119,5,20
6,52.6118749,13.2366104,[14, 6, 2, 14],27,147,5,21
7,52.5041733,13.4497759,[14, 6, 2, 24],5,125,5,22
8,52.5855199,13.4073566,[7, 2, 1, 5],84,204,5,23
9,52.4870209,13.5320217,[14, 6, 2, 32],103,223,5,24
10,52.4929785,13.534346,[14, 6, 2, 36],104,224,5,25
11,52.4957737,13.2623807,[14, 6, 2, 14],76,196,5,26
12,52.525996,13.4929947,[7, 2, 1, 13],90,210,5,27
13,52.4946293,13.3602715,[7, 2, 1, 6],54,174,5,28
14,52.4905608,13.5364526,[14, 6, 2, 8],96,216,5,29
15,52.6010981,13.2444559,[14, 6, 2, 16],0,115,5,30
16,52.4370552,13.3267241,[-7, -2, -1, -5],36,156,5,1
17,52.5399943,13.4544275,[-7, -2, -1, -18],0,240,5,2
18,52.552494,13.4319103,[-7, -2, -1, -9],109,212,5,3
19,52.6356544,13.297939,[-14, -6, -2, -21],96,206,5,4
20,52.613281,13.221128,[-14, -6, -2, -25],53,173,5,5
21,52.4932429,13.1813556,[-14, -6, -2, -14],71,191,5,6
22,52.5714697,13.3435558,[-14, -6, -2, -24],32,152,5,7
23,52.526416,13.1948665,[-7, -2, -1, -5],119,216,5,8
24,52.537683,13.5869203,[-14, -6, -2, -32],126,200,5,9
25,52.5030946,13.552428,[-14, -6, -2, -36],119,204,5,10
26,52.4231686,13.5409597,[-14, -6, -2, -14],114,216,5,11
27,52.5189359,13.5480768,[-7, -2, -1, -13],106,205,5,12
28,52.533719,13.5927058,[-7, -2, -1, -6],95,198,5,13
29,52.5741403,13.5151341,[-14, -6, -2, -8],121,203,5,14
30,52.4961426,13.5731579,[-14, -6, -2, -16],50,170,5,15
StartID EndID StartX StartY EndX EndY StartT EndT
31,67,52.4925644,13.5090673,52.5548837,13.1606257,0,522
32,68,52.6115016,13.2447857,52.5283096,13.1967646,105,465
33,69,52.4911116,13.5129825,52.4335535,13.4860376,130,460
34,70,52.602186,13.2441879,52.5420988,13.1303154,47,527
35,71,52.4168526,13.4908914,52.4313708,13.4937962,139,442
36,72,52.6161155,13.2284906,52.5085312,13.235683,122,476
37,73,52.4931256,13.4746783,52.4524105,13.3534839,81,528
38,74,52.4843541,13.522605,52.6254697,13.3067828,0,507
39,75,52.4575206,13.4991186,52.4070929,13.6528362,48,489
40,76,52.413744,13.2661427,52.4309904,13.3996006,0,444
41,77,52.488621,13.5159467,52.4398017,13.4648817,0,432
42,78,52.4953961,13.5103282,52.4997603,13.425228,131,458
43,79,52.6087709,13.4335265,52.4522848,13.1454437,76,463
44,80,52.625354,13.2420837,52.6050842,13.2375804,0,411
45,81,52.495953,13.5107692,52.4268701,13.4602077,58,499
46,82,52.6045615,13.2383862,52.6113618,13.2440892,127,466
47,83,52.5045113,13.4724578,52.488703,13.4082139,93,483
48,84,52.4852061,13.5578268,52.6238655,13.3107912,75,480
49,85,52.425336,13.5098535,52.4363722,13.2248835,41,509
50,86,52.4985482,13.5481338,52.4229595,13.5620156,30,477
51,87,52.6112817,13.2399281,52.6025277,13.3139862,17,434
52,88,52.4273146,13.4919611,52.5687696,13.3779297,75,495
53,89,52.4177957,13.4272201,52.6442685,13.306422,30,558
54,90,52.4255718,13.4717532,52.5523995,13.4351778,21,483
55,91,52.6011431,13.244155,52.4945874,13.3972483,57,528
56,92,52.5156106,13.1766777,52.5140711,13.4303935,67,520
57,93,52.5497747,13.1712069,52.4400522,13.2393985,92,494
58,94,52.546669,13.4211684,52.5162917,13.2627755,15,477
59,95,52.4306507,13.478281,52.4799371,13.4810998,135,450
60,96,52.6105417,13.2394849,52.4260394,13.587318,42,537
61,97,52.6173252,13.4945523,52.618849,13.4942687,85,445
62,98,52.4266618,13.6889283,52.4340296,13.5057526,22,484
63,99,52.4366284,13.4836962,52.445142,13.5635491,118,478
64,100,52.4835609,13.5003318,52.510713,13.4533062,86,476
65,101,52.573885,13.2213694,52.4750367,13.548083,8,548
66,102,52.4397369,13.4144039,52.4230351,13.485175,81,489
edge
0,22,30,13,18,20,30,23,31,27,28,16,29,12,29,28,5,25,26,35,33,28,24,25,40,35,23,35,41,37,36,30,30,29,29,21,32,23,27,19,13,28,29,37,32,29,30,25,32,20,37,30,20,18,20,28,24,29,26,19,31,42,42,18,25,30,12,32,24,19,33,18,18,5,31,39,14,18,18,36,30,19,30,15,30,15,25,28,26,35,26,14,21,14,15,19,32,41,19,26,23,35,20
23,0,42,15,14,8,43,14,31,6,8,29,17,23,8,41,26,19,22,47,46,41,33,37,22,14,12,15,22,24,17,10,42,9,41,14,44,12,7,5,33,8,10,33,45,9,42,11,13,12,18,42,12,19,14,41,37,42,22,13,43,37,25,12,6,43,16,44,37,12,46,10,31,23,43,23,23,14,15,49,42,15,42,17,43,34,13,40,29,47,23,18,17,32,27,7,15,37,9,9,14,15,12
29,42,0,32,37,40,1,34,24,43,43,25,36,29,45,4,32,30,26,16,5,32,17,25,46,43,43,44,48,39,47,42,1,44,4,41,5,36,44,38,36,44,41,29,6,41,2,36,47,39,46,1,40,40,40,4,28,25,27,38,1,38,62,38,41,16,36,26,25,39,32,37,25,31,15,59,39,37,32,40,3,40,1,33,14,33,45,11,20,17,27,30,31,32,21,39,51,38,39,46,33,52,40
14,15,33,0,9,13,33,16,29,20,21,19,22,14,22,31,14,20,22,38,36,31,27,28,33,26,16,27,33,32,29,21,33,22,32,14,35,14,20,12,23,21,20,33,35,20,33,16,26,13,29,33,13,11,11,31,27,32,21,11,34,38,35,11,18,33,7,35,27,12,36,11,21,11,34,32,12,9,11,39,33,11,33,9,33,24,18,30,27,38,22,11,15,23,18,11,24,37,12,19,16,28,13
18,14,38,9,0,9,38,19,34,18,19,25,25,19,20,37,19,25,26,43,42,37,33,33,33,26,13,26,33,35,27,21,38,20,37,7,40,17,18,10,27,19,21,37,40,21,38,19,23,8,28,38,7,7,4,37,32,38,26,4,39,42,32,6,17,39,7,40,33,6,42,7,26,16,39,29,11,2,16,45,38,3,38,14,39,30,15,36,32,43,27,16,20,28,23,13,21,42,9,16,20,26,5
21,8,40,13,9,0,41,17,35,12,14,27,22,21,14,39,24,25,27,45,44,39,35,35,27,20,10,20,27,29,21,16,40,14,39,8,42,16,12,5,31,13,15,38,42,15,40,17,17,6,22,40,7,13,8,39,35,40,27,7,41,43,26,7,12,41,14,42,35,6,44,4,29,21,41,23,18,8,18,47,40,10,40,17,41,32,12,38,33,45,28,18,20,30,25,10,15,42,4,10,18,20,7
29,42,1,32,38,40,0,34,25,43,43,25,36,29,45,4,32,30,27,16,4,33,17,25,46,43,43,44,48,39,47,42,2,44,4,41,4,36,44,39,36,45,41,29,6,41,3,36,48,39,46,1,40,40,40,4,29,25,27,39,1,38,62,38,41,16,36,27,25,39,33,38,25,31,15,59,39,38,32,41,3,40,2,33,14,33,45,11,20,18,27,30,31,32,21,39,51,38,39,46,33,52,40
23,14,34,15,19,17,34,0,21,14,14,29,10,15,16,32,26,10,12,36,37,38,22,34,23,16,21,16,23,21,20,11,33,13,33,22,36,5,15,13,33,14,10,24,36,10,33,6,20,21,19,34,21,23,21,32,34,38,12,20,34,29,36,19,10,39,19,41,33,20,42,19,28,23,33,33,26,19,5,46,33,21,33,10,32,34,22,30,19,36,13,9,6,32,25,9,25,28,18,20,3,23,21
30,32,24,29,35,35,24,22,0,29,29,26,19,23,30,22,33,14,10,22,27,37,11,30,29,29,39,27,31,17,33,28,24,30,23,39,26,24,30,31,37,30,27,8,26,27,23,22,33,37,32,24,38,37,37,22,33,32,11,36,25,16,54,36,27,33,33,35,30,37,39,35,26,32,19,51,38,34,21,45,24,37,24,22,18,34,40,16,6,22,11,21,18,33,22,27,43,15,36,38,20,37,38
28,6,43,20,18,13,44,15,29,0,2,33,13,28,2,42,30,17,21,45,47,45,32,42,18,10,17,11,17,20,13,6,43,4,42,18,45,14,3,9,37,3,6,31,46,5,43,10,10,16,13,43,17,23,18,42,41,46,21,18,44,34,27,17,8,47,20,49,41,16,50,15,35,28,42,25,28,18,18,53,43,20,43,21,42,38,17,40,28,45,21,23,18,37,32,12,17,34,14,11,13,9,17
30,8,43,22,20,15,43,15,29,2,0,35,12,28,2,42,32,17,20,45,46,47,32,44,17,10,19,10,17,19,14,6,43,6,42,20,45,13,5,11,39,5,5,30,45,5,43,10,12,18,13,43,19,25,20,42,43,48,21,20,44,34,29,19,10,49,22,51,43,18,52,16,37,29,42,27,29,20,18,55,43,22,43,21,41,40,19,39,28,45,21,22,17,39,34,14,19,33,16,13,13,11,19
15,27,24,18,23,25,25,28,26,32,34,0,32,15,34,23,18,28,25,29,28,19,19,17,43,38,28,39,44,37,41,35,24,34,23,27,26,28,32,24,20,33,34,32,26,34,24,30,38,25,42,24,25,26,25,23,15,21,25,24,25,39,47,23,30,24,22,24,16,24,25,23,9,17,25,45,25,23,23,27,24,25,24,20,25,17,31,22,21,29,25,19,25,16,7,24,37,38,24,31,28,40,25
30,17,35,21,24,22,35,10,19,13,13,33,0,22,14,34,32,8,11,36,39,43,22,39,13,13,26,11,15,14,17,12,35,14,34,27,37,9,13,18,39,14,11,20,37,11,35,7,17,25,16,35,26,28,26,34,39,40,12,25,36,24,39,24,12,41,25,43,38,25,47,24,33,30,33,37,31,24,13,51,35,26,35,17,32,41,27,30,19,36,11,16,12,39,30,14,29,23,23,23,8,21,26
12,23,29,14,19,21,29,17,25,28,29,17,23,0,30,27,14,19,20,34,32,29,21,24,34,29,24,30,35,31,33,26,29,28,28,23,31,19,28,20,21,28,25,30,31,25,29,21,34,21,32,29,21,22,21,27,25,29,19,20,30,36,43,19,24,30,18,32,24,20,33,19,18,13,30,41,21,19,12,37,29,21,29,9,29,23,27,27,20,34,20,8,16,21,15,20,33,35,20,27,18,36,21
30,8,44,22,20,15,44,16,30,2,2,35,14,29,0,43,32,18,22,46,48,47,33,44,19,11,19,11,18,20,15,7,44,6,43,20,46,14,5,11,39,5,7,31,46,6,44,11,12,18,14,44,19,25,20,43,43,48,22,20,45,35,29,19,10,49,22,51,43,18,52,17,37,29,43,27,29,20,19,55,44,22,44,22,42,40,19,41,29,46,22,24,18,39,34,14,19,34,16,13,14,11,19
28,40,4,31,36,38,4,32,22,42,41,23,34,27,43,0,31,28,25,17,6,29,15,22,45,42,41,42,46,37,45,41,4,42,1,39,6,34,42,37,34,43,40,27,9,39,2,34,46,38,45,4,38,38,38,1,25,21,25,37,4,36,60,36,39,13,34,23,22,37,29,36,23,30,13,57,38,36,30,37,2,38,4,31,12,31,43,9,18,17,25,29,30,30,20,37,50,36,37,44,31,50,38
5,25,33,14,19,23,33,26,34,29,31,19,32,15,31,32,0,27,28,38,36,31,27,28,42,37,26,38,44,39,39,33,33,32,32,23,35,26,30,21,11,31,32,39,35,31,33,28,35,22,40,33,23,18,20,32,27,32,28,21,34,44,45,21,28,33,12,35,27,22,36,20,21,6,34,42,15,20,21,39,33,20,33,17,34,15,28,31,29,38,29,17,24,14,18,22,34,44,22,29,26,37,22
27,22,30,22,27,25,30,11,14,18,18,28,8,19,20,28,29,0,5,30,33,39,17,33,19,18,29,17,20,15,22,17,29,19,29,30,32,13,19,21,36,19,16,16,32,16,29,11,23,29,21,30,29,29,29,28,35,34,7,28,30,21,44,27,16,35,25,37,32,28,41,27,28,26,27,41,31,27,13,47,29,29,29,15,26,37,30,24,13,30,5,13,10,35,25,17,33,20,26,28,9,27,29
28,25,28,23,28,28,28,14,12,22,21,26,11,20,23,26,31,6,0,28,31,37,15,31,22,21,32,20,23,13,25,20,28,22,27,33,30,16,22,24,38,23,19,12,30,19,28,14,26,31,24,28,31,31,31,26,33,33,6,30,29,17,47,29,20,34,27,35,31,30,40,29,27,28,25,44,32,28,14,45,28,30,28,16,25,35,33,23,11,28,1,15,12,34,23,20,36,17,29,31,12,30,31
34,47,16,37,42,45,16,37,22,46,45,29,36,33,47,17,37,31,27,0,19,40,17,33,47,45,47,45,48,37,49,44,16,46,17,46,16,39,46,43,40,47,44,26,13,43,18,38,50,44,48,16,45,45,44,17,36,34,28,43,17,36,66,42,43,27,41,37,33,43,42,42,30,36,5,64,44,42,35,48,18,45,16,36,5,38,50,11,20,3,28,34,33,36,26,42,56,35,43,51,35,54,45
32,45,5,35,41,43,4,37,28,47,46,28,39,32,48,6,35,33,30,19,0,33,20,25,49,46,46,47,51,42,50,45,6,47,6,44,3,39,47,42,39,48,44,32,8,44,6,39,51,42,49,5,43,43,43,6,29,25,30,42,5,41,65,41,44,16,39,27,25,42,33,41,28,34,18,62,42,41,35,41,5,43,6,36,17,36,48,15,23,20,30,33,34,35,24,42,54,41,42,49,36,55,43
27,40,32,30,36,38,33,39,37,45,46,20,43,28,46,29,30,38,36,40,33,0,29,8,53,49,41,50,55,48,53,47,33,47,30,39,33,41,45,37,33,46,47,43,37,46,30,42,50,37,52,33,38,38,38,29,6,15,36,37,32,50,60,36,43,20,34,18,9,37,17,36,12,29,36,57,37,36,35,11,31,38,33,33,36,30,43,33,31,40,36,32,36,29,15,37,49,49,37,44,39,53,38
23,33,16,26,31,34,17,23,11,32,32,19,23,20,33,15,26,17,13,17,20,29,0,23,33,32,37,31,35,26,36,31,16,33,15,35,18,25,32,32,30,33,30,17,19,29,16,24,36,33,35,16,34,34,34,15,25,25,14,32,17,24,55,32,29,25,30,28,23,33,32,31,19,25,13,52,33,31,21,37,16,34,16,22,13,27,39,11,6,17,14,20,20,26,15,28,44,24,33,39,21,40,34
24,36,24,27,32,34,25,34,30,41,42,17,38,23,43,21,27,33,29,33,25,9,23,0,49,45,37,45,50,42,49,43,25,43,22,35,26,36,41,33,30,42,42,36,30,42,23,37,47,34,48,25,34,34,34,21,5,8,30,33,24,43,56,32,39,12,30,11,2,33,13,32,9,26,29,53,34,32,31,17,23,34,25,29,28,27,39,25,25,33,30,27,32,25,10,33,46,43,33,40,34,49,34
40,22,46,33,34,28,46,23,29,17,17,44,13,32,19,44,43,18,21,46,49,54,33,49,0,11,28,9,3,15,13,17,45,18,45,33,48,22,18,24,50,18,17,28,48,16,45,19,14,31,13,46,32,38,34,44,50,50,22,33,46,31,37,32,21,51,36,53,48,32,57,30,43,40,43,35,43,33,25,62,46,35,45,28,42,51,28,41,29,46,21,27,22,49,40,27,27,30,29,21,21,26,32
36,15,43,26,27,21,43,16,29,10,10,40,13,28,12,42,38,17,21,45,47,50,32,45,11,0,22,5,11,18,8,11,43,11,42,26,45,15,11,17,45,12,10,30,45,9,43,12,8,25,7,43,25,31,27,42,46,48,21,26,44,33,31,25,15,49,29,51,45,25,54,23,40,36,42,29,36,26,19,58,43,28,43,23,41,47,22,40,28,45,21,23,17,45,36,20,21,33,22,15,14,19,25
24,12,44,16,13,10,44,21,39,16,18,30,27,25,18,42,27,29,31,48,47,42,38,38,26,20,0,22,26,34,18,20,43,18,43,10,46,20,17,10,34,17,20,43,46,19,43,21,14,6,19,44,9,18,12,42,38,43,31,11,44,47,22,10,16,44,17,46,38,10,47,8,32,24,45,20,22,13,21,50,43,13,43,20,44,35,5,41,37,49,32,22,24,33,29,15,12,47,7,7,22,22,10
35,14,43,26,26,20,43,15,28,10,10,39,11,28,11,41,38,16,19,44,46,49,31,45,10,6,24,0,11,15,10,10,42,11,42,26,45,14,10,17,45,11,9,28,45,9,42,11,10,24,9,43,25,31,26,41,45,47,20,25,43,31,34,25,14,48,28,50,44,24,53,22,39,35,41,31,35,26,18,57,43,27,42,22,40,46,25,38,27,44,19,22,17,44,36,19,23,30,22,18,13,18,25
42,21,47,33,33,28,48,23,31,17,17,45,15,34,18,46,45,20,23,48,51,55,34,51,3,11,27,11,0,17,11,17,47,18,46,33,49,21,18,24,52,18,16,29,49,16,47,18,13,30,12,47,32,38,33,46,51,52,24,32,48,32,37,32,21,53,35,55,50,31,59,29,45,42,45,34,42,33,25,63,47,34,47,29,44,53,28,42,31,48,23,28,24,51,42,26,27,32,29,21,20,25,32
37,24,39,32,35,30,39,21,17,20,19,38,14,29,21,37,40,15,13,37,42,49,26,43,16,19,34,16,17,0,23,20,39,20,38,35,41,20,20,26,47,21,19,16,41,18,39,18,23,34,22,39,34,39,36,37,45,44,17,35,40,19,46,34,23,46,35,47,43,34,51,32,39,37,34,43,41,35,23,57,39,37,39,25,33,47,35,32,21,37,13,24,20,45,35,25,35,18,31,30,19,28,34
37,17,47,29,27,21,47,20,33,13,14,43,16,32,15,45,39,21,24,49,50,53,35,49,13,8,19,9,11,22,0,14,47,15,46,26,49,18,15,18,46,15,13,34,49,13,47,15,5,22,7,47,25,32,26,45,49,52,24,26,48,37,28,25,18,53,30,54,48,24,57,22,43,37,46,26,36,27,22,61,47,28,47,26,45,48,20,43,32,49,25,26,21,46,40,22,18,37,21,13,17,19,25
32,10,41,22,22,17,41,12,27,6,6,37,13,25,7,40,34,16,19,43,45,48,30,43,18,10,21,11,17,20,14,0,41,4,40,22,43,10,6,13,41,4,2,30,43,2,41,7,14,20,13,41,21,27,22,40,44,46,19,21,42,33,32,21,9,47,24,49,43,20,52,18,37,31,40,30,31,22,15,56,41,24,41,18,39,42,21,38,26,43,19,20,15,41,34,15,22,33,18,16,10,14,21
29,41,1,32,37,39,2,34,24,43,43,24,35,28,44,4,32,30,26,16,6,33,16,26,46,43,42,43,47,38,47,42,0,44,4,41,5,36,43,38,35,44,41,29,6,40,3,35,47,39,46,2,39,40,39,4,29,25,26,38,2,38,61,37,41,17,36,27,25,38,33,37,25,31,14,59,39,37,31,41,4,39,1,32,14,33,45,11,20,17,27,30,31,31,21,39,51,37,38,45,32,51,39
30,8,43,22,20,15,43,14,29,4,6,36,13,27,6,42,32,18,21,45,46,47,32,44,18,11,19,11,18,20,15,4,43,0,42,20,45,12,4,11,39,2,4,31,45,4,43,9,13,18,14,43,19,25,21,42,43,48,21,20,44,35,31,19,10,49,23,51,43,18,52,17,37,30,42,28,30,20,17,55,43,22,43,20,41,40,19,39,28,45,21,22,17,39,34,14,20,34,16,15,12,13,19
28,41,4,31,36,39,4,33,23,42,42,24,35,28,44,1,31,29,25,17,6,30,15,22,45,42,42,43,47,38,46,41,4,43,0,40,6,35,43,37,35,43,40,27,9,40,2,35,46,38,45,4,39,39,39,1,26,22,26,37,4,37,61,37,40,13,35,24,22,38,30,36,24,30,13,58,38,36,31,38,2,39,4,32,13,32,44,10,19,17,26,29,30,31,20,38,50,36,38,45,32,51,39
23,14,42,14,7,8,42,22,38,17,19,28,28,23,19,40,24,29,30,46,45,40,36,37,33,25,10,26,32,35,26,21,41,20,41,0,44,21,18,10,32,18,21,41,44,20,41,22,22,6,27,42,5,12,5,40,36,41,30,4,43,46,30,7,17,42,12,44,36,5,45,5,30,21,43,27,16,7,20,48,42,7,42,18,42,33,13,39,36,47,31,20,24,32,27,16,19,46,6,14,24,25,3
31,44,4,34,39,42,4,36,26,45,45,26,38,31,46,6,34,32,28,16,3,33,18,26,48,45,45,45,49,41,49,44,5,46,6,43,0,38,46,40,38,46,43,31,6,43,6,38,49,41,48,4,42,42,42,5,29,26,29,40,5,40,64,40,43,17,38,28,26,41,33,39,27,33,17,61,41,39,33,41,5,42,5,34,16,35,47,13,22,18,29,32,33,34,23,41,53,39,41,48,35,54,42
24,12,36,14,17,16,36,5,24,13,13,30,11,18,14,35,27,12,15,38,39,41,25,37,23,15,20,16,22,22,19,10,36,12,35,21,38,0,13,11,34,12,9,26,38,9,36,5,19,19,18,36,20,22,20,35,37,40,15,19,37,31,34,18,9,42,18,43,36,19,45,17,31,24,35,32,25,17,8,49,36,20,36,11,35,35,20,33,21,38,16,12,9,33,28,8,24,31,17,18,6,21,20
29,7,45,21,19,14,45,16,31,3,5,35,14,29,5,43,31,19,22,47,48,46,33,43,19,12,18,12,19,21,16,5,44,3,44,19,47,14,0,10,38,2,6,32,47,6,44,11,12,17,15,45,18,24,20,43,42,47,22,19,46,35,30,18,9,49,22,50,42,17,51,16,36,29,44,27,29,19,19,54,45,21,45,22,43,39,19,41,30,47,23,23,19,38,33,13,19,35,15,14,14,12,18
20,5,39,12,10,5,39,13,31,9,10,25,19,20,11,38,22,20,23,44,42,37,32,34,24,17,10,17,24,26,18,13,39,11,38,10,41,11,9,0,29,10,12,34,41,12,39,13,15,8,19,39,9,15,10,38,33,38,23,9,40,39,25,9,8,39,12,41,33,8,42,6,27,20,40,22,19,10,14,45,39,12,39,13,40,30,11,37,29,44,24,15,16,29,24,6,14,39,6,9,14,17,9
13,32,36,22,27,30,36,33,37,37,38,21,39,22,38,35,11,35,35,41,39,34,30,31,49,45,33,45,51,46,46,40,36,39,35,31,38,33,37,29,0,38,39,44,38,38,36,35,42,29,47,36,30,25,29,35,30,35,35,29,37,51,52,28,35,36,20,38,30,29,39,28,24,15,37,49,23,28,28,42,36,28,36,25,37,10,35,34,32,41,36,24,31,9,21,29,41,50,29,36,33,45,30
29,7,44,21,19,14,44,14,30,3,5,35,14,28,5,42,31,18,21,46,47,46,32,43,19,12,18,12,19,21,15,4,43,2,43,19,46,13,3,10,38,0,5,32,46,5,43,10,12,17,15,44,18,24,20,42,42,47,21,19,44,35,30,18,9,49,22,50,42,17,51,16,36,29,43,27,29,19,18,54,44,21,43,21,42,39,19,40,29,46,22,22,18,38,33,13,19,35,15,14,12,12,18
31,10,40,21,22,16,41,11,26,6,5,36,12,24,7,39,33,15,18,42,44,47,29,42,17,9,20,10,16,19,13,2,40,4,39,21,42,10,6,12,40,5,0,29,43,1,40,6,14,20,12,40,20,27,22,39,43,45,18,21,41,33,32,20,8,46,24,48,42,20,51,18,37,30,39,29,31,21,14,55,40,23,40,17,39,41,21,37,25,42,18,19,14,40,34,14,21,32,17,16,9,14,20
36,34,29,32,37,37,30,23,7,30,29,31,19,29,31,27,39,15,12,27,32,42,16,36,28,29,41,28,30,16,33,28,29,30,28,41,31,25,30,33,43,31,28,0,32,27,28,23,34,39,33,29,40,39,39,27,38,38,14,38,30,11,56,38,28,38,36,40,36,39,45,38,32,36,24,53,41,37,23,50,29,39,29,25,23,40,42,21,12,27,12,23,21,39,28,29,45,10,38,40,21,38,40
31,44,6,34,40,42,6,36,27,45,45,27,38,31,47,9,34,32,29,13,8,38,19,30,48,45,45,46,50,41,49,44,6,46,9,43,6,38,46,41,38,46,43,31,0,43,8,38,50,41,48,6,42,42,42,9,33,30,29,41,7,40,64,40,43,21,38,32,30,41,38,40,27,33,14,61,41,40,34,46,9,42,6,35,14,35,47,13,22,14,29,32,33,34,23,41,53,40,41,48,35,54,42
30,9,40,21,21,16,40,11,26,5,5,36,11,24,6,38,33,15,17,42,43,46,29,42,16,9,20,9,16,18,13,2,40,4,39,21,42,9,5,12,40,5,1,28,42,0,40,6,13,19,12,40,20,26,21,39,42,45,17,20,41,32,31,20,8,46,23,47,41,19,50,17,36,30,39,29,30,21,14,54,40,22,40,17,38,41,20,36,25,42,18,18,14,40,33,14,21,32,17,15,9,13,20
29,41,2,32,37,39,3,34,24,43,43,24,35,28,44,2,32,30,26,18,6,30,16,23,46,43,42,43,47,38,47,42,3,44,2,41,6,35,43,38,35,44,41,28,8,40,0,35,47,39,46,3,39,40,39,2,26,23,26,38,2,37,61,37,40,14,36,25,23,38,30,37,24,31,14,59,39,37,31,38,1,39,3,32,14,33,45,11,19,18,27,30,31,31,21,38,51,37,38,45,32,51,39
25,13,35,15,18,17,35,6,21,11,11,31,7,19,12,33,28,9,12,37,38,41,23,37,19,11,21,12,19,18,15,8,34,10,34,22,37,4,11,12,35,10,7,23,37,7,34,0,16,20,15,35,21,23,21,33,37,39,12,20,36,27,35,19,6,41,19,42,36,20,45,18,31,25,34,33,26,18,9,49,35,21,35,12,33,36,21,31,20,37,13,13,9,34,28,9,25,27,18,19,4,19,21
33,13,48,26,23,18,48,20,33,10,12,39,17,33,11,46,36,22,25,50,51,51,36,47,14,8,16,9,14,22,5,15,47,13,47,23,49,19,11,15,43,12,14,35,50,13,47,16,0,19,6,48,21,28,23,46,47,52,25,22,48,38,25,21,16,53,26,55,47,21,56,19,41,33,46,23,32,23,23,59,47,24,47,27,46,44,16,44,32,50,25,27,22,43,38,18,15,37,18,9,18,15,21
21,12,40,13,8,6,40,20,36,15,17,26,26,21,17,38,23,27,28,45,43,38,34,35,31,23,6,24,30,33,22,19,40,18,39,6,42,19,16,8,30,17,19,39,42,18,40,20,18,0,23,40,4,13,6,39,34,39,28,6,41,44,26,5,15,40,13,42,34,4,43,3,28,20,41,24,17,8,18,46,40,8,40,16,40,31,10,38,34,45,29,18,22,30,25,14,16,44,5,10,22,24,5
38,18,46,29,28,22,46,19,32,13,13,43,15,31,15,45,40,20,23,48,49,53,35,48,13,7,20,8,12,21,7,13,46,14,45,27,48,18,14,19,47,14,13,33,48,12,46,15,6,23,0,46,26,33,27,45,49,51,24,27,47,36,30,26,17,52,31,54,48,25,57,23,42,38,45,27,37,28,22,61,46,29,46,26,44,49,21,43,31,48,24,25,20,47,39,23,19,36,22,14,17,20,26
29,42,1,32,37,40,1,34,24,43,43,25,36,29,45,4,32,30,26,16,5,33,17,25,46,43,43,44,48,39,47,42,2,44,4,41,4,36,44,39,36,44,41,29,6,41,3,36,47,39,46,0,40,40,40,4,28,25,27,39,1,38,62,38,41,16,36,27,25,39,32,37,25,31,15,59,39,37,32,41,3,40,2,33,14,33,45,11,20,18,27,30,31,32,21,39,51,38,39,46,33,52,40
21,12,41,13,7,7,41,21,37,16,18,27,27,22,18,39,24,28,29,45,44,39,35,35,32,24,9,25,31,34,25,20,40,18,40,5,43,20,17,9,31,17,20,40,43,19,40,21,21,4,26,41,0,12,6,39,35,40,29,5,41,45,29,6,16,41,13,43,35,4,44,3,29,21,42,26,16,7,18,47,41,7,40,17,41,32,12,38,34,46,30,19,23,31,26,14,18,45,5,13,22,24,4
18,19,41,11,7,13,41,23,37,22,24,27,29,22,24,39,18,28,29,45,44,39,35,35,38,30,18,31,37,39,31,26,40,24,40,11,43,22,23,15,25,23,26,40,43,25,40,24,28,13,32,41,12,0,8,39,35,40,29,8,41,45,36,10,21,41,9,43,35,10,44,11,29,15,42,34,7,8,18,47,41,8,40,17,41,29,20,38,34,46,29,19,22,28,26,18,26,45,13,20,23,30,10
20,14,40,11,3,8,41,21,37,17,19,27,27,21,19,39,20,28,29,45,44,39,35,35,33,25,11,26,32,35,26,21,40,19,39,4,42,20,18,10,29,18,21,40,43,20,40,22,22,6,27,40,5,8,0,39,35,40,29,3,41,45,30,6,17,41,9,42,35,4,44,4,29,17,41,27,12,5,18,47,40,3,40,17,41,32,13,38,34,45,29,19,22,30,25,14,19,45,6,14,22,25,3
28,40,3,31,36,38,4,32,22,42,41,23,34,27,43,1,31,28,25,17,6,29,15,22,45,42,41,42,46,37,45,41,4,42,1,39,6,34,42,37,34,43,40,27,9,39,2,34,46,38,45,4,38,38,38,0,25,21,25,37,4,36,60,36,39,13,34,23,22,37,29,36,23,30,13,57,38,36,30,37,2,38,4,31,12,31,43,9,18,17,25,29,30,30,20,37,50,36,37,44,31,50,38
23,36,28,26,32,34,29,35,33,41,42,16,39,24,42,25,26,35,32,36,29,6,26,4,50,45,37,46,51,44,49,44,29,43,26,35,29,37,41,33,29,42,43,39,33,42,26,38,46,34,48,28,34,34,34,25,0,11,32,33,28,46,56,32,39,15,30,13,5,33,12,32,9,25,32,53,33,32,31,14,26,34,29,29,32,27,39,29,27,36,32,28,32,25,12,33,45,45,33,40,35,49,34
27,40,24,30,36,38,24,37,31,45,46,22,40,27,46,21,30,34,30,34,24,14,24,8,50,47,41,47,52,43,51,46,25,47,21,39,25,39,45,37,34,46,45,37,29,45,22,39,50,37,50,24,38,38,38,21,10,0,31,37,24,44,60,36,43,11,34,4,7,37,10,36,15,29,30,57,37,36,34,22,22,38,24,33,29,31,43,27,26,34,31,31,35,29,14,37,49,44,37,44,37,53,38
26,24,27,22,27,27,27,13,11,21,20,25,12,18,22,25,29,6,4,27,30,36,14,30,23,21,31,20,24,16,25,20,26,22,26,31,29,15,21,23,36,22,19,15,29,18,26,13,25,29,24,27,30,29,29,25,32,31,0,28,27,20,46,28,18,32,25,34,29,29,38,27,26,26,24,43,30,27,13,44,27,29,26,14,23,34,32,21,10,27,4,13,11,32,22,19,35,20,28,30,11,29,30
20,13,39,11,4,8,39,20,35,17,18,26,26,20,19,38,21,26,28,44,42,37,33,34,32,25,11,25,32,34,25,21,39,19,38,4,41,18,17,10,29,18,20,39,41,20,39,20,22,6,26,39,5,9,3,38,33,38,27,0,40,44,30,4,16,40,10,41,33,2,42,4,27,18,40,27,13,3,17,45,39,4,39,15,40,30,13,37,33,44,28,18,21,29,24,13,19,43,6,14,21,25,3
30,43,1,33,38,40,1,35,25,44,44,25,36,29,45,4,33,31,27,17,5,32,17,25,47,44,43,44,48,40,48,43,2,45,4,42,5,37,44,39,36,45,42,30,7,42,2,36,48,40,47,2,40,41,40,4,28,24,28,39,0,39,62,38,42,16,37,26,25,39,32,38,26,32,15,60,40,38,32,40,3,41,2,33,15,34,46,12,21,18,28,31,32,32,22,40,52,38,39,46,33,52,40
43,39,38,38,43,42,38,29,16,34,34,39,24,35,36,36,45,22,18,35,41,50,24,44,31,34,47,31,33,19,38,33,38,35,36,47,40,30,35,38,50,35,32,11,40,32,37,27,39,46,37,38,46,45,45,36,46,46,20,44,39,0,61,44,33,46,42,48,44,45,53,44,40,42,32,58,47,43,29,58,37,45,38,31,31,48,47,30,20,35,18,29,27,47,36,35,50,1,44,45,27,43,46
44,26,63,36,32,27,63,36,53,28,30,49,39,44,29,62,46,42,45,68,66,61,56,58,38,32,24,33,38,46,29,33,63,31,62,31,65,35,29,25,53,30,32,56,65,32,63,33,26,27,30,63,29,37,31,62,57,62,45,30,64,60,0,29,29,63,36,65,57,29,66,27,51,43,64,8,41,32,37,69,63,33,63,38,64,54,23,61,52,68,45,39,39,53,48,29,18,59,26,18,36,33,29
19,12,38,11,5,7,38,19,35,16,18,25,25,19,18,37,22,26,27,43,42,37,33,33,32,24,10,24,31,33,25,20,38,18,37,7,40,18,17,9,29,17,20,38,40,19,38,20,21,5,26,38,5,10,7,37,33,38,27,4,39,43,29,0,16,39,11,40,33,2,42,3,26,19,39,26,15,5,16,45,38,7,38,15,39,30,12,36,32,43,27,17,20,28,23,12,18,42,5,13,20,24,5
29,8,41,21,20,14,41,11,27,7,9,35,13,24,9,39,32,15,18,43,44,47,29,43,22,15,18,15,22,24,17,10,40,9,40,19,43,9,7,10,39,8,9,29,43,8,40,7,14,18,18,41,18,24,20,39,43,45,18,19,42,33,30,18,0,46,22,48,42,18,51,16,36,29,40,27,29,19,14,55,41,21,41,17,39,40,19,37,26,43,19,18,15,38,33,13,20,33,15,14,10,15,18
30,43,16,33,38,40,17,40,33,47,49,25,42,30,49,13,33,36,33,27,17,20,26,12,53,49,43,50,54,45,53,48,17,49,14,42,17,42,48,39,36,48,48,38,22,47,14,42,53,40,53,16,40,41,40,13,16,12,33,39,16,47,62,38,45,0,37,14,12,39,20,38,19,32,24,60,40,38,37,28,15,41,17,35,23,34,46,20,29,28,33,33,37,32,19,40,52,46,39,46,39,55,40
11,16,37,7,7,13,37,19,33,20,22,23,26,17,22,35,12,24,25,41,40,35,31,32,36,28,16,29,35,36,30,24,36,22,36,12,39,18,21,12,20,21,24,36,39,23,36,20,26,13,31,37,13,9,9,35,31,36,25,9,38,41,35,11,18,37,0,39,31,11,40,11,25,9,38,33,9,9,15,43,37,9,37,13,37,25,19,34,30,42,26,15,19,23,22,14,25,41,12,19,20,28,11
31,44,27,34,40,42,27,41,35,48,50,26,43,31,50,23,34,38,34,38,27,18,28,12,54,51,45,51,55,47,55,50,27,51,24,43,28,43,49,41,37,50,49,41,32,49,25,43,54,41,54,27,42,42,42,24,13,4,35,41,27,48,64,40,47,14,38,0,11,41,11,39,19,33,34,61,41,39,38,26,25,42,27,37,33,35,47,30,30,38,35,35,38,33,18,41,53,48,41,48,40,57,42
24,36,24,27,32,34,25,34,30,41,42,17,38,24,43,21,27,33,29,33,25,10,23,3,49,45,37,45,50,42,49,43,25,43,22,35,26,36,41,33,30,42,42,36,30,42,23,37,47,34,48,25,34,34,34,21,6,8,30,33,25,43,56,32,39,12,30,11,0,33,13,32,9,26,29,54,34,32,31,18,23,34,25,29,28,27,39,25,25,33,30,27,32,25,10,33,46,43,33,40,34,49,34
20,12,39,12,6,6,40,20,36,16,17,26,26,20,18,38,23,27,28,44,43,38,34,34,31,24,9,24,31,33,24,19,39,18,38,5,41,19,16,8,30,17,19,39,42,19,39,20,20,4,25,39,4,11,5,38,34,39,28,3,40,44,28,2,16,40,12,41,34,0,43,3,28,20,40,26,15,5,17,46,39,6,39,16,40,31,12,37,33,44,28,18,21,29,24,13,18,43,5,12,21,24,4
33,45,32,36,41,43,33,43,39,50,52,27,47,33,52,29,36,42,38,42,33,17,32,13,58,54,46,54,59,51,58,52,33,52,30,45,34,45,50,42,39,51,51,45,38,51,31,46,56,43,57,33,43,44,43,29,12,9,39,42,33,52,65,41,48,20,40,12,13,42,0,41,19,35,38,63,43,41,40,25,31,43,33,38,37,36,49,34,34,42,39,37,41,35,20,42,55,52,42,49,43,58,43
20,11,39,12,6,5,39,19,35,14,16,25,25,20,16,37,22,26,27,44,42,37,33,34,30,22,8,23,30,32,23,18,39,17,38,4,41,18,15,7,29,16,18,38,41,17,39,19,19,3,24,39,3,11,4,37,33,38,27,4,40,43,27,4,14,39,12,41,33,2,42,0,27,19,40,24,15,6,17,45,39,6,39,15,39,30,10,37,33,44,28,17,21,29,24,13,16,43,4,11,21,22,3
17,30,25,20,26,28,25,29,26,35,36,10,33,18,36,23,20,29,25,29,28,13,19,10,44,39,31,40,45,38,43,38,24,37,24,29,27,31,35,27,23,36,37,32,27,36,24,32,40,27,42,25,28,28,28,23,9,16,26,27,26,39,50,26,33,19,24,19,9,27,19,26,0,19,26,47,27,26,25,21,25,28,25,23,25,20,33,22,21,30,26,22,26,19,5,27,39,39,27,34,29,43,28
5,23,33,12,16,21,33,24,33,27,29,19,29,13,29,31,6,25,26,37,36,31,27,27,40,35,24,36,41,37,37,30,32,30,32,21,35,24,28,20,15,29,30,37,35,29,32,26,33,20,38,33,21,15,18,31,27,32,26,18,33,42,43,19,26,33,9,35,27,20,36,18,21,0,34,40,12,17,19,39,32,17,32,15,33,18,26,30,29,37,27,15,22,17,18,20,32,42,20,27,24,36,20
30,43,15,33,38,41,15,34,19,42,42,26,33,30,44,13,33,28,24,5,18,36,13,29,44,42,44,42,45,34,46,41,14,43,13,42,17,36,43,39,37,44,40,23,14,40,14,35,47,40,45,15,41,41,41,13,32,31,25,39,16,33,63,39,40,23,37,33,29,40,38,38,26,32,0,60,40,38,32,44,14,41,15,33,2,34,46,8,17,5,25,31,30,33,22,39,52,32,40,47,32,51,41
41,23,61,33,30,24,61,34,51,25,27,47,37,42,27,59,44,40,42,65,64,59,53,56,35,29,22,31,35,44,27,30,60,29,60,28,63,32,27,23,51,28,30,53,63,30,60,31,23,24,28,61,27,35,29,59,55,60,42,28,61,57,8,27,26,61,34,63,55,27,64,25,49,41,62,0,39,30,35,67,61,30,60,35,61,52,20,58,50,66,43,37,37,51,46,27,15,57,24,15,34,31,27
14,23,40,12,12,18,40,26,38,27,29,26,32,20,29,39,14,29,30,45,43,38,34,35,43,35,23,36,43,41,36,31,40,30,39,16,42,24,28,20,23,29,30,41,42,30,40,26,33,18,37,40,17,8,13,39,34,39,30,14,41,46,41,15,26,40,8,42,34,16,43,16,28,12,41,39,0,14,21,46,40,13,40,20,41,27,25,38,33,45,31,19,25,26,25,21,31,46,18,26,26,36,15
19,14,38,9,2,8,38,19,34,17,19,24,25,19,19,37,20,25,26,43,41,36,32,33,33,25,13,26,32,35,26,21,38,19,37,7,40,17,18,10,28,18,21,37,40,20,38,19,23,8,27,38,7,8,5,37,32,37,26,4,39,42,31,5,16,38,9,40,32,6,41,7,26,17,39,29,13,0,16,44,38,5,38,14,39,29,15,36,32,43,27,16,20,28,23,13,21,42,9,15,20,25,5
19,14,32,11,16,18,32,6,20,18,17,24,13,11,19,30,21,11,13,35,35,35,21,31,24,19,22,19,26,23,22,15,31,16,31,21,33,8,18,14,28,17,14,24,34,13,31,9,23,19,22,32,19,18,19,30,31,35,13,18,32,29,36,17,13,36,15,38,30,18,39,17,25,18,32,34,22,16,0,43,31,18,31,6,31,29,22,29,18,35,13,5,6,28,22,10,26,28,18,20,6,26,19
35,48,40,38,44,46,41,47,45,53,54,28,51,36,54,37,38,46,44,48,41,11,37,16,61,57,49,58,63,56,61,55,41,55,38,47,41,49,53,45,41,54,55,51,45,54,38,50,58,45,60,41,46,46,46,37,14,23,44,45,40,58,68,44,51,28,42,26,17,45,25,44,20,37,44,65,45,44,43,0,39,46,41,41,44,38,51,41,39,48,44,40,44,37,23,45,57,57,45,52,47,61,46
29,42,3,32,37,40,3,34,24,43,43,24,35,29,44,2,32,30,26,18,5,31,16,23,46,43,42,43,47,39,47,42,4,44,2,41,5,36,44,38,35,44,41,28,9,41,1,35,47,39,46,3,40,40,39,2,26,23,27,38,3,38,61,37,41,14,36,25,23,38,31,37,25,31,14,59,39,37,31,39,0,40,4,32,14,33,45,11,20,18,27,30,31,31,21,39,51,37,38,46,32,51,40
20,15,41,11,3,10,41,21,37,19,20,27,28,22,21,39,20,28,29,45,44,39,35,35,34,27,13,27,34,36,28,23,40,21,40,7,43,20,19,12,29,20,22,40,43,22,40,22,24,8,29,41,7,8,3,39,35,40,29,4,41,45,32,7,18,41,9,43,35,6,44,7,29,17,42,29,12,5,18,47,40,0,40,17,41,32,15,38,34,46,29,19,22,30,26,15,21,45,9,16,22,27,5
29,42,1,32,37,39,2,34,24,43,43,24,35,28,44,4,32,30,26,16,6,33,16,26,46,43,42,43,47,39,47,42,1,44,4,41,5,36,43,38,35,44,41,29,6,41,3,35,47,39,46,1,39,40,39,4,29,25,27,38,2,38,61,37,41,17,36,27,25,38,33,37,25,31,15,59,39,37,31,41,4,40,0,32,14,33,45,11,20,17,27,30,31,31,21,39,51,37,38,45,32,51,39
17,16,34,9,14,17,34,11,24,20,20,23,18,9,22,32,20,15,16,37,37,35,24,31,29,22,20,23,30,27,26,17,34,19,33,19,36,11,21,13,27,20,16,27,36,16,33,13,27,17,26,34,17,16,17,32,31,35,16,16,35,32,37,15,16,36,13,38,31,16,40,15,25,17,34,34,20,14,6,43,34,16,34,0,33,28,23,31,21,37,16,4,10,26,21,12,26,31,16,21,11,29,17
30,42,14,33,38,40,14,33,18,42,41,25,33,29,43,12,33,27,23,5,17,36,13,29,43,42,43,41,45,33,45,41,14,42,13,41,16,35,42,39,36,43,40,22,14,39,13,34,46,40,45,14,40,40,40,12,32,30,24,39,15,32,62,38,39,23,36,33,29,39,37,38,25,32,2,59,40,38,31,44,13,40,14,32,0,33,45,7,16,5,24,30,29,32,22,38,52,32,39,46,31,50,40
15,33,34,24,29,31,34,34,35,38,39,18,40,23,40,32,15,36,34,38,37,32,28,28,51,46,34,46,52,46,47,41,33,40,33,32,35,34,38,30,10,39,40,41,36,40,33,36,44,31,48,34,31,30,31,32,28,33,34,30,34,48,53,29,36,34,25,35,28,30,37,29,22,19,34,50,27,29,29,40,33,31,33,26,34,0,36,31,30,38,35,25,33,3,18,30,43,48,30,37,34,46,31
26,12,45,18,15,11,45,21,39,16,17,32,26,26,18,44,28,29,31,50,48,43,39,40,26,20,5,22,26,33,18,20,45,18,44,13,47,20,16,10,35,17,19,42,47,19,45,20,14,9,19,45,12,20,13,44,39,45,31,12,46,47,22,12,16,46,18,47,40,11,49,9,33,26,46,19,24,15,22,51,45,15,45,21,46,37,0,43,37,50,32,24,24,35,30,14,12,46,9,7,22,22,12
27,40,11,30,35,38,11,31,16,40,39,22,30,27,41,9,30,25,21,11,15,33,11,26,41,39,41,39,42,31,43,38,11,40,10,39,13,33,40,36,34,41,38,20,13,37,11,32,44,37,43,11,38,38,38,10,29,27,22,36,12,30,60,35,37,20,34,30,26,37,34,35,23,29,8,57,37,35,29,41,11,38,11,30,7,31,43,0,14,11,22,28,27,30,19,36,49,30,37,44,29,48,38
25,29,20,27,32,32,20,19,6,28,28,21,19,19,29,18,28,13,10,20,23,31,6,25,30,28,37,27,31,21,32,27,19,29,19,36,22,21,29,28,32,29,26,12,22,26,19,20,32,34,31,20,34,34,34,18,27,27,10,33,20,20,51,32,26,28,31,30,25,33,34,32,21,27,17,49,33,32,18,39,20,34,19,20,16,29,37,14,0,20,10,18,16,28,17,25,41,19,33,35,17,36,34
34,47,17,37,42,45,17,37,22,46,45,29,36,33,47,17,37,31,27,3,20,40,17,33,47,45,48,45,48,37,49,44,17,46,17,46,18,39,46,43,41,47,44,26,14,43,18,38,50,44,49,17,45,45,45,17,36,35,28,43,18,36,67,42,43,27,41,37,33,44,42,42,30,36,5,64,44,42,35,48,18,45,17,36,5,38,50,11,20,0,28,34,33,37,26,42,56,35,44,51,35,54,45
28,25,28,23,28,28,28,14,11,22,21,26,11,20,23,26,30,6,1,28,31,37,15,31,22,21,32,20,23,13,25,20,27,22,27,32,29,16,22,24,37,23,19,12,30,19,27,14,26,31,24,28,31,30,30,26,33,32,5,29,28,17,47,29,19,33,27,35,30,30,39,29,26,27,25,44,32,28,14,45,27,30,27,16,24,34,33,22,11,28,0,14,11,33,23,20,36,17,29,31,12,30,31
15,18,31,11,16,18,31,10,21,22,22,21,16,7,23,29,18,12,13,34,34,32,20,28,27,22,22,22,28,24,26,19,30,21,30,21,32,12,23,15,25,21,18,24,33,18,30,14,26,19,25,31,19,19,19,29,28,32,13,18,31,29,39,17,18,33,15,35,28,18,36,17,22,15,31,36,19,16,5,40,30,19,30,3,30,26,25,28,18,34,14,0,9,24,19,14,28,29,18,23,10,30,19
22,17,31,15,20,20,31,7,18,17,17,27,11,14,18,30,25,9,10,33,34,36,20,32,22,17,24,17,24,21,21,16,31,18,30,25,33,9,18,16,32,18,15,22,33,14,31,9,21,23,20,31,24,23,23,30,32,36,10,22,32,27,39,21,14,37,19,39,31,22,40,21,26,22,30,36,26,20,6,44,31,23,31,10,29,33,25,27,16,33,11,9,0,32,23,12,28,26,21,23,6,26,24
14,32,32,22,27,30,32,33,33,36,38,17,38,21,38,30,14,34,32,37,35,30,26,27,49,44,33,45,50,45,46,39,32,39,31,31,34,33,37,28,9,37,39,39,34,38,32,35,42,29,47,32,30,28,30,30,26,31,33,28,33,46,52,27,34,32,23,34,26,29,35,27,20,17,33,49,26,27,28,38,32,30,32,24,32,4,35,30,28,37,33,24,31,0,17,29,41,46,29,36,33,44,30
15,27,21,18,23,25,21,26,22,32,33,9,30,15,34,20,18,25,22,26,24,16,15,11,41,36,28,37,42,34,40,35,21,34,20,26,23,28,32,24,20,33,34,29,23,33,21,29,37,25,40,21,25,25,25,20,12,16,22,24,22,35,47,23,30,19,21,18,11,24,19,23,5,16,22,44,25,23,22,24,21,25,21,20,22,18,30,19,17,26,22,19,23,16,0,24,36,35,24,31,26,40,25
20,7,40,11,13,10,40,9,27,12,13,26,15,19,14,38,23,16,19,42,43,38,28,34,27,19,14,20,26,26,22,14,39,14,39,16,41,7,12,6,30,13,13,30,42,13,39,9,18,14,22,40,14,18,14,38,34,39,19,13,40,35,29,12,10,40,14,42,34,13,43,12,28,20,39,26,21,13,10,46,39,15,39,12,38,31,15,36,25,42,20,14,12,29,25,0,18,35,12,13,10,20,14
33,15,53,25,22,16,53,26,43,17,19,39,29,34,19,51,36,32,34,57,56,51,45,48,28,21,14,23,27,36,19,22,52,21,52,20,55,24,19,15,43,20,22,45,55,22,52,23,15,16,20,53,19,27,21,51,47,52,34,20,53,49,18,19,18,53,26,55,47,19,56,17,41,33,54,15,31,22,27,59,53,22,52,27,53,44,12,50,42,58,35,29,29,43,38,19,0,49,16,7,26,23,19
42,38,38,38,43,42,38,29,15,34,34,39,24,34,35,35,45,21,17,35,41,50,24,44,31,34,46,31,32,18,38,33,37,35,36,47,39,29,34,38,50,35,32,11,40,32,37,27,38,45,37,38,46,45,45,35,46,45,20,44,38,1,60,44,32,46,41,48,43,45,52,43,39,42,32,58,47,43,29,58,37,45,37,30,31,48,47,29,20,35,17,29,27,46,36,34,50,0,43,44,27,42,46
20,9,39,12,9,4,39,18,35,13,15,26,24,20,15,38,22,26,28,44,42,37,33,34,29,21,7,22,28,31,22,17,39,15,38,7,41,17,14,6,29,14,17,39,41,16,39,18,18,5,23,39,5,13,7,38,33,38,28,6,40,44,26,5,13,40,12,41,33,5,42,3,27,20,40,23,18,9,17,45,39,9,39,15,40,31,10,37,33,44,28,18,21,29,24,11,15,43,0,10,19,21,5
28,10,47,20,16,11,47,20,37,12,14,34,23,28,14,46,30,26,29,52,50,45,40,42,22,16,8,18,22,30,13,17,47,15,46,15,49,19,13,9,37,14,16,40,49,16,47,17,10,11,14,47,14,21,15,46,41,47,29,14,48,44,17,14,13,48,20,49,42,13,51,11,35,28,48,14,25,16,22,53,47,17,47,22,48,39,8,45,36,52,29,24,24,37,32,14,6,43,10,0,20,18,14
24,15,33,16,20,18,33,4,19,14,13,29,8,16,15,31,26,7,10,35,36,39,21,34,20,14,22,14,21,19,17,11,32,12,32,23,35,6,14,14,34,13,10,21,35,9,32,4,18,22,17,33,22,23,22,31,35,37,10,21,33,26,37,20,9,38,20,40,34,21,43,20,29,24,32,34,27,20,6,47,32,22,32,11,31,35,23,29,17,35,11,10,6,33,26,10,26,26,19,21,0,22,22
36,15,52,28,27,21,52,23,37,9,11,42,21,36,10,50,39,26,29,54,55,54,40,50,26,18,24,19,26,28,19,14,51,13,51,26,54,22,11,17,46,12,14,39,54,13,51,19,16,25,20,52,25,32,27,50,50,55,29,26,52,42,33,25,17,56,29,57,50,25,59,23,44,36,51,31,36,26,27,62,52,28,51,30,50,47,24,48,37,54,29,31,26,45,40,20,23,42,22,17,21,0,25
21,12,40,12,5,6,40,21,36,16,17,27,26,21,17,39,22,27,29,45,43,38,34,35,31,24,9,24,31,33,24,19,40,18,39,3,42,19,16,8,30,17,19,40,42,19,40,20,20,4,25,40,3,10,3,39,34,39,28,2,41,45,28,5,15,41,11,42,34,4,43,3,28,19,41,26,14,5,18,46,40,5,40,16,41,31,11,38,34,45,29,19,22,30,25,14,18,44,5,12,22,24,0
