Name: ber-n30-m4-c3-OD-large
Type: GPDPOD-IMC
Commodity type: 4
Compartment num: 3
CapacityHD: 100
VehicleHDs: 10
CapacityOD: 50
VehicleODs: 36
ID Xc Yc DEMAND StartT EndT SerT PairedID
0,52.4517877,13.3258861,[0, 0, 0, 0],0,240,0,0
1,52.4985482,13.5481338,[7, 2, 1, 9],30,150,5,16
2,52.5855199,13.4073566,[7, 2, 1, 5],84,204,5,17
3,52.5257578,13.5875732,[14, 6, 2, 12],85,205,5,18
4,52.4817488,13.5347576,[7, 2, 1, 9],125,240,5,19
5,52.6056468,13.241672,[7, 2, 1, 12],6,126,5,20
6,52.4843541,13.522605,[14, 6, 2, 11],0,100,5,21
7,52.5156106,13.1766777,[14, 6, 2, 29],67,187,5,22
8,52.5594006,13.4977269,[3, 1, 0, 6],81,201,5,23
9,52.431731,13.4874223,[7, 2, 1, 5],0,119,5,24
10,52.6169806,13.2285353,[3, 1, 0, 6],47,167,5,25
11,52.6167231,13.2297019,[14, 6, 2, 34],3,123,5,26
12,52.6096924,13.252677,[7, 2, 1, 7],0,114,5,27
13,52.4393384,13.5531586,[7, 2, 1, 17],43,163,5,28
14,52.6059082,13.2374783,[14, 6, 2, 10],28,148,5,29
15,52.4372729,13.4717877,[14, 6, 2, 16],0,117,5,30
16,52.4229595,13.5620156,[-7, -2, -1, -9],59,179,5,1
17,52.526416,13.1948665,[-7, -2, -1, -5],119,216,5,2
18,52.4036492,13.4151511,[-14, -6, -2, -12],130,222,5,3
19,52.4900815,13.5294448,[-7, -2, -1, -9],134,211,5,4
20,52.5077177,13.1871842,[-7, -2, -1, -12],40,160,5,5
21,52.6254697,13.3067828,[-14, -6, -2, -11],49,169,5,6
22,52.5140711,13.4303935,[-14, -6, -2, -29],105,218,5,7
23,52.4347539,13.7157242,[-3, -1, 0, -6],127,194,5,8
24,52.5501478,13.2684209,[-7, -2, -1, -5],46,166,5,9
25,52.5467829,13.2363721,[-3, -1, 0, -6],75,195,5,10
26,52.4162703,13.3556408,[-14, -6, -2, -34],62,182,5,11
27,52.4260036,13.6739588,[-7, -2, -1, -7],73,193,5,12
28,52.6086512,13.2338073,[-7, -2, -1, -17],105,210,5,13
29,52.6300921,13.2879298,[-14, -6, -2, -10],49,169,5,14
30,52.4030611,13.5267823,[-14, -6, -2, -16],20,140,5,15
StartID EndID StartX StartY EndX EndY StartT EndT
31,67,52.4220365,13.4834054,52.5753959,13.482817,84,453
32,68,52.6025949,13.2410771,52.584138,13.3926011,49,490
33,69,52.5868618,13.2766924,52.4650081,13.4905421,7,484
34,70,52.4478418,13.4766442,52.4757545,13.1286745,0,516
35,71,52.6130445,13.4920954,52.4626888,13.3098822,63,558
36,72,52.4953961,13.5103282,52.4997603,13.425228,131,458
37,73,52.4911239,13.4800456,52.476681,13.5092996,48,459
38,74,52.4883287,13.2859527,52.5399415,13.4418086,0,474
39,75,52.4192615,13.2755279,52.5196412,13.2606392,116,476
40,76,52.43691,13.4962049,52.4094959,13.5241,0,405
41,77,52.4192643,13.4825244,52.4335003,13.5445653,106,466
42,78,52.6049144,13.2453924,52.5291393,13.1627468,0,720
43,79,52.4176378,13.4772922,52.4895023,13.5802481,28,478
44,80,52.450453,13.4470665,52.4556379,13.5817774,56,509
45,81,52.602186,13.2441879,52.5420988,13.1303154,47,527
46,82,52.6162206,13.2296805,52.4257713,13.4866372,39,534
47,83,52.4574222,13.5182205,52.4845529,13.5242616,102,462
48,84,52.4325572,13.4811884,52.4677132,13.4381494,124,472
49,85,52.4354935,13.4803357,52.6166839,13.2287476,5,527
50,86,52.454363,13.6174176,52.6207961,13.2223992,56,512
51,87,52.6109019,13.241661,52.5399943,13.4544275,0,720
52,88,52.4897434,13.5560655,52.6187365,13.2328042,20,560
53,89,52.4839823,13.5293803,52.4534737,13.5180366,98,458
54,90,52.6011431,13.244155,52.4945874,13.3972483,57,528
55,91,52.4835609,13.5003318,52.510713,13.4533062,86,476
56,92,52.6025727,13.4088858,52.5973753,13.3798194,20,422
57,93,52.4289105,13.4800376,52.6073611,13.2580825,81,471
58,94,52.4160947,13.4991712,52.5534562,13.4463303,0,720
59,95,52.4925644,13.5090673,52.5548837,13.1606257,0,522
60,96,52.4761791,13.5219246,52.4851616,13.6168526,1,439
61,97,52.495953,13.5107692,52.4268701,13.4602077,58,499
62,98,52.4168526,13.4908914,52.4313708,13.4937962,139,442
63,99,52.5073389,13.5182123,52.5005844,13.5240143,0,387
64,100,52.5827796,13.4203959,52.5364996,13.1954952,45,516
65,101,52.5931358,13.2742196,52.6304672,13.2890824,0,411
66,102,52.625354,13.2420837,52.6050842,13.2375804,0,411
edge
0,37,31,41,28,31,27,24,31,19,32,31,31,24,30,17,25,25,18,27,25,31,21,45,21,23,10,42,31,32,26,21,29,25,17,41,29,25,11,12,19,21,30,21,16,29,32,23,19,18,38,30,34,26,28,25,36,19,22,30,25,29,21,30,32,26,32,32,31,19,32,5,18,23,24,16,25,24,28,36,30,33,19,28,13,32,33,25,31,22,14,23,32,31,27,32,38,19,18,29,24,32,30
38,0,32,11,13,47,14,49,18,25,48,48,47,15,47,25,21,48,36,13,50,45,20,29,41,44,42,29,47,48,26,27,46,41,25,36,13,19,39,45,24,27,46,26,27,45,48,19,26,27,22,46,5,13,45,17,35,26,25,13,15,12,27,10,31,42,48,22,32,21,56,38,22,19,21,39,25,18,52,6,14,57,25,15,26,48,49,20,47,18,25,17,36,47,22,54,14,29,23,11,47,48,46
30,32,0,31,31,24,30,33,17,37,26,26,25,37,24,34,40,30,40,29,34,19,18,55,20,24,38,53,25,22,44,39,23,18,34,15,27,25,23,36,36,39,24,38,33,23,26,34,36,35,48,24,33,30,22,27,6,36,39,28,31,27,39,25,4,20,26,13,4,30,40,27,21,30,12,22,42,37,34,33,40,39,37,31,28,26,27,14,25,33,21,20,7,24,12,35,39,37,35,27,29,21,24
41,11,32,0,18,49,16,51,17,30,50,50,49,21,49,30,27,50,40,16,52,46,23,33,44,46,45,35,49,49,32,31,48,43,28,33,15,21,41,48,28,32,48,31,31,47,50,25,31,31,26,48,12,16,47,20,33,31,31,16,17,15,32,12,31,44,50,21,32,24,59,42,24,21,21,42,30,24,54,11,18,59,29,17,28,50,51,21,49,24,28,19,36,49,22,56,14,33,28,13,49,49,48
29,13,31,18,0,46,5,43,17,17,47,47,46,12,46,17,17,43,28,4,44,44,19,26,39,41,33,26,47,48,22,19,45,40,16,35,8,17,30,36,16,19,45,19,19,44,47,13,19,19,19,45,10,3,44,10,35,19,20,8,5,7,19,9,31,41,47,21,31,12,50,30,20,9,20,34,21,14,46,12,11,52,17,6,18,47,48,19,46,12,24,15,35,46,21,50,18,21,16,7,42,47,45
30,47,24,48,46,0,44,27,35,39,7,7,7,44,3,37,45,24,43,44,29,15,31,65,19,20,37,61,4,16,46,41,2,9,37,37,42,38,22,35,39,41,1,41,36,2,7,43,39,38,58,4,47,44,2,41,26,39,42,42,45,41,41,40,26,8,9,35,23,39,35,26,32,43,28,21,45,44,27,48,50,31,39,45,33,7,8,30,7,42,31,33,20,8,29,25,53,40,38,41,22,16,3
29,15,31,17,5,45,0,42,17,17,47,46,46,15,45,17,19,43,27,4,43,44,19,29,39,41,33,29,46,47,23,19,44,40,16,35,6,15,30,36,15,19,45,19,18,44,46,12,18,18,23,45,14,4,43,9,34,18,20,5,5,6,19,8,30,41,47,21,30,11,50,29,19,9,20,34,22,16,46,16,14,51,17,2,18,47,48,19,46,12,23,14,34,45,21,50,21,21,16,6,42,47,45
23,48,33,51,42,27,41,0,40,33,29,30,32,38,27,31,39,4,37,41,4,32,32,59,17,13,31,55,28,34,40,35,26,22,31,45,43,38,16,29,33,35,26,35,30,26,30,37,33,32,52,28,48,40,25,39,37,33,36,44,39,42,35,42,34,26,33,40,32,33,8,20,31,37,33,12,39,38,5,50,44,12,33,42,27,30,30,35,30,36,28,35,33,31,34,13,52,34,32,43,7,34,26
33,18,18,17,17,36,15,41,0,29,38,37,37,27,36,29,30,39,38,15,42,33,16,41,31,34,38,41,37,37,35,31,35,31,27,20,14,18,32,40,27,31,36,30,29,35,37,24,30,30,34,36,19,15,34,19,20,30,31,15,17,14,31,11,17,32,38,6,19,23,49,34,19,20,10,31,33,28,43,19,26,48,29,17,25,38,39,11,37,23,20,15,23,36,9,43,25,32,27,12,38,36,36
21,25,36,30,17,41,16,34,29,0,42,42,41,11,41,4,12,35,14,17,35,41,22,32,31,33,20,28,41,42,13,5,40,35,6,44,19,21,22,28,5,5,40,4,9,39,42,10,2,3,26,40,22,15,39,16,41,3,5,20,14,19,5,21,38,36,42,33,36,11,42,21,18,14,27,26,11,10,38,24,18,43,3,17,10,42,43,27,41,9,18,22,40,41,30,42,26,7,3,19,34,42,40
31,48,26,50,47,6,45,30,37,41,0,1,7,46,5,38,47,26,44,45,32,17,33,66,20,23,39,63,4,14,48,43,6,12,39,39,43,39,24,36,40,43,6,42,38,6,1,44,40,39,59,4,49,45,5,43,28,41,43,44,47,43,43,41,27,11,6,36,25,40,37,27,33,45,30,22,46,45,30,49,51,34,40,47,34,1,3,32,2,43,32,34,22,8,30,28,55,42,39,42,24,14,5
31,48,26,49,47,5,45,30,37,40,1,0,7,45,5,38,46,26,44,45,32,16,33,66,20,23,39,63,3,13,47,42,6,12,39,39,43,39,24,36,40,42,6,42,37,6,1,44,40,39,59,4,49,45,5,42,27,40,43,44,46,42,42,41,27,11,6,36,24,40,37,27,33,45,30,22,46,45,30,49,51,34,40,46,34,1,3,32,2,43,32,34,22,8,30,28,55,41,39,42,25,14,5
30,47,25,49,46,7,45,32,36,40,7,7,0,45,7,37,46,28,44,45,34,16,32,66,19,21,38,62,7,14,47,42,8,10,38,38,42,38,23,36,39,42,7,41,37,8,7,44,40,39,59,5,48,45,8,42,26,40,43,43,46,42,42,41,27,9,7,35,23,39,39,27,33,44,29,22,45,45,32,49,51,36,40,46,34,7,8,31,6,43,31,34,21,3,30,30,54,41,39,42,27,15,8
26,15,37,21,12,45,14,39,27,10,47,46,46,0,45,13,6,40,22,14,40,46,23,22,36,37,28,18,46,47,11,12,44,40,12,44,17,19,27,33,9,12,45,12,15,44,46,7,12,12,16,45,12,12,43,14,42,12,10,18,13,17,12,19,39,41,47,31,37,10,47,26,21,12,27,31,10,3,43,14,8,48,10,16,15,46,48,27,46,7,23,21,41,45,30,47,16,15,9,17,39,47,45
30,47,24,48,46,2,44,27,36,39,5,5,7,44,0,37,45,24,43,44,29,15,32,65,19,20,38,62,2,16,46,41,2,9,37,37,42,38,23,35,39,41,2,41,36,3,5,43,39,38,58,3,48,44,3,41,26,39,42,43,45,41,41,40,26,8,9,35,23,39,35,26,32,44,29,21,45,44,28,48,50,31,39,45,33,5,7,30,5,42,31,33,20,8,29,25,54,40,38,41,22,16,1
18,25,33,29,16,38,16,31,28,4,39,39,38,13,38,0,14,32,11,16,32,38,19,33,28,30,17,29,38,39,15,6,37,32,3,41,19,18,19,25,7,6,37,5,6,36,39,9,3,2,26,37,22,14,36,14,38,3,6,19,14,18,6,20,35,33,39,32,33,8,39,18,15,13,24,23,14,12,35,24,18,40,4,17,7,39,40,24,38,8,16,19,37,38,27,39,26,4,6,18,31,39,37
26,19,39,25,15,46,16,39,29,11,47,47,46,6,46,14,0,40,23,17,41,46,24,26,36,38,29,22,46,48,10,13,45,40,14,46,19,21,27,33,10,13,45,12,15,44,47,9,12,13,19,45,16,15,44,16,43,12,11,20,14,19,13,20,40,41,47,33,39,12,47,26,22,14,29,31,10,4,43,18,12,49,11,17,15,47,48,29,46,8,24,22,43,46,32,47,20,15,9,19,39,47,45
24,48,30,51,42,23,41,5,38,33,26,26,28,38,23,31,39,0,37,41,7,29,32,59,14,10,32,56,24,30,40,35,22,19,31,42,42,37,16,29,33,35,23,35,30,22,26,37,33,32,52,24,48,40,21,39,34,33,36,43,39,42,35,41,31,23,30,37,30,33,12,20,31,38,31,10,39,38,6,49,44,13,33,42,27,26,26,33,26,36,27,34,30,27,31,11,52,34,32,42,3,30,23
18,35,40,39,26,44,26,38,37,14,45,45,45,22,44,11,23,38,0,26,39,44,25,43,34,36,12,39,45,46,24,14,43,38,14,47,29,26,25,24,16,14,43,13,14,42,45,19,13,12,36,43,32,25,42,25,44,12,15,29,24,28,14,30,41,39,45,38,39,18,45,20,21,23,30,29,22,21,41,34,28,47,13,27,14,45,46,31,44,19,22,26,43,44,33,45,36,11,14,28,37,46,43
29,13,29,16,4,44,4,42,15,17,45,45,44,14,44,17,18,43,27,0,43,42,17,28,38,41,32,28,45,45,23,19,43,38,15,33,6,15,30,36,15,19,43,18,18,42,45,12,18,18,21,43,12,3,42,9,33,18,19,6,5,5,19,7,29,39,45,19,29,11,50,29,18,8,18,34,22,16,46,14,13,51,17,5,18,45,46,17,44,12,23,13,33,44,19,50,20,21,15,5,42,45,43
24,49,33,52,42,29,42,4,41,34,31,31,33,39,29,31,40,6,37,42,0,33,33,60,19,15,32,56,30,34,41,36,28,24,32,46,43,39,17,29,33,36,28,35,31,27,31,37,33,32,53,30,49,41,27,40,38,34,36,44,40,43,36,43,35,28,34,40,33,33,11,20,32,38,34,13,39,38,8,50,44,15,34,43,28,31,32,35,32,37,28,36,34,33,34,16,53,35,32,44,9,34,28
30,45,19,46,44,15,43,32,33,40,17,16,16,45,15,37,46,29,43,42,33,0,30,66,19,22,38,62,15,4,47,42,14,11,38,32,40,37,23,35,39,42,14,41,37,13,16,43,39,38,59,15,46,43,13,40,20,40,42,41,44,40,42,39,20,10,14,31,17,39,40,26,32,43,26,22,45,44,33,47,50,38,40,44,34,16,18,28,16,43,31,32,14,15,26,33,52,41,38,40,28,4,14
22,20,18,23,19,32,18,32,16,23,33,33,32,23,32,20,25,32,26,17,34,30,0,41,26,29,27,38,32,33,30,25,31,26,19,26,15,10,23,30,22,25,31,24,18,30,33,19,22,21,34,31,21,18,30,14,23,22,25,16,19,14,25,14,20,27,33,17,18,15,40,23,6,17,8,23,28,22,36,22,26,40,23,19,14,33,34,9,32,18,9,6,22,32,12,39,27,23,21,15,31,33,31
46,29,53,34,26,66,29,59,41,32,67,67,66,23,66,33,27,60,44,28,60,66,41,0,56,58,50,30,66,67,33,34,65,60,33,59,31,37,47,53,31,34,65,34,35,64,67,27,34,34,16,65,26,26,64,29,58,34,33,32,27,31,35,33,54,61,67,45,53,29,67,46,39,27,43,51,32,25,63,25,16,68,32,30,35,67,68,42,66,26,41,36,57,66,45,67,26,37,31,31,59,67,65
20,42,20,43,38,19,38,18,30,30,20,20,20,35,19,27,36,14,33,38,20,19,26,55,0,7,28,52,20,21,37,32,18,13,28,33,37,32,13,25,29,32,18,31,27,18,20,33,29,28,49,19,42,36,17,35,25,30,32,37,36,36,32,35,21,14,21,30,20,29,25,16,26,34,24,11,35,34,18,43,40,23,30,39,23,20,22,25,19,32,23,28,20,19,24,18,48,31,28,36,13,21,18
23,46,27,47,41,21,41,13,35,33,24,24,23,38,21,30,39,10,36,41,15,24,30,58,9,0,31,55,22,26,40,35,20,14,31,39,41,36,16,28,32,35,21,34,30,20,24,36,32,31,52,22,47,39,19,38,31,33,35,41,39,40,35,39,28,18,26,34,26,32,21,19,30,37,28,14,38,37,14,47,43,19,33,42,26,24,24,30,24,35,27,32,27,23,28,14,51,34,31,40,8,26,21
10,41,38,45,32,39,32,33,37,20,40,40,40,28,39,17,29,33,12,32,34,39,27,49,29,31,0,45,40,41,30,20,38,34,20,46,34,29,20,15,22,20,38,20,19,37,40,25,19,18,42,39,38,31,37,29,42,18,21,34,30,33,20,35,39,34,41,37,38,23,40,14,23,28,29,24,28,28,36,40,34,42,19,33,17,40,41,30,39,25,19,29,40,39,32,41,42,17,20,34,32,41,38
43,30,53,36,26,63,29,57,41,28,64,64,64,19,63,30,22,58,40,28,58,64,39,30,54,55,46,0,64,65,29,30,62,58,29,58,32,36,44,51,27,30,63,30,33,62,64,23,30,30,24,63,27,27,61,28,57,29,28,32,27,31,30,33,54,59,65,46,53,27,65,44,37,27,42,49,28,21,61,27,18,66,28,30,33,64,66,42,64,22,39,36,57,63,44,65,28,32,27,31,57,65,63
30,47,25,49,46,2,45,28,36,40,4,3,7,45,2,37,46,25,44,44,30,16,32,66,19,21,38,62,0,15,47,42,3,10,38,38,42,38,23,35,39,42,3,41,37,4,4,44,40,39,59,3,48,45,3,42,26,40,43,43,46,42,42,41,27,9,7,35,23,39,36,27,33,44,29,22,45,45,28,49,51,32,40,46,34,4,6,31,4,43,31,34,21,7,29,26,54,41,39,42,23,15,2
31,49,22,49,48,15,46,34,36,41,14,14,15,46,16,39,47,31,45,46,35,4,33,67,21,23,39,63,15,0,48,43,15,13,39,35,44,40,24,37,41,43,15,43,38,15,14,45,41,40,60,14,49,46,14,43,23,41,44,44,47,43,43,42,24,11,11,34,20,41,41,28,34,45,29,23,47,46,34,50,52,39,41,47,35,14,15,31,13,44,33,35,18,16,29,35,55,42,40,43,29,1,15
25,24,41,30,21,45,21,39,33,10,46,46,46,11,45,13,11,39,22,21,40,45,26,31,35,37,28,27,46,47,0,12,44,40,15,48,24,25,26,32,9,12,44,11,15,44,46,14,11,12,25,45,21,20,43,20,45,11,11,24,19,23,12,25,42,40,47,37,40,15,46,26,22,19,31,30,4,9,42,23,17,48,10,22,15,46,48,32,45,13,23,26,45,45,35,47,25,14,9,23,38,47,44
21,25,36,29,17,41,16,34,29,3,42,42,41,11,41,4,12,35,13,16,35,41,22,32,31,33,19,28,41,43,12,0,40,35,7,44,19,21,22,28,4,2,40,3,9,39,42,10,4,5,25,40,22,15,39,16,41,2,3,19,14,19,3,20,38,36,42,33,36,10,42,21,18,14,27,26,11,10,38,24,18,43,2,17,10,42,43,27,41,9,19,22,40,41,30,42,26,5,3,18,34,42,40
29,46,23,47,45,2,43,26,34,38,6,6,8,43,2,36,44,23,42,43,28,14,31,64,18,19,36,61,3,15,45,40,0,8,36,36,41,37,21,34,38,40,2,40,35,1,6,42,38,37,57,3,47,43,1,40,25,38,41,42,44,40,40,39,25,7,9,34,22,38,34,25,31,43,28,20,44,43,26,47,49,30,38,44,32,6,8,29,6,41,30,32,19,9,28,24,53,39,37,40,21,15,2
24,42,19,43,41,10,39,23,30,34,13,13,11,39,10,32,40,19,38,39,25,12,26,60,13,12,32,56,11,13,41,36,9,0,32,31,37,33,17,30,34,36,9,36,31,9,13,38,34,33,53,11,42,39,8,36,21,34,37,37,40,36,36,35,20,6,13,29,18,34,30,21,27,38,23,16,40,39,23,43,45,28,34,40,28,13,14,25,12,37,26,28,16,10,23,23,48,35,33,36,18,13,9
18,25,34,28,15,38,15,32,27,6,39,39,39,12,38,3,14,32,14,15,33,38,19,32,28,30,20,28,39,40,17,9,37,33,0,41,18,16,19,25,8,9,37,8,8,37,39,8,6,5,26,38,22,14,36,13,38,6,9,18,13,17,9,19,35,33,40,30,33,6,39,19,15,11,24,23,15,12,35,23,17,41,7,16,8,39,41,23,38,8,16,17,38,38,28,40,26,7,7,17,31,40,37
42,37,15,34,36,37,34,46,21,45,39,39,38,44,37,42,46,43,48,34,47,32,26,60,33,37,47,60,38,35,51,47,36,31,41,0,32,30,36,48,43,47,37,46,40,36,39,40,44,43,53,37,38,34,35,32,14,44,47,33,35,31,47,30,13,33,39,15,17,36,53,40,28,35,19,35,50,44,47,38,45,52,44,35,36,39,40,21,38,39,29,27,20,37,17,48,44,44,43,31,42,35,37
31,12,26,15,8,41,6,43,14,19,42,42,42,17,41,19,21,42,30,6,44,39,14,32,36,38,35,31,42,43,25,21,40,35,18,32,0,11,32,38,18,21,40,21,21,39,42,15,21,21,25,40,13,6,39,8,31,21,22,2,7,1,21,4,27,36,43,18,26,14,50,31,14,11,16,34,24,18,46,14,16,51,19,6,18,42,43,15,41,14,19,9,30,41,18,48,19,23,18,5,41,42,40
25,19,24,22,16,38,14,38,18,19,39,38,38,19,37,17,21,37,25,14,39,36,9,37,32,35,29,34,38,39,26,21,36,32,15,31,10,0,26,32,18,21,37,21,17,36,39,15,19,18,30,37,20,14,35,9,29,20,22,11,14,9,22,11,25,33,39,19,24,11,45,25,8,12,13,29,24,18,41,20,22,46,19,15,12,39,40,13,38,14,13,7,28,37,17,44,26,20,18,12,36,39,37
11,39,24,41,30,23,29,17,31,21,25,24,24,26,23,19,27,18,25,29,18,24,22,47,14,16,20,44,24,25,28,23,22,18,19,37,31,27,0,14,21,23,23,23,18,22,24,25,21,20,40,23,36,28,21,27,28,21,24,32,27,31,23,32,25,19,25,31,24,21,25,8,20,26,24,9,27,26,21,38,32,26,21,30,15,24,26,25,24,24,16,25,24,23,25,25,40,22,20,31,17,25,23
11,45,37,48,35,36,35,30,39,27,37,37,37,32,36,24,33,30,24,35,31,36,29,52,26,28,16,49,37,38,34,29,35,30,25,48,36,32,14,0,26,29,35,28,24,34,37,30,26,25,46,35,41,33,34,32,41,27,29,37,33,36,29,37,38,31,37,40,36,26,37,11,26,31,31,21,32,31,33,43,37,39,27,36,20,37,38,32,36,29,22,31,37,36,35,37,45,27,25,37,29,38,35
19,24,35,27,14,39,14,33,26,4,40,40,40,9,39,7,10,34,16,14,34,40,21,31,30,31,22,26,40,41,11,6,38,34,8,42,17,18,20,27,0,6,39,5,9,38,40,7,5,6,24,39,20,13,37,13,39,5,6,17,12,16,6,18,36,35,41,31,35,8,41,20,16,12,25,25,10,9,37,22,16,42,4,15,9,40,42,26,40,7,17,20,39,39,29,41,24,8,2,16,33,41,39
22,26,38,31,18,42,17,36,30,5,43,43,43,12,42,5,13,36,14,17,37,42,23,33,32,34,20,29,43,44,14,2,41,36,8,45,20,22,23,29,6,0,41,2,10,40,43,11,5,6,26,41,23,16,40,17,42,3,4,20,15,20,3,21,39,37,43,34,37,12,43,23,19,15,28,27,12,11,39,25,19,45,3,18,12,43,44,29,42,10,20,23,41,42,31,43,27,6,4,19,35,44,41
29,46,24,48,45,3,43,26,35,39,7,7,7,44,3,36,45,23,42,43,28,14,31,64,18,20,37,61,4,16,46,41,3,9,37,37,41,37,22,34,38,41,0,40,36,2,7,42,38,37,57,4,47,44,2,41,25,39,41,42,45,41,41,39,25,8,9,34,22,38,34,25,31,43,28,20,44,43,27,47,49,30,38,45,32,7,9,30,7,41,30,32,20,8,28,25,53,40,37,41,21,15,3
22,27,38,31,18,42,18,36,30,5,43,43,43,12,42,6,13,37,14,18,37,43,24,34,33,34,20,29,43,44,14,2,41,37,9,45,21,22,24,30,6,2,42,0,10,41,43,11,5,6,27,42,24,16,40,17,42,4,4,21,16,20,4,22,39,38,44,34,38,12,44,23,19,16,28,28,12,12,40,25,19,45,3,19,12,43,45,29,43,10,20,23,42,42,32,44,28,7,4,20,36,44,42
16,27,31,30,17,36,17,30,29,9,37,37,37,14,36,6,15,30,13,17,31,37,17,35,27,28,18,31,37,38,16,10,35,31,7,39,20,17,17,23,8,10,35,10,0,35,37,13,8,8,28,36,24,16,34,15,36,8,11,20,15,19,10,21,32,31,38,30,31,8,38,17,13,13,21,21,14,13,33,26,20,39,9,18,6,37,39,22,37,12,13,18,35,36,25,38,28,8,7,19,29,38,35
28,45,23,47,44,3,43,26,34,38,6,6,7,43,3,35,44,22,41,42,28,13,30,64,17,19,36,60,4,15,45,40,1,8,36,36,40,36,21,33,37,40,2,39,35,0,6,41,37,36,57,4,46,43,1,40,24,38,40,41,44,40,40,39,24,7,9,33,21,37,33,24,31,42,27,20,43,42,26,47,48,30,38,44,32,6,7,29,6,41,29,32,19,8,27,24,52,39,36,40,21,15,2
31,48,26,49,47,5,45,30,37,40,1,1,7,46,5,38,47,26,44,45,32,16,33,66,20,23,39,63,4,14,47,42,6,12,39,39,43,39,24,36,40,42,6,42,37,6,0,44,40,39,59,4,49,45,5,42,27,40,43,44,46,42,43,41,27,11,6,36,24,40,37,27,33,45,30,22,46,45,30,49,51,34,40,46,34,1,3,32,2,43,32,34,22,8,30,28,55,41,39,42,25,14,5
24,19,33,23,10,43,10,37,22,9,45,44,44,8,43,9,11,38,19,10,38,44,19,27,34,36,25,22,44,45,15,11,42,38,8,39,13,15,25,31,7,11,43,10,13,42,44,0,10,10,20,43,16,9,41,9,38,10,12,13,8,12,11,14,35,39,45,27,33,6,45,24,17,8,23,29,14,9,41,18,12,46,9,11,12,45,46,23,44,2,19,17,37,43,25,45,20,13,8,12,37,45,43
20,26,35,31,18,40,17,33,30,2,41,41,40,12,40,3,13,34,13,17,34,40,21,33,30,32,19,29,40,41,13,5,39,34,6,43,20,20,21,27,5,5,39,5,8,38,41,11,0,2,26,39,23,16,38,16,40,2,6,20,15,20,5,21,37,35,41,34,35,10,41,20,17,15,26,25,12,11,37,25,19,42,3,18,9,41,42,26,40,10,18,21,39,40,29,41,27,6,4,19,33,41,39
19,26,35,30,17,39,17,32,29,3,40,40,39,12,39,2,13,33,12,17,34,39,20,34,29,31,18,29,40,41,14,6,38,33,5,42,20,19,20,26,6,6,38,6,8,37,40,10,2,0,27,38,23,16,37,16,39,3,7,20,15,19,6,21,36,34,40,33,34,9,40,20,16,14,25,24,12,11,36,25,19,42,4,18,8,40,41,26,39,10,17,20,38,39,28,40,27,6,4,19,32,41,38
36,19,43,24,15,55,18,49,31,22,56,56,56,13,55,23,16,50,33,18,50,56,30,13,46,47,39,20,56,57,23,24,54,50,22,48,21,27,37,43,21,24,55,23,25,54,56,16,23,24,0,55,16,16,53,18,47,23,22,21,17,21,24,22,44,51,57,35,43,18,57,36,28,17,32,41,22,15,53,15,6,58,22,19,24,56,58,32,56,15,31,26,47,55,35,57,15,26,21,20,49,57,55
29,46,24,48,45,2,44,28,35,39,4,4,5,44,3,36,45,25,42,43,30,15,31,65,18,21,37,61,3,13,46,41,3,10,37,37,41,37,22,34,38,41,3,40,36,4,4,42,38,37,58,0,47,44,4,41,26,39,41,42,45,41,41,40,26,9,6,34,23,38,36,25,32,43,28,21,44,43,29,48,49,32,39,45,33,4,6,30,4,42,30,33,20,6,28,26,53,40,37,41,23,14,3
35,5,32,12,10,47,12,48,18,22,48,48,48,12,47,22,17,49,32,12,49,46,21,26,42,45,38,26,48,49,22,24,46,42,21,36,13,19,36,42,20,24,47,23,24,46,48,15,23,23,19,47,0,10,45,17,36,23,22,14,13,13,24,10,32,43,49,23,32,17,56,35,22,16,21,40,21,14,52,4,11,57,21,14,23,48,50,21,48,14,26,17,36,47,23,54,12,26,20,11,48,49,47
27,14,29,16,3,44,3,40,15,15,45,45,45,12,44,15,17,41,26,3,42,43,18,26,37,39,31,26,45,46,21,17,43,39,14,33,6,15,28,34,13,17,43,17,16,43,45,11,17,16,19,44,11,0,42,7,33,16,18,6,3,5,17,7,29,40,46,20,29,9,48,27,19,7,18,32,20,14,44,12,11,50,15,4,16,45,47,18,45,10,22,13,33,44,20,48,18,19,14,5,40,46,44
28,45,22,46,44,3,42,25,33,37,5,5,8,42,2,35,43,22,41,42,27,13,30,63,17,18,35,60,3,14,44,39,1,7,35,35,40,36,20,33,37,39,2,39,34,1,5,41,37,36,56,3,46,42,0,39,24,37,40,41,43,39,39,38,24,6,9,33,21,37,33,24,30,42,27,19,43,42,26,46,48,29,37,43,31,5,7,28,5,40,29,31,18,9,27,23,52,38,36,39,20,14,2
29,18,27,21,8,41,7,43,19,17,43,42,42,16,41,17,19,43,28,8,44,40,15,31,36,39,33,30,42,43,23,19,40,36,16,32,9,11,30,36,16,19,41,19,19,40,42,13,19,19,24,41,15,6,39,0,31,19,20,10,5,8,19,10,27,37,43,20,26,12,50,30,14,3,16,34,22,16,46,17,16,51,17,9,17,42,44,15,42,12,18,10,31,41,18,48,23,21,16,10,42,43,41
35,34,6,33,33,26,32,37,19,41,27,27,26,41,25,38,44,35,44,31,38,20,23,57,24,28,42,57,26,23,48,43,24,21,38,14,29,28,28,40,40,43,25,42,37,24,27,38,40,40,51,26,35,32,23,30,0,41,43,30,33,29,43,28,8,21,28,14,7,34,45,31,25,33,16,26,46,41,38,36,42,43,41,33,32,27,29,17,27,37,25,23,8,26,14,39,41,41,39,29,33,23,25
20,26,36,31,18,40,17,34,30,3,41,41,41,12,40,3,13,34,12,18,35,40,21,33,30,32,18,29,41,42,14,4,39,35,6,43,20,20,21,27,6,4,39,4,7,38,41,11,2,3,27,39,23,16,38,17,40,0,5,21,15,20,4,22,37,35,42,34,35,10,41,21,17,15,26,25,12,11,37,25,19,43,2,19,10,41,42,27,40,10,18,21,39,40,29,41,27,5,4,20,33,42,39
24,25,39,31,19,43,19,37,31,6,45,44,44,11,43,7,12,38,16,19,38,44,25,32,34,36,22,28,44,45,11,5,42,38,10,47,22,23,25,31,7,4,43,5,11,42,44,12,6,7,25,43,22,18,41,18,43,5,0,22,17,21,4,23,40,39,45,36,39,13,45,24,21,17,29,29,9,10,41,24,18,46,5,20,13,45,46,30,44,11,21,25,43,43,33,45,26,8,6,21,37,45,43
32,13,27,16,8,42,6,44,15,20,43,43,42,18,42,20,21,43,30,6,45,40,15,32,36,39,35,32,42,43,26,22,41,36,18,33,2,12,33,39,18,22,41,21,21,40,43,15,21,21,25,41,14,7,40,9,31,21,22,0,8,2,22,5,28,37,43,19,27,14,51,32,15,11,16,34,25,19,47,15,17,52,20,6,19,43,44,16,42,14,20,10,31,42,19,49,20,24,18,6,42,43,41
25,16,31,18,5,45,5,38,17,13,46,46,45,11,45,13,14,39,23,5,39,44,19,26,35,37,29,25,45,46,19,15,44,39,12,36,8,15,26,32,11,15,44,14,14,43,46,8,14,14,20,44,13,4,43,6,35,14,16,8,0,8,15,9,31,40,46,22,31,7,46,25,17,5,20,30,18,12,42,15,11,47,13,6,14,46,47,20,45,8,20,14,35,45,22,46,20,17,12,7,38,46,44
30,12,26,15,7,41,5,42,14,19,42,42,41,17,41,19,20,42,29,5,43,39,14,31,35,38,34,31,41,42,25,21,40,35,17,31,1,11,31,38,17,21,40,20,20,39,42,14,20,20,24,40,13,5,39,8,30,20,21,2,7,0,21,4,27,36,42,18,26,13,50,31,14,10,15,33,23,18,46,13,16,50,19,7,17,42,43,15,41,13,18,9,30,41,17,47,19,22,17,4,41,42,40
23,27,38,31,18,42,18,36,30,5,44,43,43,12,42,6,13,37,15,18,37,43,24,34,33,35,21,29,43,44,13,4,41,37,9,46,21,22,24,30,6,3,42,4,10,41,43,11,5,6,27,42,24,17,40,17,42,4,3,21,16,20,0,22,39,38,44,34,38,12,44,23,20,16,28,28,12,12,40,25,19,45,4,19,12,44,45,29,43,10,20,24,42,42,32,44,28,7,5,20,36,44,42
32,10,26,13,8,41,6,43,12,20,42,42,42,18,41,20,21,42,30,6,44,39,14,32,35,38,35,32,42,43,26,22,40,35,18,30,4,12,33,39,18,22,40,21,21,39,42,15,21,21,25,40,11,7,39,9,30,21,22,5,8,4,22,0,26,36,42,16,26,14,50,32,15,11,15,34,24,19,46,12,17,51,20,8,19,42,43,14,41,14,20,10,30,41,16,48,17,23,18,4,41,42,40
32,30,4,29,29,26,28,34,15,37,27,27,27,38,26,34,40,32,40,27,35,20,19,53,21,25,39,53,27,24,44,39,25,20,34,13,25,24,24,37,36,39,25,38,33,24,27,34,37,36,47,26,31,28,24,26,8,37,39,26,29,25,39,24,0,21,28,12,5,30,42,28,21,29,12,23,42,37,35,32,38,40,37,29,28,27,28,13,26,33,21,19,8,26,10,36,37,37,36,25,30,23,25
25,42,20,44,41,9,40,26,31,35,11,11,9,40,9,32,41,23,38,39,28,10,27,60,14,16,33,57,9,12,42,37,8,5,33,33,37,33,18,30,34,37,8,36,32,7,11,38,34,33,54,10,43,40,7,37,21,35,37,38,41,37,37,35,21,0,12,30,18,34,34,21,27,39,24,17,40,39,27,44,45,32,35,41,28,11,13,26,10,38,26,28,16,9,24,27,49,36,33,37,21,12,8
31,48,27,50,47,8,46,33,37,41,6,6,7,46,8,38,47,30,45,45,35,14,33,67,20,23,39,63,7,10,48,43,9,13,39,39,43,39,24,36,40,43,8,42,38,9,6,45,41,40,60,6,49,46,9,43,28,41,44,44,47,43,43,42,28,11,0,36,25,40,41,28,34,45,30,23,46,46,34,50,52,38,41,47,35,6,5,32,5,44,32,35,23,8,30,32,55,42,40,43,29,11,9
33,23,13,21,22,36,20,40,7,33,37,37,36,32,36,30,34,38,38,20,42,31,17,46,30,33,37,46,36,34,39,35,35,29,28,14,19,18,31,40,31,35,35,34,30,34,37,28,32,31,39,35,24,20,34,20,14,33,35,20,22,19,35,16,12,31,37,0,15,24,48,33,19,23,10,30,37,32,42,24,31,47,33,21,25,37,38,11,36,27,19,16,19,36,8,43,30,34,31,17,37,34,35
30,32,4,31,31,23,29,32,18,36,24,24,23,37,22,34,39,30,39,29,33,17,18,55,19,23,37,53,23,20,43,38,21,18,33,17,27,25,22,35,36,38,22,38,32,21,24,33,36,35,48,23,33,29,21,27,7,36,39,28,30,26,38,25,5,18,25,15,0,29,40,26,20,30,12,21,42,36,33,33,40,38,36,30,27,24,26,14,24,32,20,19,5,23,12,34,39,36,35,26,28,20,22
20,21,30,24,11,39,10,33,23,10,41,40,40,10,39,8,13,34,18,11,34,40,15,29,30,32,23,26,40,41,16,12,38,34,6,37,14,11,21,27,8,12,39,11,9,38,40,7,10,9,22,39,18,9,37,8,34,11,12,14,9,13,12,15,31,35,41,25,29,0,41,20,13,7,19,25,15,10,37,20,14,42,10,12,8,40,42,19,40,6,15,13,33,39,23,41,22,12,8,13,33,41,39
31,56,40,59,49,35,49,8,48,41,37,37,39,46,35,38,47,12,44,49,11,40,40,67,25,21,39,63,36,41,48,43,34,30,39,53,50,46,24,36,40,43,34,42,38,33,37,44,40,39,60,36,56,48,33,46,45,41,43,51,47,50,43,49,42,34,41,47,40,40,0,27,39,45,41,20,46,45,13,57,51,20,41,50,34,37,38,42,38,44,35,42,41,39,41,20,60,42,39,51,14,41,34
5,38,28,42,29,27,28,20,33,20,28,28,27,25,27,18,26,21,21,28,22,27,23,46,17,19,14,43,28,29,27,22,26,21,18,40,30,26,8,11,20,22,26,22,17,25,28,24,20,19,39,26,35,27,25,26,32,20,23,31,26,30,22,31,29,22,28,33,27,20,28,0,19,25,25,12,26,25,24,37,31,30,20,29,14,28,29,26,27,23,15,24,28,27,28,28,39,21,19,30,20,28,26
19,22,20,24,20,32,18,31,18,18,33,33,33,20,32,16,22,31,21,18,32,32,6,38,26,28,23,36,33,34,25,20,31,27,16,28,14,9,19,26,18,20,31,20,14,31,33,16,18,17,31,32,23,18,30,13,25,18,21,15,18,13,21,15,22,27,34,19,20,12,39,19,0,16,11,22,24,20,35,23,23,39,18,18,9,33,35,11,32,16,5,6,24,32,14,38,29,18,17,16,30,34,31
30,19,30,22,9,45,8,43,21,18,46,46,46,16,45,18,20,44,28,8,44,43,19,32,40,42,34,30,46,47,24,20,44,40,17,36,11,14,31,37,16,20,44,20,19,44,46,13,19,19,25,45,16,7,43,6,35,19,21,12,6,11,20,12,31,40,47,24,30,12,51,30,18,0,20,35,23,17,47,18,16,52,18,9,19,46,48,19,45,13,22,13,34,45,22,51,24,22,17,10,43,46,44
25,21,13,20,20,29,18,34,9,28,30,30,30,27,29,25,29,32,31,18,35,26,9,44,24,27,30,43,30,29,34,30,28,23,23,19,16,14,24,32,26,30,28,29,23,27,30,23,27,26,37,28,21,18,27,16,17,27,30,16,19,15,30,14,13,24,31,10,12,19,42,26,11,19,0,23,32,26,35,22,28,40,27,19,19,30,31,2,29,22,12,8,16,29,5,36,27,27,26,15,30,29,28
15,40,22,42,34,21,33,12,30,25,22,22,22,30,21,23,31,11,29,33,13,22,23,51,12,13,23,47,22,23,32,27,20,16,23,34,34,29,8,21,25,27,21,27,22,20,22,29,25,24,44,21,40,32,19,31,26,25,28,35,31,33,27,33,23,17,23,29,22,25,20,12,23,29,23,0,31,30,14,41,36,19,25,34,19,22,24,25,22,28,19,26,22,21,23,18,44,26,24,34,10,23,21
26,24,41,30,20,46,20,39,33,11,47,46,46,10,45,14,10,40,22,21,40,46,27,31,36,38,29,26,46,47,4,12,44,40,15,49,23,25,27,33,10,13,45,12,15,44,47,13,12,12,24,45,21,19,43,20,46,12,10,24,18,23,12,24,42,41,47,37,41,15,47,26,23,18,31,31,0,9,43,22,16,48,10,21,15,47,48,32,46,12,23,26,45,46,35,47,25,15,9,23,39,47,45
24,18,36,24,14,44,13,38,26,9,45,45,45,3,44,12,5,38,21,14,39,45,21,25,35,36,27,20,45,46,10,11,43,39,11,43,16,18,25,31,8,11,43,10,14,43,45,6,10,11,18,44,15,12,42,13,40,10,9,17,11,16,11,18,37,39,46,30,36,9,46,25,19,11,26,29,9,0,41,16,10,47,9,14,14,45,47,26,44,5,21,19,40,44,29,46,19,13,8,16,37,46,43
27,52,35,55,45,28,45,5,42,37,30,30,32,42,28,34,43,7,41,45,8,33,36,63,18,14,35,59,28,35,44,39,27,23,35,47,46,42,20,32,36,39,27,38,34,26,30,41,36,36,56,29,52,44,26,43,39,37,39,47,43,46,39,46,36,27,34,41,34,36,13,24,35,41,35,14,42,42,0,54,48,9,37,46,31,30,31,37,31,40,32,38,35,32,36,9,56,38,35,47,7,34,27
37,7,33,11,12,48,15,50,19,24,49,49,49,14,48,24,20,49,35,14,51,46,22,25,43,46,41,27,49,50,25,26,47,43,24,37,14,20,38,44,23,26,47,25,26,47,49,18,25,26,18,48,5,12,46,19,37,25,24,15,15,13,26,11,33,43,50,23,33,20,58,37,23,18,22,41,23,17,53,0,9,58,24,16,26,49,51,22,48,17,27,18,37,48,24,55,8,28,22,12,48,49,47
31,14,38,18,11,51,13,44,26,18,52,52,51,8,51,18,14,45,29,13,45,51,26,16,41,43,34,18,51,52,18,20,50,45,17,44,16,22,32,38,16,20,50,19,20,49,52,12,19,19,9,50,11,11,49,14,43,19,18,17,12,16,20,17,39,46,52,30,38,13,52,31,24,12,27,36,17,11,48,10,0,53,18,15,20,52,53,27,51,11,26,21,42,51,30,52,10,22,16,16,44,52,50
33,57,39,60,51,32,50,12,47,42,34,34,36,48,31,40,49,13,46,51,15,38,41,68,23,19,41,65,32,39,49,44,30,28,41,51,51,47,26,38,42,44,31,44,39,30,34,46,42,41,61,32,57,49,29,48,43,43,45,52,48,51,45,50,40,32,38,46,39,42,20,29,40,47,40,19,48,47,9,58,53,0,42,52,36,34,34,42,34,45,37,43,39,36,40,12,61,43,41,51,11,39,31
21,25,37,30,17,41,16,35,29,3,42,42,42,11,41,4,12,35,13,16,36,41,22,32,31,33,19,28,42,43,13,3,40,35,7,44,19,21,22,28,5,3,40,2,9,39,42,10,3,5,26,40,22,15,39,16,41,2,3,20,14,19,3,20,38,36,43,33,36,11,42,22,18,14,27,26,11,10,38,24,18,44,0,17,11,42,43,28,41,9,19,22,40,41,30,42,26,5,3,18,34,43,40
28,14,30,16,4,44,1,41,15,16,45,45,45,14,44,16,17,42,26,3,42,43,18,28,38,40,32,28,45,46,22,18,43,39,15,33,6,15,29,35,14,18,44,17,17,43,45,11,17,17,21,44,13,3,42,8,33,17,19,6,4,5,18,7,29,40,46,20,29,10,49,28,19,7,18,33,21,15,45,14,13,50,16,0,17,45,47,18,45,11,23,13,33,44,20,49,20,20,15,5,41,46,44
14,26,28,29,18,34,17,27,25,10,35,35,34,15,34,7,16,28,14,17,28,34,13,35,24,26,17,32,34,35,17,12,33,28,8,35,17,13,15,21,9,12,33,11,7,32,35,13,9,8,28,33,24,16,32,15,32,10,12,18,15,17,12,18,29,29,35,26,27,9,35,14,9,13,18,19,15,14,31,26,20,36,10,18,0,35,36,19,34,12,10,14,32,34,22,35,28,10,8,19,27,35,33
31,48,26,50,47,6,45,30,37,41,1,1,7,46,5,38,47,26,44,45,32,16,33,66,20,23,39,63,4,14,47,42,6,12,39,39,43,39,24,36,40,43,6,42,38,6,1,44,40,39,59,4,49,45,5,43,28,41,43,44,47,43,43,41,27,11,6,36,25,40,37,27,33,45,30,22,46,45,30,49,51,34,40,47,34,0,3,32,2,43,32,34,22,8,30,28,55,41,39,42,25,14,5
32,49,27,51,48,8,47,30,38,42,3,3,8,47,7,39,48,27,46,46,32,18,34,68,21,24,40,64,6,15,49,44,8,14,40,40,44,40,25,37,41,44,8,43,39,7,3,45,41,41,61,6,50,47,7,44,29,42,44,45,48,44,44,43,29,12,5,37,26,41,38,28,35,46,31,24,47,47,30,51,52,34,42,48,36,3,0,33,3,45,33,36,24,9,31,28,56,43,40,44,25,15,7
27,21,14,21,20,30,19,35,10,28,31,31,31,28,30,26,30,33,32,18,36,27,10,44,25,28,31,43,31,30,34,30,29,24,24,20,16,15,26,34,27,30,29,30,25,29,31,24,28,27,38,30,22,19,28,16,18,29,31,17,20,16,30,15,14,26,32,10,13,20,43,27,13,19,4,24,33,27,37,23,29,41,28,20,20,31,33,0,31,23,13,9,17,30,5,37,28,29,27,16,31,30,29
30,47,25,49,46,6,45,30,36,40,2,2,6,45,6,37,46,27,43,44,32,16,32,65,19,22,38,62,4,12,47,42,6,11,38,38,42,38,23,35,39,42,7,41,37,6,2,43,39,38,59,4,48,45,6,42,27,40,42,43,46,42,42,41,26,10,5,35,24,39,38,26,32,44,29,22,45,44,31,49,50,34,40,46,33,2,3,31,0,43,31,34,21,7,29,28,54,41,38,42,25,13,5
23,18,33,24,11,43,10,37,23,9,44,44,44,7,43,9,11,37,19,10,38,44,18,26,34,35,25,21,44,45,15,11,42,38,8,40,13,15,24,31,7,11,42,10,13,42,44,2,10,10,19,43,15,9,41,10,38,10,11,13,8,13,11,14,34,39,45,27,33,6,45,24,16,8,23,29,14,8,41,17,11,46,9,11,12,44,46,23,44,0,18,16,37,43,26,45,19,12,7,12,36,45,43
15,25,21,28,24,31,23,28,19,19,32,32,32,23,31,16,25,28,22,22,29,31,9,41,23,26,20,38,32,33,26,20,30,26,17,28,18,14,16,22,18,21,30,20,14,30,32,19,18,17,34,31,26,22,29,18,25,18,21,19,21,18,21,19,22,26,33,20,20,15,36,16,5,19,11,19,24,22,32,27,26,36,18,23,10,32,34,12,31,18,0,10,25,31,15,35,32,19,17,20,27,33,30
24,17,19,19,16,33,14,35,14,21,34,34,34,21,33,19,23,34,26,14,36,32,6,39,28,31,28,36,34,35,27,23,32,28,17,25,10,7,25,31,19,23,32,23,19,32,34,17,21,20,32,33,18,14,31,9,23,21,24,11,14,9,23,10,19,28,35,15,18,13,43,24,6,12,8,26,26,20,38,18,23,43,21,15,14,34,36,7,34,16,10,0,22,33,11,40,24,22,20,11,33,34,32
31,36,7,36,35,20,33,33,22,41,22,22,21,41,20,38,43,31,43,33,34,14,22,59,20,24,39,57,21,18,47,42,19,15,38,20,31,29,24,36,40,43,19,42,36,19,22,37,40,39,52,20,37,33,18,31,8,40,43,32,35,30,43,29,9,15,22,19,5,33,41,27,24,34,16,23,46,41,35,37,44,40,40,34,32,22,23,18,21,36,25,23,0,20,16,36,43,40,39,30,30,17,19
29,46,24,48,45,9,43,30,35,39,8,8,4,44,9,36,45,27,42,43,32,14,31,64,18,20,37,61,8,16,46,41,9,9,37,37,41,37,22,34,38,41,9,40,36,9,8,42,38,37,57,7,47,44,8,41,25,39,41,42,45,41,41,39,25,8,9,34,22,38,38,25,31,43,28,20,44,43,31,47,49,35,38,45,32,8,10,30,8,41,30,32,20,0,28,30,53,40,37,41,25,15,9
28,23,13,22,22,30,20,34,8,31,31,31,30,30,30,28,32,32,34,20,36,27,12,46,24,27,33,45,30,30,37,33,29,24,27,16,18,16,25,35,29,33,29,32,26,28,31,26,30,29,39,29,23,20,28,18,15,30,33,18,21,17,33,16,11,25,31,8,12,22,42,29,14,21,5,24,35,30,36,24,30,41,31,21,22,31,32,6,30,25,15,12,16,30,0,37,29,31,29,17,31,29,29
31,54,35,56,49,26,49,13,43,41,28,28,30,46,25,38,47,12,45,49,16,34,38,67,19,14,39,63,26,35,48,43,24,24,39,47,49,44,24,36,40,43,25,42,38,24,28,45,40,40,60,27,55,48,24,47,39,41,43,50,47,49,43,47,36,28,32,42,35,40,21,28,38,45,36,18,46,46,9,55,52,11,41,50,35,28,28,38,28,44,35,40,35,31,36,0,60,42,39,48,9,35,25
39,14,39,14,17,54,20,52,25,26,55,54,54,17,53,27,22,53,37,19,54,52,27,26,48,51,43,28,54,55,27,28,52,48,26,42,19,26,40,46,25,28,53,27,29,52,55,20,27,28,19,53,12,18,51,22,42,27,26,20,20,19,28,16,38,49,55,29,38,22,60,39,28,20,28,44,26,19,56,8,10,62,26,21,28,55,56,27,54,19,32,23,42,53,29,60,0,30,25,18,52,55,53
20,29,37,33,20,41,19,35,32,7,42,42,42,14,41,4,15,35,11,19,36,42,22,36,32,33,17,31,42,43,16,6,40,36,7,44,22,21,22,28,8,6,40,6,8,40,42,13,6,6,29,41,26,18,39,18,41,5,7,23,17,22,7,23,38,37,43,35,36,12,43,22,18,17,27,26,15,14,38,28,22,44,6,20,11,42,44,28,42,12,19,22,40,41,30,43,30,0,7,21,34,43,40
20,24,35,28,15,40,15,33,27,2,41,40,40,9,39,5,10,34,14,15,34,40,21,31,30,32,20,27,40,41,11,4,38,34,7,43,18,19,21,27,3,4,39,3,9,38,41,8,3,4,24,39,21,14,37,14,39,3,4,18,13,17,4,19,36,35,41,32,35,9,41,20,17,13,25,25,10,9,37,23,17,42,2,16,9,41,42,26,40,8,17,21,39,40,29,41,25,6,0,17,33,41,39
31,11,27,14,7,42,6,44,13,19,43,43,42,17,42,19,21,43,30,5,45,40,15,31,36,39,35,31,42,43,25,21,41,36,18,31,5,14,32,38,17,21,41,21,20,40,43,15,21,20,25,41,12,6,40,11,31,20,22,6,7,5,21,5,27,37,43,17,27,13,51,31,17,11,16,34,24,18,47,13,16,52,19,7,20,43,44,15,42,14,20,12,31,42,17,49,18,23,18,0,42,43,41
23,48,29,49,41,22,41,7,37,33,24,25,26,38,22,30,39,4,37,41,9,28,31,59,12,8,31,55,23,29,40,35,21,17,31,41,42,37,16,29,32,35,21,34,30,21,25,37,33,32,52,23,48,40,20,39,33,33,36,43,39,41,35,41,30,21,29,36,28,32,15,20,30,37,30,10,38,38,7,49,44,11,33,42,27,24,25,32,25,36,27,34,29,26,30,9,52,34,32,42,0,29,21
31,48,21,48,47,16,46,34,36,41,14,14,15,46,16,39,47,31,45,45,35,4,33,67,21,23,39,63,15,1,48,43,15,13,39,35,43,39,24,37,40,43,15,43,38,15,14,45,41,40,60,14,49,46,14,43,23,41,44,44,47,43,43,42,23,11,11,33,20,40,41,28,34,45,29,23,47,46,34,50,52,39,41,47,35,14,15,31,13,44,33,35,17,16,29,35,55,42,40,43,29,0,15
29,46,24,48,45,2,44,26,35,39,5,5,7,44,1,36,45,23,42,43,28,14,31,64,18,20,37,61,2,16,46,41,2,9,37,37,41,37,22,34,38,41,2,40,36,2,5,42,38,37,58,3,47,44,2,41,25,39,41,42,45,41,41,39,25,8,9,34,22,38,34,25,31,43,28,20,44,43,27,47,49,31,39,45,32,5,7,30,5,41,30,32,20,8,28,25,53,40,37,41,21,16,0
