Name: ber-n5-m4-c2-OD-small
Type: GPDPOD-IMC
Commodity type: 4
Compartment num: 2
CapacityHD: 100
VehicleHDs: 2
CapacityOD: 50
VehicleODs: 1
ID Xc Yc DEMAND StartT EndT SerT PairedID
0,52.4517877,13.3258861,[0, 0, 0, 0],0,240,0,0
1,52.4905608,13.5364526,[14, 6, 2, 8],96,216,5,3
2,52.4927163,13.5137877,[14, 6, 2, 7],23,143,5,4
3,52.5741403,13.5151341,[-14, -6, -2, -8],121,203,5,1
4,52.445441,13.4986863,[-14, -6, -2, -7],44,164,5,2
StartID EndID StartX StartY EndX EndY StartT EndT
5,6,52.5594006,13.4977269,52.4347539,13.7157242,81,441
edge
0,29,30,37,20,31,45
30,0,6,20,15,16,29
31,7,0,20,16,15,31
37,21,19,0,30,7,45
21,14,15,29,0,25,30
33,16,15,7,25,0,41
46,29,31,45,30,41,0
