Name: ber-n30-m4-c2-OD-small
Type: GPDPOD-IMC
Commodity type: 4
Compartment num: 2
CapacityHD: 100
VehicleHDs: 10
CapacityOD: 50
VehicleODs: 6
ID Xc Yc DEMAND StartT EndT SerT PairedID
0,52.4517877,13.3258861,[0, 0, 0, 0],0,240,0,0
1,52.4870209,13.5320217,[14, 6, 2, 32],103,223,5,16
2,52.4761791,13.5219246,[7, 2, 1, 9],1,121,5,17
3,52.4353736,13.4814957,[7, 2, 1, 15],82,202,5,18
4,52.4471834,13.4529372,[14, 6, 2, 33],0,101,5,19
5,52.4160947,13.4991712,[7, 2, 1, 11],0,240,5,20
6,52.4927163,13.5137877,[14, 6, 2, 7],23,143,5,21
7,52.5041733,13.4497759,[14, 6, 2, 24],5,125,5,22
8,52.5497747,13.1712069,[3, 1, 0, 7],92,212,5,23
9,52.4866147,13.5354853,[7, 2, 1, 17],0,240,5,24
10,52.4308234,13.4770584,[14, 6, 2, 25],10,130,5,25
11,52.4911239,13.4800456,[14, 6, 2, 17],48,168,5,26
12,52.4354935,13.4803357,[7, 2, 1, 5],5,125,5,27
13,52.4352535,13.4622307,[14, 6, 2, 16],0,109,5,28
14,52.4371772,13.4658802,[7, 2, 1, 9],20,140,5,29
15,52.5113082,13.5208665,[7, 2, 1, 18],4,124,5,30
16,52.537683,13.5869203,[-14, -6, -2, -32],126,200,5,1
17,52.4851616,13.6168526,[-7, -2, -1, -9],27,147,5,2
18,52.6070266,13.2990105,[-7, -2, -1, -15],126,213,5,3
19,52.6350995,13.2966483,[-14, -6, -2, -33],46,166,5,4
20,52.5534562,13.4463303,[-7, -2, -1, -11],0,240,5,5
21,52.445441,13.4986863,[-14, -6, -2, -7],44,164,5,6
22,52.5714697,13.3435558,[-14, -6, -2, -24],32,152,5,7
23,52.4400522,13.2393985,[-3, -1, 0, -7],126,226,5,8
24,52.4378443,13.487082,[-7, -2, -1, -17],0,240,5,9
25,52.4951925,13.5548604,[-14, -6, -2, -25],40,160,5,10
26,52.476681,13.5092996,[-14, -6, -2, -17],65,185,5,11
27,52.6166839,13.2287476,[-7, -2, -1, -5],59,179,5,12
28,52.5697274,13.3219033,[-14, -6, -2, -16],41,161,5,13
29,52.4864565,13.5158714,[-7, -2, -1, -9],43,163,5,14
30,52.6358787,13.2730891,[-7, -2, -1, -18],53,173,5,15
StartID EndID StartX StartY EndX EndY StartT EndT
31,37,52.4399829,13.5670271,52.4046754,13.572533,129,462
32,38,52.6115016,13.2447857,52.5283096,13.1967646,105,465
33,39,52.6004651,13.2417933,52.5845909,13.3340929,77,494
34,40,52.4912853,13.5263029,52.5493431,13.4544507,11,440
35,41,52.4257025,13.494234,52.4274721,13.4864184,72,456
36,42,52.4326493,13.4969351,52.5707958,13.4425,5,470
edge
0,27,25,18,16,22,30,23,29,28,19,25,18,18,18,31,40,38,28,35,27,20,24,14,19,35,23,32,21,28,34,25,30,29,28,20,18,29,24,25,27,19,29
28,0,4,17,17,19,5,15,46,1,18,15,17,18,17,6,18,19,41,45,20,13,32,37,18,12,7,45,33,4,47,13,43,43,3,17,15,20,41,34,18,16,22
25,5,0,14,14,16,8,15,43,6,15,15,14,15,14,9,20,20,42,47,22,10,34,34,15,14,5,46,34,6,48,12,44,43,6,14,12,18,38,36,20,13,24
19,17,15,0,6,7,20,19,38,18,3,19,2,5,4,21,32,27,36,43,29,7,33,28,4,24,14,40,30,18,42,13,38,38,18,5,4,16,33,33,29,4,31
17,16,15,7,0,9,19,16,35,17,6,16,6,4,4,20,32,27,34,41,26,9,30,26,8,25,13,38,27,18,40,15,36,35,17,8,7,18,30,31,26,7,28
24,18,17,7,9,0,21,23,42,19,5,23,7,7,8,23,33,26,41,48,33,9,37,33,8,23,17,45,34,20,47,12,43,42,19,5,5,14,37,38,33,5,35
31,5,7,20,20,22,0,13,47,6,21,12,20,21,20,6,18,20,40,44,19,16,31,40,21,13,10,44,31,5,46,17,42,41,4,20,18,24,43,33,18,19,22
23,14,15,19,17,23,11,0,38,15,20,6,19,19,19,12,23,26,31,36,14,17,22,32,20,19,13,35,23,14,38,21,33,33,13,21,19,25,33,25,14,20,16
27,45,43,36,34,40,46,37,0,46,37,40,36,36,36,43,50,56,27,34,32,37,24,29,37,50,41,25,21,46,33,43,25,21,46,38,36,46,7,25,34,37,34
29,1,5,18,18,20,6,16,47,0,18,15,18,19,18,7,18,19,42,46,20,14,32,38,19,13,8,46,33,5,48,14,44,43,4,18,16,21,42,35,19,17,22
20,17,15,4,5,5,20,19,38,18,0,19,4,3,3,21,32,28,37,44,29,7,33,29,5,25,15,40,30,18,43,13,38,38,18,4,4,16,33,33,29,3,31
25,14,14,18,16,22,11,5,41,14,19,0,18,18,18,12,23,26,35,39,17,16,26,34,19,19,12,39,26,13,41,21,37,36,13,20,18,24,37,28,16,20,20
19,16,15,2,6,7,19,19,38,17,3,19,0,4,3,21,32,27,36,43,28,7,33,28,4,24,14,40,30,18,42,13,38,38,18,5,4,16,33,33,28,4,31
18,18,16,5,4,7,21,19,38,19,4,19,4,0,2,22,33,29,36,43,28,8,33,28,7,26,15,40,30,19,42,15,38,38,19,7,7,19,33,33,28,5,31
19,17,15,4,4,7,20,19,38,18,4,19,3,3,0,21,32,28,36,43,28,7,33,28,6,25,14,40,30,18,42,15,38,38,18,7,7,19,33,33,28,5,30
33,8,9,23,22,24,7,13,45,8,23,13,23,23,23,0,12,17,38,42,15,18,29,42,23,11,13,42,30,9,44,20,40,40,7,22,20,26,42,31,14,21,18
40,17,19,33,32,33,17,23,50,18,33,23,32,33,33,12,0,17,44,46,19,28,33,49,33,13,23,47,35,19,48,23,45,45,17,32,30,30,48,35,18,31,22
39,18,20,27,28,26,20,26,58,19,27,26,28,28,28,16,17,0,51,55,29,23,41,48,28,12,20,55,42,21,57,17,53,52,19,27,25,24,53,44,28,26,32
27,41,43,36,34,39,40,32,28,42,36,35,35,36,35,37,44,51,0,10,26,37,14,30,36,44,41,13,12,43,9,43,11,10,40,37,36,46,26,10,28,37,27
34,46,48,42,40,46,45,37,34,47,43,41,42,42,42,42,48,56,10,0,30,44,17,36,43,49,47,16,18,48,5,50,15,17,45,44,42,53,33,14,32,44,30
28,20,21,29,27,33,19,15,34,20,30,16,29,29,28,16,20,29,27,30,0,27,16,35,30,23,21,31,18,21,32,32,29,28,19,31,30,35,32,18,3,31,5
21,12,10,7,10,9,15,17,39,13,8,17,7,8,7,16,27,23,38,45,28,0,34,30,8,20,10,41,31,13,44,12,39,39,13,7,5,15,34,34,26,6,30
23,32,33,32,30,35,31,23,25,32,33,26,31,32,32,28,33,42,14,17,15,33,0,26,32,35,32,18,6,33,19,39,16,16,31,34,32,42,23,5,17,33,16
14,36,35,28,26,31,39,33,31,37,28,34,27,28,27,40,49,48,30,37,34,29,26,0,28,45,33,34,23,38,36,35,32,31,37,29,28,38,26,27,36,29,36
20,17,15,4,8,8,20,20,38,18,5,20,4,6,6,21,32,27,37,44,29,8,33,29,0,24,15,41,31,18,43,13,39,38,18,6,4,16,33,34,29,5,31
36,12,14,24,25,23,13,19,51,13,25,19,25,25,25,9,13,12,44,48,22,20,35,45,25,0,18,48,36,15,50,14,46,46,13,24,22,21,48,37,21,23,25
30,8,6,19,19,21,11,14,48,9,20,14,19,20,19,12,23,24,42,47,22,15,33,39,20,17,0,46,34,9,48,17,44,44,9,19,17,23,43,35,20,18,24
31,45,47,39,37,43,44,36,26,46,40,39,39,39,39,41,48,55,13,16,30,41,18,33,40,48,45,0,15,46,14,47,5,6,44,41,39,50,26,16,32,41,31
21,33,34,30,28,33,32,23,23,33,30,27,29,30,29,29,36,43,12,18,18,31,6,24,30,36,33,15,0,34,18,37,13,13,32,31,30,40,21,6,20,31,19
29,4,5,19,18,20,5,15,48,5,19,14,19,19,19,8,19,22,42,46,21,14,32,38,19,15,9,46,33,0,48,16,44,43,5,18,16,22,43,35,20,17,24
33,47,49,42,40,45,46,38,34,48,42,41,41,42,41,43,49,57,9,6,31,43,19,36,42,50,47,14,18,49,0,49,13,16,46,43,42,52,32,15,33,43,31
29,13,13,15,18,14,17,21,48,14,15,21,16,17,17,18,23,17,46,53,30,12,41,38,16,14,13,50,40,16,52,0,48,48,15,15,13,9,43,43,29,14,33
29,43,44,37,35,41,42,34,25,44,38,37,37,37,37,39,46,53,11,16,28,39,16,31,38,46,43,5,13,44,13,45,0,5,42,39,37,48,25,14,30,39,29
28,42,44,37,35,41,41,33,22,43,38,36,37,37,37,38,45,52,10,17,27,38,15,31,38,46,42,6,13,44,16,44,5,0,42,39,37,47,22,13,30,38,28
28,3,4,18,17,19,5,15,47,3,18,15,18,18,18,6,17,20,41,45,19,13,32,37,18,13,8,45,32,4,47,15,43,42,0,17,15,21,42,34,18,16,22
21,16,14,5,8,4,19,21,39,17,4,21,5,6,7,20,31,26,38,45,30,7,34,30,6,23,14,42,32,17,44,12,40,39,17,0,3,15,35,35,30,3,32
19,13,12,5,8,6,16,18,37,14,5,18,5,7,7,18,29,24,36,43,28,4,32,28,5,21,12,40,29,15,42,9,38,37,15,4,0,12,32,33,28,3,30
30,20,18,16,19,14,23,25,48,21,16,25,16,18,19,24,30,24,47,54,36,15,43,39,16,21,18,51,41,21,53,9,49,48,21,15,13,0,43,44,34,15,38
24,41,39,32,30,36,43,34,8,42,33,37,32,32,32,41,49,52,26,33,31,34,23,25,33,48,38,26,20,42,32,39,25,22,42,34,32,43,0,24,33,33,33
24,34,36,32,30,36,33,25,25,35,33,29,32,32,32,30,36,44,10,13,18,34,5,26,33,37,35,16,6,36,15,39,14,13,33,34,32,43,23,0,20,33,18
27,19,20,28,25,32,18,13,34,19,28,15,28,27,27,15,19,28,27,30,3,26,16,35,29,22,20,31,18,20,32,31,29,28,18,30,28,34,32,18,0,29,7
21,15,14,4,7,4,18,20,39,16,3,20,4,5,5,20,31,26,38,45,30,6,34,30,5,23,14,42,31,17,44,11,40,39,16,3,2,14,34,35,30,0,32
30,22,24,32,29,35,21,17,35,23,32,18,32,31,31,18,22,32,27,29,5,30,16,36,32,25,23,31,19,23,31,34,29,28,21,34,32,38,33,18,7,33,0
