Name: ber-n15-m4-c3-OD-small
Type: GPDPOD-IMC
Commodity type: 4
Compartment num: 3
CapacityHD: 100
VehicleHDs: 4
CapacityOD: 50
VehicleODs: 3
ID Xc Yc DEMAND StartT EndT SerT PairedID
0,52.4517877,13.3258861,[0, 0, 0, 0],0,240,0,0
1,52.450453,13.4470665,[14, 6, 2, 34],56,176,5,8
2,52.4266618,13.6889283,[7, 2, 1, 9],22,142,5,9
3,52.6162206,13.2296805,[7, 2, 1, 8],39,159,5,10
4,52.4911239,13.4800456,[14, 6, 2, 17],48,168,5,11
5,52.6126067,13.2331482,[7, 2, 1, 13],103,223,5,12
6,52.4202048,13.386066,[7, 2, 1, 16],24,144,5,13
7,52.4024818,13.5095673,[14, 6, 2, 11],0,99,5,14
8,52.4556379,13.5817774,[-14, -6, -2, -34],87,207,5,1
9,52.4340296,13.5057526,[-7, -2, -1, -9],56,176,5,2
10,52.4257713,13.4866372,[-7, -2, -1, -8],84,204,5,3
11,52.476681,13.5092996,[-14, -6, -2, -17],65,185,5,4
12,52.387641,13.403541,[-7, -2, -1, -13],153,221,5,5
13,52.5171348,13.2892916,[-7, -2, -1, -16],52,172,5,6
14,52.5869354,13.2828903,[-14, -6, -2, -11],58,178,5,7
StartID EndID StartX StartY EndX EndY StartT EndT
15,18,52.5090707,13.5007129,52.4351044,13.5125438,55,493
16,19,52.4839823,13.5293803,52.4534737,13.5180366,98,458
17,20,52.6087709,13.4335265,52.4522848,13.1454437,76,463
edge
0,16,42,32,25,30,12,25,30,19,19,23,19,14,24,29,26,37,22,22,36
16,0,32,37,17,36,14,14,20,9,9,13,17,20,30,22,16,34,11,12,42
44,33,0,65,36,63,42,32,19,26,28,27,44,47,57,35,27,56,28,22,69
31,37,63,0,39,3,39,46,51,40,40,45,46,21,11,39,45,30,43,43,42
25,17,35,39,0,37,25,25,22,17,19,12,30,26,31,10,14,27,19,14,50
29,36,62,3,38,0,37,45,50,39,39,43,44,20,10,38,44,29,42,42,40
12,15,41,40,25,39,0,20,30,18,15,24,10,23,32,30,27,40,21,21,45
26,14,32,47,26,46,20,0,21,10,7,19,22,30,39,27,20,45,13,14,51
31,20,19,52,22,50,30,21,0,15,18,12,33,34,44,19,11,41,17,11,56
20,9,26,41,18,39,18,10,15,0,4,12,21,23,33,20,12,39,5,6,45
21,9,28,42,21,41,15,6,18,5,0,14,17,25,35,22,15,40,8,9,47
30,19,31,46,14,45,30,24,16,16,18,0,33,33,39,13,7,33,18,13,55
19,18,44,47,30,46,10,22,32,20,17,27,0,30,40,35,29,47,23,23,52
14,21,46,21,27,19,22,29,34,23,24,28,29,0,13,29,30,27,26,26,28
24,30,56,11,32,10,32,39,44,33,33,37,39,14,0,32,38,23,36,36,35
31,23,34,41,11,39,31,27,18,19,21,12,36,30,33,0,8,26,21,16,53
27,16,27,45,15,44,27,21,11,13,15,7,30,30,38,9,0,31,15,10,52
36,35,56,31,26,30,39,45,40,38,39,31,46,26,23,24,30,0,40,35,50
23,12,27,43,20,42,21,13,17,5,7,13,23,26,36,21,14,41,0,8,48
23,13,22,44,15,43,21,14,11,7,9,8,23,27,37,16,9,36,9,0,49
35,42,68,42,50,40,43,51,56,45,45,49,50,28,35,52,52,51,47,48,0
