Name: ber-n5-m4-c3-OD-small
Type: GPDPOD-IMC
Commodity type: 4
Compartment num: 3
CapacityHD: 100
VehicleHDs: 2
CapacityOD: 50
VehicleODs: 1
ID Xc Yc DEMAND StartT EndT SerT PairedID
0,52.4517877,13.3258861,[0, 0, 0, 0],0,240,0,0
1,52.4320784,13.5042273,[7, 2, 1, 12],64,184,5,3
2,52.4469629,13.3080423,[14, 6, 2, 15],97,217,5,4
3,52.5423419,13.5553642,[-7, -2, -1, -12],96,204,5,1
4,52.4097711,13.3493197,[-14, -6, -2, -15],114,229,5,2
StartID EndID StartX StartY EndX EndY StartT EndT
5,6,52.4835609,13.5003318,52.510713,13.4533062,86,476
edge
0,19,3,36,11,25,23
21,0,21,27,23,14,21
3,19,0,36,12,25,24
36,27,37,0,42,18,17
11,22,13,42,0,29,29
29,16,29,19,33,0,10
24,20,24,16,29,9,0
